dataset,shift,estimator,scorer,type,target_accuracy-test-mean,target_accuracy-test-std,target_accuracy-test-identity,target_balanced_accuracy-test-mean,target_balanced_accuracy-test-std,target_balanced_accuracy-test-identity,target_f1_score-test-mean,target_f1_score-test-std,target_f1_score-test-identity,target_roc_auc_score-test-mean,target_roc_auc_score-test-std,target_roc_auc_score-test-identity,params
Simulated,concept_drift,CORAL,circular_validation,Mapping,0.6635,0.0295187087567642,"[0.63125, 0.64375, 0.7, 0.65, 0.6625, 0.69375, 0.69375, 0.71875, 0.63125, 0.7, 0.60625, 0.7, 0.65, 0.66875, 0.68125, 0.6625, 0.625, 0.65625, 0.65, 0.69375, 0.6625, 0.6125, 0.65, 0.66875, 0.675]",0.6635,0.029518708756764208,"[0.63125, 0.64375, 0.7, 0.65, 0.6625000000000001, 0.69375, 0.69375, 0.71875, 0.63125, 0.7, 0.60625, 0.7, 0.65, 0.66875, 0.68125, 0.6625, 0.625, 0.65625, 0.65, 0.69375, 0.6625, 0.6125, 0.65, 0.66875, 0.675]",0.6258118382491888,0.039308370751956756,"[0.5818383167220377, 0.5960132890365448, 0.6754563894523326, 0.6011396011396011, 0.6226415094339622, 0.6620543988965041, 0.6699086354258769, 0.6968548692686625, 0.5818383167220377, 0.6729688298415943, 0.5534883720930233, 0.6799999999999999, 0.6050079351084465, 0.6312883168833427, 0.6511478773887391, 0.6291208791208792, 0.5767942161876213, 0.6173746684638463, 0.6121212121212121, 0.6674443266171792, 0.625974025974026, 0.5584045584045583, 0.6086652690426275, 0.6279233030582247, 0.6398268398268397]",0.6635,0.02951870875676423,"[0.63125, 0.64375, 0.7000000000000001, 0.65, 0.6625, 0.69375, 0.69375, 0.71875, 0.63125, 0.7000000000000001, 0.60625, 0.7, 0.65, 0.6687500000000001, 0.68125, 0.6625000000000001, 0.625, 0.65625, 0.65, 0.69375, 0.6625000000000001, 0.6124999999999999, 0.6499999999999999, 0.66875, 0.6750000000000002]","{'coraladapter__reg': ['auto'], 'finalestimator__estimator_name': ['SVC']}"
Simulated,concept_drift,DASVM,circular_validation,Other,0.6475,0.028298078556679408,"[0.64375, 0.6375, 0.7, 0.6, 0.64375, 0.6625, 0.6875, 0.7125, 0.6625, 0.675, 0.61875, 0.63125, 0.6375, 0.60625, 0.66875, 0.6125, 0.63125, 0.64375, 0.65625, 0.6375, 0.675, 0.61875, 0.65625, 0.63125, 0.6375]",0.6475,0.028298078556679415,"[0.64375, 0.6375, 0.7, 0.6, 0.64375, 0.6625000000000001, 0.6875, 0.7125, 0.6625, 0.675, 0.6187499999999999, 0.63125, 0.6375, 0.6062500000000001, 0.66875, 0.6125, 0.63125, 0.64375, 0.65625, 0.6375, 0.675, 0.61875, 0.65625, 0.63125, 0.6375]",0.6036535108170613,0.03974019861494921,"[0.5998420429116756, 0.586894586894587, 0.6729688298415943, 0.5293252436109579, 0.5960132890365448, 0.6226415094339622, 0.6643732169827152, 0.6889790398918187, 0.6291208791208792, 0.6428571428571429, 0.5717607827651265, 0.5895473716248533, 0.586894586894587, 0.5392842451665981, 0.6344670028880556, 0.5584045584045583, 0.5818383167220377, 0.5998420429116756, 0.6173746684638463, 0.5909010756480338, 0.6428571428571429, 0.5676633444075304, 0.6173746684638463, 0.5732175957321759, 0.586894586894587]",0.6475,0.0282980785566794,"[0.6437499999999999, 0.6375000000000001, 0.7000000000000001, 0.6, 0.64375, 0.6625, 0.6875, 0.7125, 0.6625000000000001, 0.6749999999999999, 0.61875, 0.63125, 0.6375000000000001, 0.6062500000000002, 0.66875, 0.6124999999999999, 0.63125, 0.6437499999999999, 0.65625, 0.6375000000000001, 0.6749999999999999, 0.6187499999999999, 0.65625, 0.63125, 0.6375000000000001]","{'dasvmclassifier__base_estimator__estimator_name': ['SVC'], 'dasvmclassifier__max_iter': [200]}"
Simulated,concept_drift,JDOT,circular_validation,Other,0.81575,0.03385592944128598,"[0.76875, 0.7875, 0.8375, 0.8, 0.83125, 0.825, 0.80625, 0.85, 0.83125, 0.83125, 0.83125, 0.78125, 0.8375, 0.925, 0.81875, 0.79375, 0.78125, 0.8, 0.7875, 0.80625, 0.85, 0.76875, 0.78125, 0.83125, 0.83125]",0.81575,0.033855929441285966,"[0.76875, 0.7875000000000001, 0.8375, 0.8, 0.83125, 0.825, 0.8062499999999999, 0.85, 0.83125, 0.83125, 0.83125, 0.78125, 0.8375, 0.925, 0.81875, 0.79375, 0.78125, 0.8, 0.7875, 0.8062499999999999, 0.85, 0.76875, 0.78125, 0.83125, 0.83125]",0.8154740951061052,0.03402452914799192,"[0.7687409664440018, 0.7869674185463659, 0.8372711625723674, 0.7994987468671679, 0.8312434079456228, 0.825, 0.8061818608104412, 0.85, 0.8311906529639327, 0.8312434079456228, 0.8311906529639327, 0.7802111542839201, 0.8375, 0.9249882794186592, 0.8181746933657275, 0.7923793794974637, 0.7811730686569497, 0.7988686360779385, 0.7875, 0.8058784392000312, 0.849906191369606, 0.7680159880873074, 0.7812414547443259, 0.8312434079456228, 0.8312434079456228]",0.81575,0.03385592944128595,"[0.76875, 0.7875000000000001, 0.8375, 0.8, 0.8312499999999999, 0.825, 0.8062499999999999, 0.85, 0.8312499999999999, 0.8312499999999999, 0.83125, 0.7812500000000001, 0.8374999999999999, 0.925, 0.81875, 0.79375, 0.78125, 0.8, 0.7875, 0.80625, 0.85, 0.7687499999999999, 0.78125, 0.8312499999999999, 0.8312499999999999]","{'jdotclassifier__alpha': [0.1, 0.3, 0.5, 0.7, 0.9], 'jdotclassifier__base_estimator__estimator_name': ['SVC'], 'jdotclassifier__n_iter_max': [100], 'jdotclassifier__thr_weights': [1e-07], 'jdotclassifier__tol': [1e-06]}"
Simulated,concept_drift,KLIEP,circular_validation,Reweighting,0.65875,0.0240712916839403,"[0.6625, 0.65625, 0.7, 0.64375, 0.66875, 0.65625, 0.68125, 0.69375, 0.65, 0.66875, 0.6125, 0.64375, 0.63125, 0.68125, 0.66875, 0.69375, 0.65, 0.65625, 0.68125, 0.675, 0.64375, 0.6, 0.64375, 0.6625, 0.64375]",0.65875,0.024071291683940295,"[0.6625, 0.65625, 0.7, 0.64375, 0.66875, 0.65625, 0.6812499999999999, 0.6937500000000001, 0.65, 0.66875, 0.6125, 0.64375, 0.6312500000000001, 0.68125, 0.66875, 0.69375, 0.65, 0.65625, 0.68125, 0.675, 0.64375, 0.6, 0.64375, 0.6625, 0.64375]",0.6190079853612792,0.03372563767632428,"[0.625974025974026, 0.6138826729849501, 0.6754563894523326, 0.5960132890365448, 0.6312883168833427, 0.6101882613510521, 0.656435518504484, 0.6648283527852593, 0.6121212121212121, 0.6312883168833427, 0.5584045584045583, 0.6034610200443498, 0.5776475325488792, 0.6482607008922798, 0.6344670028880556, 0.6699086354258769, 0.6086652690426275, 0.6173746684638463, 0.6511478773887391, 0.6428571428571429, 0.5998420429116756, 0.5345454545454545, 0.5960132890365448, 0.6191147945688591, 0.5960132890365448]",0.65875,0.024071291683940316,"[0.6625000000000001, 0.65625, 0.7000000000000001, 0.64375, 0.6687500000000001, 0.65625, 0.6812499999999999, 0.69375, 0.65, 0.6687500000000001, 0.6124999999999999, 0.64375, 0.63125, 0.68125, 0.66875, 0.69375, 0.6499999999999999, 0.65625, 0.68125, 0.6749999999999999, 0.6437499999999999, 0.6, 0.64375, 0.6625, 0.64375]","{'finalestimator__estimator_name': ['SVC'], 'kliepreweightadapter__cv': [5], 'kliepreweightadapter__gamma': [0.0001, 0.001, 0.01, 0.1, 1.0, 10.0, 100.0, 1000.0, 'auto', 'scale'], 'kliepreweightadapter__max_iter': [1000], 'kliepreweightadapter__n_centers': [100], 'kliepreweightadapter__random_state': [0], 'kliepreweightadapter__tol': [1e-06]}"
Simulated,concept_drift,KMM,circular_validation,Reweighting,0.645,0.040824829046386304,"[0.6625, 0.625, 0.7125, 0.6375, 0.6375, 0.6375, 0.69375, 0.70625, 0.625, 0.6875, 0.625, 0.6, 0.64375, 0.75625, 0.6875, 0.61875, 0.61875, 0.65, 0.63125, 0.63125, 0.6, 0.6125, 0.625, 0.5875, 0.6125]",0.645,0.04082482904638628,"[0.6625, 0.625, 0.7124999999999999, 0.6375, 0.6375, 0.6375, 0.69375, 0.70625, 0.625, 0.6875, 0.625, 0.6, 0.64375, 0.7562500000000001, 0.6875, 0.61875, 0.61875, 0.65, 0.6312500000000001, 0.63125, 0.6, 0.6125, 0.625, 0.5875, 0.6125]",0.5988968353871046,0.056472307416608504,"[0.625974025974026, 0.5726495726495726, 0.6953137936744495, 0.586894586894587, 0.586894586894587, 0.586894586894587, 0.6699086354258769, 0.6785088281817793, 0.5726495726495726, 0.6593425310849941, 0.5844155844155845, 0.5441595441595442, 0.5998420429116756, 0.7424786430605423, 0.6593425310849941, 0.5676633444075304, 0.563330499753926, 0.6086652690426275, 0.5776475325488792, 0.5818383167220377, 0.5293252436109579, 0.5584045584045583, 0.5682676740420939, 0.5029184710977217, 0.5490909090909091]",0.645,0.04082482904638631,"[0.6625000000000001, 0.6249999999999999, 0.7125, 0.6375000000000001, 0.6375000000000001, 0.6375000000000001, 0.69375, 0.70625, 0.6249999999999999, 0.6875, 0.625, 0.6, 0.6437499999999999, 0.75625, 0.6875, 0.6187499999999999, 0.61875, 0.6499999999999999, 0.63125, 0.63125, 0.6, 0.6124999999999999, 0.625, 0.5875, 0.6125]","{'finalestimator__estimator_name': ['SVC'], 'kmmreweightadapter__B': [1000.0], 'kmmreweightadapter__gamma': [0.0001, 0.001, 0.01, 0.1, 1.0, 10.0, 100.0, 1000.0, None], 'kmmreweightadapter__max_iter': [1000], 'kmmreweightadapter__smooth_weights': [False], 'kmmreweightadapter__tol': [1e-06]}"
Simulated,concept_drift,MMD-LS,circular_validation,Mapping,0.7745000000000001,0.06507507683437645,"[0.775, 0.8, 0.8375, 0.65, 0.6875, 0.8125, 0.775, 0.73125, 0.83125, 0.74375, 0.65, 0.7875, 0.74375, 0.90625, 0.80625, 0.80625, 0.8, 0.79375, 0.79375, 0.81875, 0.84375, 0.75625, 0.70625, 0.84375, 0.6625]",0.7745000000000001,0.06507507683437645,"[0.7749999999999999, 0.8, 0.8374999999999999, 0.65, 0.6875, 0.8125, 0.775, 0.73125, 0.83125, 0.7437499999999999, 0.65, 0.7875, 0.7437499999999999, 0.90625, 0.8062499999999999, 0.80625, 0.8, 0.79375, 0.79375, 0.8187500000000001, 0.84375, 0.7562500000000001, 0.70625, 0.84375, 0.6625]",0.7664708579170323,0.07656237009073312,"[0.7749648382559775, 0.7994987468671679, 0.837092731829574, 0.6086652690426275, 0.6565934065934066, 0.8122359568142701, 0.7698209718670077, 0.7123625569630837, 0.8310850439882698, 0.7292724196277496, 0.624098003020641, 0.7873671044402751, 0.7362389932049375, 0.906217029424407, 0.8061818608104412, 0.805329879508615, 0.7999687451164245, 0.7927705168962675, 0.7937419430446502, 0.818686256887187, 0.843743896245947, 0.7546301757697298, 0.6914871794871795, 0.843743896245947, 0.625974025974026]",0.7745000000000001,0.06507507683437644,"[0.775, 0.8, 0.8374999999999999, 0.6499999999999999, 0.6875, 0.8124999999999999, 0.775, 0.7312500000000001, 0.8312500000000002, 0.7437499999999999, 0.65, 0.7874999999999999, 0.7437499999999999, 0.90625, 0.8062499999999999, 0.80625, 0.7999999999999999, 0.7937500000000001, 0.79375, 0.81875, 0.8437500000000001, 0.75625, 0.70625, 0.84375, 0.6625000000000001]","{'finalestimator__estimator_name': ['SVC'], 'mmdlsconsmappingadapter__gamma': [0.1, 1, 10], 'mmdlsconsmappingadapter__max_iter': [100], 'mmdlsconsmappingadapter__reg_k': [1e-10, 1e-08], 'mmdlsconsmappingadapter__reg_m': [1e-10, 1e-08], 'mmdlsconsmappingadapter__tol': [1e-05]}"
Simulated,concept_drift,Train Src,circular_validation,NO DA,0.66175,0.0238211653087473,"[0.6625, 0.65625, 0.7, 0.65, 0.66875, 0.6625, 0.7, 0.69375, 0.65625, 0.66875, 0.6125, 0.64375, 0.63125, 0.68125, 0.675, 0.69375, 0.65, 0.65625, 0.66875, 0.68125, 0.6625, 0.6125, 0.6375, 0.675, 0.64375]",0.66175,0.023821165308747297,"[0.6625, 0.65625, 0.7, 0.65, 0.66875, 0.6625000000000001, 0.7, 0.6937500000000001, 0.65625, 0.66875, 0.6125, 0.64375, 0.6312500000000001, 0.68125, 0.675, 0.69375, 0.65, 0.65625, 0.66875, 0.68125, 0.6625, 0.6125, 0.6375, 0.675, 0.64375]",0.624267149182694,0.0325497333707863,"[0.625974025974026, 0.6173746684638463, 0.6777982883034066, 0.6050079351084465, 0.6312883168833427, 0.6226415094339622, 0.6799999999999999, 0.6648283527852593, 0.6206733048838312, 0.6312883168833427, 0.5626873567272086, 0.6101064511991792, 0.5776475325488792, 0.6482607008922798, 0.6428571428571429, 0.6699086354258769, 0.6086652690426275, 0.6206733048838312, 0.6344670028880556, 0.6511478773887391, 0.625974025974026, 0.5538765965101637, 0.5909010756480338, 0.636617749825297, 0.5960132890365448]",0.66175,0.023821165308747314,"[0.6625000000000001, 0.65625, 0.7, 0.65, 0.6687500000000001, 0.6625, 0.7, 0.69375, 0.6562500000000001, 0.6687500000000001, 0.6124999999999999, 0.64375, 0.63125, 0.68125, 0.6749999999999999, 0.69375, 0.6499999999999999, 0.6562500000000001, 0.66875, 0.68125, 0.6625000000000001, 0.6125, 0.6375000000000001, 0.675, 0.64375]",{'finalestimator__estimator_name': ['SVC']}
Simulated,concept_drift,NO_DA_SOURCE_ONLY_BASE_ESTIM,circular_validation,Unknown,,,"[NaN, NaN, NaN, NaN, NaN, NaN, NaN, NaN, NaN, NaN, NaN, NaN, NaN, NaN, NaN, NaN, NaN, NaN, NaN, NaN, NaN, NaN, NaN, NaN, NaN]",,,"[NaN, NaN, NaN, NaN, NaN, NaN, NaN, NaN, NaN, NaN, NaN, NaN, NaN, NaN, NaN, NaN, NaN, NaN, NaN, NaN, NaN, NaN, NaN, NaN, NaN]",,,"[NaN, NaN, NaN, NaN, NaN, NaN, NaN, NaN, NaN, NaN, NaN, NaN, NaN, NaN, NaN, NaN, NaN, NaN, NaN, NaN, NaN, NaN, NaN, NaN, NaN]",,,"[NaN, NaN, NaN, NaN, NaN, NaN, NaN, NaN, NaN, NaN, NaN, NaN, NaN, NaN, NaN, NaN, NaN, NaN, NaN, NaN, NaN, NaN, NaN, NaN, NaN]",{'finalestimator__estimator_name': ['SVC']}
Simulated,concept_drift,Train Tgt,circular_validation,NO DA,0.8170000000000001,0.026853188823676044,"[0.78125, 0.8, 0.83125, 0.8125, 0.81875, 0.81875, 0.8125, 0.8625, 0.825, 0.84375, 0.825, 0.775, 0.8125, 0.8875, 0.83125, 0.8125, 0.79375, 0.7875, 0.78125, 0.80625, 0.84375, 0.7875, 0.8, 0.83125, 0.84375]",0.8170000000000001,0.026853188823676037,"[0.78125, 0.8, 0.83125, 0.8125, 0.8187500000000001, 0.81875, 0.8125, 0.8625, 0.825, 0.84375, 0.825, 0.7749999999999999, 0.8125, 0.8875, 0.83125, 0.8125, 0.79375, 0.7875000000000001, 0.78125, 0.80625, 0.84375, 0.7875, 0.8, 0.83125, 0.84375]",0.8165039371484406,0.02705591986401915,"[0.7805556644069125, 0.7979797979797979, 0.8304486047333098, 0.8100965342617503, 0.8184024108645452, 0.8187429196452987, 0.8124706985466478, 0.8624140087554721, 0.8249726519768714, 0.8436950490406783, 0.8249726519768714, 0.7737272155876808, 0.81203007518797, 0.8874296435272045, 0.8304486047333098, 0.8114393463230674, 0.7937419430446502, 0.7862979258328096, 0.7812414547443259, 0.806060606060606, 0.8432540460049376, 0.7873671044402751, 0.7998749218261413, 0.8311906529639327, 0.843743896245947]",0.8170000000000001,0.026853188823676065,"[0.78125, 0.7999999999999999, 0.8312499999999998, 0.8125, 0.8187500000000001, 0.8187499999999999, 0.8125, 0.8625, 0.825, 0.84375, 0.825, 0.7749999999999999, 0.8125, 0.8875000000000001, 0.8312499999999998, 0.8125, 0.79375, 0.7875000000000001, 0.78125, 0.80625, 0.8437499999999999, 0.7874999999999999, 0.7999999999999999, 0.83125, 0.84375]",{'finalestimator__estimator_name': ['SVC']}
Simulated,concept_drift,OTLabelProp,circular_validation,Other,0.8077500000000001,0.039375,"[0.76875, 0.78125, 0.8375, 0.80625, 0.7625, 0.825, 0.8125, 0.85, 0.73125, 0.83125, 0.83125, 0.76875, 0.825, 0.925, 0.81875, 0.8, 0.78125, 0.79375, 0.76875, 0.80625, 0.85, 0.76875, 0.7875, 0.83125, 0.83125]",0.8077500000000001,0.039375,"[0.76875, 0.78125, 0.8375, 0.80625, 0.7625, 0.825, 0.8125, 0.85, 0.73125, 0.83125, 0.83125, 0.76875, 0.825, 0.925, 0.81875, 0.8, 0.78125, 0.79375, 0.76875, 0.8062499999999999, 0.85, 0.76875, 0.7875, 0.83125, 0.83125]",0.8071334714370224,0.04016585294206681,"[0.7687409664440018, 0.7805556644069125, 0.8372711625723674, 0.806060606060606, 0.7621655452980753, 0.825, 0.8124706985466478, 0.85, 0.7233726026295686, 0.8312434079456228, 0.8311906529639327, 0.7680159880873074, 0.825, 0.9249882794186592, 0.8181746933657275, 0.7984569359156038, 0.7811730686569497, 0.7927705168962675, 0.7680159880873074, 0.8058784392000312, 0.849788765451416, 0.7680159880873074, 0.7875, 0.8312434079456228, 0.8312434079456228]",0.80775,0.039375000000000014,"[0.76875, 0.78125, 0.8375, 0.80625, 0.7625000000000001, 0.825, 0.8124999999999999, 0.85, 0.73125, 0.8312499999999999, 0.83125, 0.7687499999999999, 0.825, 0.925, 0.81875, 0.8, 0.78125, 0.7937500000000001, 0.7687499999999999, 0.80625, 0.8499999999999999, 0.7687499999999999, 0.7875, 0.8312499999999999, 0.8312499999999999]","{'finalestimator__estimator_name': ['SVC'], 'otlabelpropadapter__metric': ['sqeuclidean', 'cosine', 'cityblock'], 'otlabelpropadapter__reg': [None, 0.1, 1.0]}"
Simulated,concept_drift,JPCA,circular_validation,Subspace,0.66175,0.0238211653087473,"[0.6625, 0.65625, 0.7, 0.65, 0.66875, 0.6625, 0.7, 0.69375, 0.65625, 0.66875, 0.6125, 0.64375, 0.63125, 0.68125, 0.675, 0.69375, 0.65, 0.65625, 0.66875, 0.68125, 0.6625, 0.6125, 0.6375, 0.675, 0.64375]",0.66175,0.023821165308747297,"[0.6625, 0.65625, 0.7, 0.65, 0.66875, 0.6625000000000001, 0.7, 0.6937500000000001, 0.65625, 0.66875, 0.6125, 0.64375, 0.6312500000000001, 0.68125, 0.675, 0.69375, 0.65, 0.65625, 0.66875, 0.68125, 0.6625, 0.6125, 0.6375, 0.675, 0.64375]",0.624267149182694,0.0325497333707863,"[0.625974025974026, 0.6173746684638463, 0.6777982883034066, 0.6050079351084465, 0.6312883168833427, 0.6226415094339622, 0.6799999999999999, 0.6648283527852593, 0.6206733048838312, 0.6312883168833427, 0.5626873567272086, 0.6101064511991792, 0.5776475325488792, 0.6482607008922798, 0.6428571428571429, 0.6699086354258769, 0.6086652690426275, 0.6206733048838312, 0.6344670028880556, 0.6511478773887391, 0.625974025974026, 0.5538765965101637, 0.5909010756480338, 0.636617749825297, 0.5960132890365448]",0.66175,0.023821165308747314,"[0.6625000000000001, 0.65625, 0.7, 0.65, 0.6687500000000001, 0.6625, 0.7, 0.69375, 0.6562500000000001, 0.6687500000000001, 0.6124999999999999, 0.64375, 0.63125, 0.68125, 0.6749999999999999, 0.69375, 0.6499999999999999, 0.6562500000000001, 0.66875, 0.68125, 0.6625000000000001, 0.6125, 0.6375000000000001, 0.675, 0.64375]","{'finalestimator__estimator_name': ['SVC'], 'pca__n_components': [1, 2, 5, 10, 20, 50, 100]}"
Simulated,concept_drift,MMDTarS,circular_validation,Reweighting,0.6572499999999999,0.025238446201513012,"[0.65625, 0.65625, 0.7, 0.65, 0.66875, 0.65, 0.7, 0.70625, 0.63125, 0.6625, 0.6125, 0.64375, 0.61875, 0.675, 0.66875, 0.66875, 0.65, 0.65, 0.66875, 0.68125, 0.6625, 0.60625, 0.6375, 0.6625, 0.64375]",0.6572499999999999,0.025238446201513012,"[0.65625, 0.65625, 0.7, 0.65, 0.66875, 0.65, 0.7, 0.70625, 0.63125, 0.6625, 0.6125, 0.64375, 0.61875, 0.675, 0.66875, 0.66875, 0.65, 0.65, 0.66875, 0.68125, 0.6625, 0.60625, 0.6375, 0.6625, 0.64375]",0.6171238506425443,0.03509357003108501,"[0.6173746684638463, 0.6173746684638463, 0.6754563894523326, 0.6050079351084465, 0.6312883168833427, 0.6011396011396011, 0.6799999999999999, 0.6810180275715801, 0.5818383167220377, 0.6191147945688591, 0.5584045584045583, 0.606879606879607, 0.558750395587504, 0.6398268398268397, 0.6344670028880556, 0.6374674019922193, 0.6086652690426275, 0.6121212121212121, 0.6344670028880556, 0.6511478773887391, 0.625974025974026, 0.544283195442832, 0.5909010756480338, 0.6191147945688591, 0.5960132890365448]",0.6572499999999999,0.02523844620151304,"[0.65625, 0.65625, 0.7000000000000001, 0.65, 0.6687500000000001, 0.65, 0.7, 0.70625, 0.63125, 0.6625, 0.6124999999999999, 0.6437499999999999, 0.61875, 0.6750000000000002, 0.66875, 0.6687500000000001, 0.6499999999999999, 0.65, 0.66875, 0.68125, 0.6625000000000001, 0.60625, 0.6375000000000001, 0.6625, 0.64375]","{'finalestimator__estimator_name': ['SVC'], 'mmdtarsreweightadapter__gamma': [0.0001, 0.001, 0.01, 0.1, 1.0, 10.0, 100.0, 1000.0, None], 'mmdtarsreweightadapter__max_iter': [1000], 'mmdtarsreweightadapter__reg': [1e-06], 'mmdtarsreweightadapter__tol': [1e-06]}"
Simulated,concept_drift,ClassRegOT,circular_validation,Mapping,0.81525,0.03456764202256207,"[0.7625, 0.76875, 0.825, 0.79375, 0.8375, 0.81875, 0.83125, 0.85625, 0.83125, 0.825, 0.84375, 0.775, 0.83125, 0.9125, 0.81875, 0.80625, 0.775, 0.8, 0.78125, 0.8, 0.85, 0.76875, 0.79375, 0.84375, 0.83125]",0.81525,0.03456764202256208,"[0.7625, 0.76875, 0.825, 0.79375, 0.8375, 0.81875, 0.83125, 0.85625, 0.83125, 0.825, 0.84375, 0.7749999999999999, 0.83125, 0.9125, 0.81875, 0.80625, 0.7749999999999999, 0.8, 0.78125, 0.8, 0.85, 0.76875, 0.79375, 0.84375, 0.83125]",0.8149440632161407,0.03470394706299672,"[0.7625, 0.768306524206489, 0.824313725490196, 0.7933544675355172, 0.8375, 0.8187429196452987, 0.8311906529639327, 0.8562443845462713, 0.8309263825290595, 0.825, 0.843743896245947, 0.7737272155876808, 0.8311906529639327, 0.9123767798466592, 0.8181746933657275, 0.8056350170461226, 0.7749648382559775, 0.7988686360779385, 0.7811730686569497, 0.7998749218261413, 0.8494117647058823, 0.7676517916715726, 0.7937419430446502, 0.843743896245947, 0.8312434079456228]",0.81525,0.03456764202256207,"[0.7625, 0.7687499999999999, 0.825, 0.79375, 0.8374999999999999, 0.8187499999999999, 0.8312499999999999, 0.8562500000000001, 0.83125, 0.825, 0.8437500000000001, 0.7749999999999999, 0.8312499999999999, 0.9125, 0.81875, 0.80625, 0.775, 0.8, 0.7812500000000001, 0.7999999999999999, 0.85, 0.76875, 0.7937500000000001, 0.8437500000000001, 0.8312499999999999]","[{'classregularizerotmappingadapter__max_inner_iter': [1000], 'classregularizerotmappingadapter__max_iter': [10], 'classregularizerotmappingadapter__metric': ['sqeuclidean', 'cosine', 'cityblock'], 'classregularizerotmappingadapter__norm': ['lpl1'], 'classregularizerotmappingadapter__reg_cl': [0.1], 'classregularizerotmappingadapter__reg_e': [0.1], 'classregularizerotmappingadapter__tol': [1e-06], 'finalestimator__estimator_name': ['SVC']}, {'classregularizerotmappingadapter__max_inner_iter': [1000], 'classregularizerotmappingadapter__max_iter': [10], 'classregularizerotmappingadapter__metric': ['sqeuclidean', 'cosine', 'cityblock'], 'classregularizerotmappingadapter__norm': ['lpl1'], 'classregularizerotmappingadapter__reg_cl': [0.5], 'classregularizerotmappingadapter__reg_e': [0.5], 'classregularizerotmappingadapter__tol': [1e-06], 'finalestimator__estimator_name': ['SVC']}, {'classregularizerotmappingadapter__max_inner_iter': [1000], 'classregularizerotmappingadapter__max_iter': [10], 'classregularizerotmappingadapter__metric': ['sqeuclidean', 'cosine', 'cityblock'], 'classregularizerotmappingadapter__norm': ['lpl1'], 'classregularizerotmappingadapter__reg_cl': [1.0], 'classregularizerotmappingadapter__reg_e': [1.0], 'classregularizerotmappingadapter__tol': [1e-06], 'finalestimator__estimator_name': ['SVC']}]"
Simulated,concept_drift,Dens. RW,circular_validation,Reweighting,0.65625,0.023524145397158778,"[0.6625, 0.65625, 0.7, 0.6375, 0.6625, 0.65625, 0.68125, 0.6875, 0.64375, 0.6625, 0.6125, 0.65, 0.63125, 0.66875, 0.675, 0.69375, 0.625, 0.65625, 0.66875, 0.68125, 0.65, 0.60625, 0.64375, 0.65, 0.64375]",0.65625,0.023524145397158778,"[0.6625, 0.65625, 0.7, 0.6375, 0.6625000000000001, 0.65625, 0.6812499999999999, 0.6875, 0.64375, 0.6625000000000001, 0.6125, 0.65, 0.6312500000000001, 0.66875, 0.675, 0.69375, 0.625, 0.65625, 0.66875, 0.68125, 0.65, 0.60625, 0.64375, 0.65, 0.64375]",0.6157104904051167,0.03278024500222986,"[0.625974025974026, 0.6138826729849501, 0.6754563894523326, 0.586894586894587, 0.6226415094339622, 0.6138826729849501, 0.656435518504484, 0.6565934065934066, 0.6034610200443498, 0.6226415094339622, 0.5626873567272086, 0.6121212121212121, 0.5776475325488792, 0.6279233030582247, 0.6428571428571429, 0.6699086354258769, 0.5726495726495726, 0.6173746684638463, 0.6344670028880556, 0.6511478773887391, 0.6086652690426275, 0.544283195442832, 0.5960132890365448, 0.6011396011396011, 0.5960132890365448]",0.65625,0.023524145397158774,"[0.6625000000000001, 0.65625, 0.7000000000000001, 0.6375000000000001, 0.6625, 0.65625, 0.6812499999999999, 0.6875, 0.64375, 0.6625, 0.6124999999999999, 0.65, 0.63125, 0.66875, 0.6749999999999999, 0.69375, 0.6249999999999999, 0.65625, 0.66875, 0.68125, 0.6499999999999999, 0.60625, 0.64375, 0.65, 0.64375]","{'densityreweightadapter__weight_estimator__bandwidth': [0.01, 0.1, 1.0, 10.0, 100.0, 'scott', 'silverman'], 'finalestimator__estimator_name': ['SVC']}"
Simulated,concept_drift,Disc. RW,circular_validation,Reweighting,0.71475,0.03981075022319138,"[0.75625, 0.70625, 0.79375, 0.7, 0.78125, 0.7125, 0.7125, 0.71875, 0.675, 0.675, 0.66875, 0.73125, 0.6375, 0.76875, 0.75625, 0.7, 0.7125, 0.6625, 0.69375, 0.73125, 0.74375, 0.73125, 0.65, 0.725, 0.725]",0.71475,0.03981075022319139,"[0.7562500000000001, 0.70625, 0.79375, 0.7, 0.78125, 0.7125, 0.7124999999999999, 0.71875, 0.675, 0.675, 0.66875, 0.73125, 0.6375, 0.76875, 0.75625, 0.7, 0.7125, 0.6625, 0.69375, 0.73125, 0.7437499999999999, 0.73125, 0.65, 0.725, 0.725]",0.6957317262328356,0.05023451922219661,"[0.7491053837803063, 0.6833817523472696, 0.7907999524545346, 0.6820665673124691, 0.7774156365515322, 0.6889790398918187, 0.6953137936744495, 0.6989840712404365, 0.6457162323283938, 0.6428571428571429, 0.6478259063914613, 0.7233726026295686, 0.586894586894587, 0.7571282051282051, 0.744, 0.6777982883034066, 0.6971691902567478, 0.6291208791208792, 0.6783589743589744, 0.7177435897435898, 0.7292724196277496, 0.7207678883071553, 0.6086652690426275, 0.7119947635411552, 0.7085610200364298]",0.71475,0.03981075022319139,"[0.75625, 0.70625, 0.79375, 0.7, 0.78125, 0.7125, 0.7125, 0.7187499999999999, 0.675, 0.6749999999999999, 0.66875, 0.73125, 0.6375000000000001, 0.76875, 0.75625, 0.7, 0.7125, 0.6625000000000001, 0.69375, 0.73125, 0.7437499999999999, 0.7312500000000001, 0.6499999999999999, 0.725, 0.7250000000000001]","{'discriminatorreweightadapter__domain_classifier__estimator_name': ['LR', 'SVC', 'KNN', 'XGB'], 'finalestimator__estimator_name': ['SVC']}"
Simulated,concept_drift,EntOT,circular_validation,Mapping,0.8172499999999999,0.032838779159199374,"[0.75625, 0.79375, 0.83125, 0.79375, 0.83125, 0.83125, 0.81875, 0.84375, 0.8375, 0.83125, 0.8375, 0.79375, 0.8375, 0.91875, 0.81875, 0.8125, 0.78125, 0.79375, 0.7875, 0.80625, 0.84375, 0.7625, 0.8, 0.8375, 0.83125]",0.8172499999999999,0.032838779159199374,"[0.75625, 0.79375, 0.83125, 0.79375, 0.83125, 0.83125, 0.8187500000000001, 0.84375, 0.8374999999999999, 0.83125, 0.8375, 0.79375, 0.8375, 0.91875, 0.81875, 0.8125, 0.78125, 0.79375, 0.7875, 0.80625, 0.84375, 0.7625, 0.8, 0.8374999999999999, 0.83125]",0.8170192133835772,0.03295997992341423,"[0.7560117302052787, 0.7930953407265176, 0.8310850439882698, 0.7930953407265176, 0.8311906529639327, 0.8310850439882698, 0.8184024108645452, 0.8435972629521016, 0.8374746054070948, 0.8312434079456228, 0.83739837398374, 0.7936774647336954, 0.8375, 0.9187468260478924, 0.8181746933657275, 0.8123827392120073, 0.7811730686569497, 0.7930953407265176, 0.7873671044402751, 0.8062424313449743, 0.8436950490406783, 0.7615686274509803, 0.8, 0.837092731829574, 0.8310850439882698]",0.81725,0.03283877915919937,"[0.75625, 0.7937500000000001, 0.8312500000000002, 0.7937500000000001, 0.8312499999999999, 0.8312500000000002, 0.8187500000000001, 0.84375, 0.8375, 0.8312499999999999, 0.8375000000000001, 0.7937500000000001, 0.8374999999999999, 0.91875, 0.81875, 0.8125, 0.7812500000000001, 0.7937500000000001, 0.7874999999999999, 0.8062500000000001, 0.84375, 0.7625, 0.8, 0.8375, 0.8312500000000002]","{'entropicotmappingadapter__max_iter': [1000], 'entropicotmappingadapter__metric': ['sqeuclidean', 'cosine', 'cityblock'], 'entropicotmappingadapter__norm': ['median'], 'entropicotmappingadapter__reg_e': [0.1, 0.5, 1.0], 'entropicotmappingadapter__tol': [1e-06], 'finalestimator__estimator_name': ['SVC']}"
Simulated,concept_drift,Gauss. RW,circular_validation,Reweighting,0.6495000000000001,0.024334902917414702,"[0.65, 0.64375, 0.7, 0.6375, 0.66875, 0.6625, 0.675, 0.6875, 0.63125, 0.6625, 0.6125, 0.6375, 0.61875, 0.675, 0.65625, 0.6625, 0.6375, 0.64375, 0.6625, 0.6625, 0.6375, 0.5875, 0.6375, 0.65625, 0.63125]",0.6495000000000001,0.0243349029174147,"[0.65, 0.64375, 0.7, 0.6375, 0.66875, 0.6625, 0.675, 0.6875, 0.63125, 0.6625000000000001, 0.6125, 0.6375, 0.61875, 0.675, 0.65625, 0.6625, 0.6375, 0.64375, 0.6625, 0.6625, 0.6375, 0.5875, 0.6375, 0.65625, 0.6312500000000001]",0.6060794287118584,0.034407991675483786,"[0.6086652690426275, 0.5960132890365448, 0.6754563894523326, 0.586894586894587, 0.6312883168833427, 0.6191147945688591, 0.6484110885733604, 0.6565934065934066, 0.5858014128384011, 0.6226415094339622, 0.5584045584045583, 0.5946890286512928, 0.558750395587504, 0.6398268398268397, 0.6173746684638463, 0.6291208791208792, 0.5909010756480338, 0.5998420429116756, 0.625974025974026, 0.625974025974026, 0.5909010756480338, 0.5146166574738003, 0.586894586894587, 0.6101882613510521, 0.5776475325488792]",0.6495000000000001,0.02433490291741474,"[0.6499999999999999, 0.64375, 0.7000000000000001, 0.6375000000000001, 0.6687500000000001, 0.6625, 0.6749999999999999, 0.6875, 0.63125, 0.6625, 0.6124999999999999, 0.6375000000000001, 0.61875, 0.6750000000000002, 0.65625, 0.6625000000000001, 0.6375000000000001, 0.6437499999999999, 0.6625000000000001, 0.6625000000000001, 0.6375000000000001, 0.5874999999999999, 0.6375000000000001, 0.65625, 0.63125]","{'finalestimator__estimator_name': ['SVC'], 'gaussianreweightadapter__reg': ['auto', 1e-05, 0.01, 0.5]}"
Simulated,concept_drift,LinOT,circular_validation,Mapping,0.7585,0.057193476463666716,"[0.75, 0.76875, 0.83125, 0.65625, 0.81875, 0.7625, 0.76875, 0.7375, 0.78125, 0.76875, 0.74375, 0.73125, 0.78125, 0.9, 0.78125, 0.85625, 0.69375, 0.7, 0.6625, 0.74375, 0.775, 0.7375, 0.68125, 0.8, 0.73125]",0.7585,0.05719347646366672,"[0.75, 0.76875, 0.83125, 0.65625, 0.81875, 0.7625, 0.76875, 0.7375, 0.78125, 0.76875, 0.74375, 0.73125, 0.78125, 0.9, 0.78125, 0.85625, 0.69375, 0.7, 0.6625, 0.74375, 0.775, 0.7375, 0.6812499999999999, 0.8, 0.73125]",0.7491473392235691,0.0651104330306229,"[0.7467953790156671, 0.7666995073891626, 0.8311906529639327, 0.6173746684638463, 0.8181746933657275, 0.756058417589472, 0.762962962962963, 0.7218082463984103, 0.7738196211478654, 0.762962962962963, 0.7392583171032235, 0.7207678883071553, 0.7766343584220813, 0.8999374609130708, 0.7757757757757757, 0.854975369458128, 0.672227099795142, 0.685812469317624, 0.6423248882265276, 0.7308717948717949, 0.7714285714285715, 0.7292069632495164, 0.656435518504484, 0.7974363032125336, 0.7177435897435898]",0.7585,0.057193476463666716,"[0.75, 0.76875, 0.8312499999999999, 0.65625, 0.81875, 0.7625000000000001, 0.76875, 0.7374999999999999, 0.78125, 0.76875, 0.74375, 0.7312500000000001, 0.78125, 0.9, 0.78125, 0.85625, 0.69375, 0.7000000000000001, 0.6625, 0.74375, 0.7749999999999999, 0.7375, 0.6812499999999999, 0.7999999999999999, 0.73125]","{'finalestimator__estimator_name': ['SVC'], 'linearotmappingadapter__bias': [True, False], 'linearotmappingadapter__reg': [1e-08, 1e-06, 0.1, 1, 10]}"
Simulated,concept_drift,NN RW,circular_validation,Reweighting,0.6665000000000001,0.024992186278915265,"[0.64375, 0.675, 0.70625, 0.63125, 0.66875, 0.675, 0.70625, 0.71875, 0.68125, 0.65625, 0.6375, 0.6625, 0.6375, 0.68125, 0.6875, 0.675, 0.65625, 0.65, 0.66875, 0.69375, 0.6625, 0.61875, 0.65625, 0.675, 0.6375]",0.6665000000000001,0.024992186278915262,"[0.64375, 0.675, 0.70625, 0.6312500000000001, 0.66875, 0.675, 0.70625, 0.71875, 0.68125, 0.65625, 0.6375, 0.6625, 0.6375, 0.68125, 0.6875, 0.675, 0.65625, 0.65, 0.66875, 0.69375, 0.6625, 0.61875, 0.65625, 0.675, 0.6375]",0.6309756261258872,0.03402689632269953,"[0.5998420429116756, 0.6428571428571429, 0.6856055855177892, 0.5776475325488792, 0.6312883168833427, 0.6398268398268397, 0.6876946717056356, 0.6968548692686625, 0.6538706256627783, 0.6138826729849501, 0.6016483516483516, 0.6348884381338742, 0.586894586894587, 0.6482607008922798, 0.6593425310849941, 0.6457162323283938, 0.6173746684638463, 0.6121212121212121, 0.6402969247083774, 0.6674443266171792, 0.625974025974026, 0.5676633444075304, 0.6138826729849501, 0.636617749825297, 0.586894586894587]",0.6665000000000001,0.02499218627891525,"[0.6437499999999999, 0.6749999999999999, 0.7062499999999999, 0.63125, 0.6687500000000001, 0.6750000000000002, 0.7062499999999999, 0.71875, 0.6812499999999999, 0.65625, 0.6375, 0.6625, 0.6375000000000001, 0.68125, 0.6875, 0.675, 0.65625, 0.65, 0.66875, 0.69375, 0.6625000000000001, 0.6187499999999999, 0.65625, 0.675, 0.6375000000000001]","{'finalestimator__estimator_name': ['SVC'], 'nearestneighborreweightadapter__laplace_smoothing': [True, False], 'nearestneighborreweightadapter__n_neighbors': [1]}"
Simulated,concept_drift,MapOT,circular_validation,Mapping,0.8059999999999999,0.04263764475202637,"[0.76875, 0.7875, 0.8375, 0.8, 0.7625, 0.825, 0.80625, 0.85, 0.73125, 0.83125, 0.83125, 0.725, 0.8375, 0.925, 0.81875, 0.79375, 0.78125, 0.8, 0.7625, 0.8125, 0.85, 0.76875, 0.78125, 0.83125, 0.83125]",0.8059999999999999,0.04263764475202636,"[0.76875, 0.7875000000000001, 0.8375, 0.8, 0.7625, 0.825, 0.8062499999999999, 0.85, 0.73125, 0.83125, 0.83125, 0.7250000000000001, 0.8375, 0.925, 0.81875, 0.79375, 0.78125, 0.8, 0.7625, 0.8125, 0.85, 0.76875, 0.78125, 0.83125, 0.83125]",0.8053949307446068,0.04335868995207065,"[0.7687409664440018, 0.7869674185463659, 0.8372711625723674, 0.7994987468671679, 0.7621655452980753, 0.825, 0.8061818608104412, 0.85, 0.7233726026295686, 0.8312434079456228, 0.8311906529639327, 0.7243107769423559, 0.8375, 0.9249882794186592, 0.8181746933657275, 0.7923793794974637, 0.7811730686569497, 0.7988686360779385, 0.7621655452980753, 0.81203007518797, 0.849906191369606, 0.7680159880873074, 0.7812414547443259, 0.8312434079456228, 0.8312434079456228]",0.8059999999999999,0.04263764475202634,"[0.76875, 0.7875000000000001, 0.8375, 0.8, 0.7625000000000001, 0.825, 0.8062499999999999, 0.85, 0.73125, 0.8312499999999999, 0.83125, 0.7250000000000001, 0.8374999999999999, 0.925, 0.81875, 0.79375, 0.78125, 0.8, 0.7625000000000001, 0.8125, 0.85, 0.7687499999999999, 0.78125, 0.8312499999999999, 0.8312499999999999]","{'finalestimator__estimator_name': ['SVC'], 'otmappingadapter__max_iter': [1000000], 'otmappingadapter__metric': ['sqeuclidean', 'cosine', 'cityblock'], 'otmappingadapter__norm': ['median']}"
Simulated,concept_drift,SA,circular_validation,Subspace,0.80125,0.028867513459481298,"[0.75625, 0.76875, 0.825, 0.8, 0.81875, 0.8125, 0.78125, 0.825, 0.825, 0.825, 0.775, 0.7875, 0.8125, 0.86875, 0.8125, 0.81875, 0.7625, 0.7875, 0.7875, 0.825, 0.81875, 0.7625, 0.75, 0.83125, 0.79375]",0.80125,0.028867513459481298,"[0.7562500000000001, 0.76875, 0.825, 0.8, 0.8187500000000001, 0.8125, 0.78125, 0.825, 0.825, 0.825, 0.775, 0.7875000000000001, 0.8125, 0.86875, 0.8125, 0.81875, 0.7625, 0.7875, 0.7875, 0.825, 0.81875, 0.7625, 0.75, 0.83125, 0.79375]",0.8003213389758819,0.029141453925512834,"[0.7557825525419749, 0.7687409664440018, 0.8249726519768714, 0.7994987468671679, 0.818686256887187, 0.8117647058823529, 0.7802111542839201, 0.8240100565681961, 0.8240100565681961, 0.8240100565681961, 0.7732640529050544, 0.7874667916862009, 0.8106060606060606, 0.8675862068965519, 0.8114393463230674, 0.818572825024438, 0.7615686274509803, 0.7875, 0.7866666666666667, 0.8247535596933186, 0.8178892421209623, 0.7587301587301587, 0.7474747474747474, 0.8304486047333098, 0.7923793794974637]",0.80125,0.028867513459481305,"[0.7562500000000001, 0.76875, 0.825, 0.8, 0.8187500000000001, 0.8125, 0.78125, 0.825, 0.825, 0.825, 0.775, 0.7875, 0.8124999999999999, 0.86875, 0.8125, 0.8187500000000001, 0.7625, 0.7875, 0.7875, 0.8250000000000002, 0.81875, 0.7625, 0.7499999999999999, 0.8312499999999999, 0.79375]","{'finalestimator__estimator_name': ['SVC'], 'subspacealignmentadapter__n_components': [1, 2, 5, 10, 20, 50, 100]}"
Simulated,concept_drift,TCA,circular_validation,Subspace,0.551,0.11056907720214246,"[0.5, 0.625, 0.41875, 0.65625, 0.5875, 0.66875, 0.60625, 0.68125, 0.46875, 0.53125, 0.6125, 0.675, 0.2375, 0.55625, 0.5, 0.41875, 0.6125, 0.4375, 0.55625, 0.4625, 0.4125, 0.64375, 0.6125, 0.68125, 0.6125]",0.551,0.11056907720214244,"[0.5, 0.625, 0.4187499999999999, 0.65625, 0.5874999999999999, 0.66875, 0.60625, 0.68125, 0.46875, 0.53125, 0.6125, 0.675, 0.2375, 0.5562499999999999, 0.5, 0.4187499999999999, 0.6125, 0.4375, 0.5562499999999999, 0.4625, 0.4125, 0.64375, 0.6125, 0.68125, 0.6125]",0.5441256293986514,0.11164618944733909,"[0.4992958848380535, 0.6050032916392363, 0.4159896385258448, 0.6561291078894923, 0.574468085106383, 0.6687370600414079, 0.6027586206896551, 0.6766908356115536, 0.4652196138571035, 0.5270935960591132, 0.6109803921568627, 0.6745423251447348, 0.2277259059977844, 0.553301089221816, 0.497171590194846, 0.4169050511383675, 0.6095103133364825, 0.4343180389692017, 0.5553990059097491, 0.4185260311020961, 0.409176618478944, 0.6187131569045528, 0.6119543107494915, 0.6732732732732734, 0.6002578981302386]",0.551,0.11056907720214244,"[0.5, 0.625, 0.41875, 0.6562500000000001, 0.5874999999999999, 0.6687500000000001, 0.60625, 0.68125, 0.46875, 0.53125, 0.6125, 0.675, 0.2375, 0.5562499999999999, 0.5, 0.41875, 0.6124999999999999, 0.4375, 0.55625, 0.4625, 0.4125, 0.64375, 0.6124999999999999, 0.6812499999999999, 0.6125]","{'finalestimator__estimator_name': ['SVC'], 'transfercomponentanalysisadapter__kernel': ['rbf'], 'transfercomponentanalysisadapter__mu': [10, 100], 'transfercomponentanalysisadapter__n_components': [1, 2, 5, 10, 20, 50, 100]}"
Simulated,concept_drift,TSL,circular_validation,Subspace,0.66175,0.0238211653087473,"[0.6625, 0.65625, 0.7, 0.65, 0.66875, 0.6625, 0.7, 0.69375, 0.65625, 0.66875, 0.6125, 0.64375, 0.63125, 0.68125, 0.675, 0.69375, 0.65, 0.65625, 0.66875, 0.68125, 0.6625, 0.6125, 0.6375, 0.675, 0.64375]",0.66175,0.023821165308747297,"[0.6625, 0.65625, 0.7, 0.65, 0.66875, 0.6625000000000001, 0.7, 0.6937500000000001, 0.65625, 0.66875, 0.6125, 0.64375, 0.6312500000000001, 0.68125, 0.675, 0.69375, 0.65, 0.65625, 0.66875, 0.68125, 0.6625, 0.6125, 0.6375, 0.675, 0.64375]",0.624267149182694,0.0325497333707863,"[0.625974025974026, 0.6173746684638463, 0.6777982883034066, 0.6050079351084465, 0.6312883168833427, 0.6226415094339622, 0.6799999999999999, 0.6648283527852593, 0.6206733048838312, 0.6312883168833427, 0.5626873567272086, 0.6101064511991792, 0.5776475325488792, 0.6482607008922798, 0.6428571428571429, 0.6699086354258769, 0.6086652690426275, 0.6206733048838312, 0.6344670028880556, 0.6511478773887391, 0.625974025974026, 0.5538765965101637, 0.5909010756480338, 0.636617749825297, 0.5960132890365448]",0.66175,0.023821165308747314,"[0.6625000000000001, 0.65625, 0.7, 0.65, 0.6687500000000001, 0.6625, 0.7, 0.69375, 0.6562500000000001, 0.6687500000000001, 0.6124999999999999, 0.64375, 0.63125, 0.68125, 0.6749999999999999, 0.69375, 0.6499999999999999, 0.6562500000000001, 0.66875, 0.68125, 0.6625000000000001, 0.6125, 0.6375000000000001, 0.675, 0.64375]","{'finalestimator__estimator_name': ['SVC'], 'transfersubspacelearningadapter__base_method': ['flda'], 'transfersubspacelearningadapter__length_scale': [2], 'transfersubspacelearningadapter__max_iter': [300], 'transfersubspacelearningadapter__mu': [0.1, 1, 10], 'transfersubspacelearningadapter__n_components': [1, 2, 5, 10, 20, 50, 100], 'transfersubspacelearningadapter__reg': [0.0001], 'transfersubspacelearningadapter__tol': [0.0001]}"
Simulated,covariate_shift,CORAL,circular_validation,Mapping,0.66475,0.04223107317682878,"[0.65625, 0.6375, 0.65, 0.76875, 0.65625, 0.71875, 0.64375, 0.66875, 0.7125, 0.6875, 0.6, 0.63125, 0.6125, 0.6125, 0.65, 0.6125, 0.6875, 0.60625, 0.65625, 0.7125, 0.7, 0.70625, 0.68125, 0.7, 0.65]",0.6825289493221918,0.041552403823940036,"[0.6802325581395349, 0.6627906976744187, 0.6734758013827782, 0.7839409176618479, 0.6802325581395349, 0.7383720930232558, 0.6686046511627907, 0.6918604651162791, 0.7325581395348837, 0.7093023255813954, 0.6144578313253012, 0.6445783132530121, 0.6260366139884213, 0.6260366139884213, 0.6626506024096386, 0.6345098039215686, 0.7058823529411764, 0.6286274509803922, 0.6764705882352942, 0.7286274509803922, 0.7108433734939759, 0.7168674698795181, 0.6927710843373494, 0.7108433734939759, 0.6626506024096386]",0.6295139057859559,0.05631810379707713,"[0.6220211780556608, 0.5963166411173566, 0.6166974324551099, 0.7613248374616091, 0.6220211780556608, 0.7017104565297213, 0.6049893955461293, 0.6386565073790711, 0.694104892816233, 0.662920185461169, 0.5332254002518438, 0.580656289763503, 0.5571526185857874, 0.5571526185857874, 0.6075757575757575, 0.5621753246753247, 0.6614583333333334, 0.5529887169007348, 0.6201617179215271, 0.6949046800850924, 0.6746266152038933, 0.6825844516911241, 0.6502200424178155, 0.6746266152038933, 0.6075757575757575]",0.6825289493221918,0.04155240382394004,"[0.6802325581395349, 0.6627906976744187, 0.6734758013827782, 0.7839409176618478, 0.6802325581395349, 0.7383720930232558, 0.6686046511627908, 0.6918604651162791, 0.7325581395348837, 0.7093023255813953, 0.6144578313253012, 0.6445783132530121, 0.6260366139884211, 0.6260366139884211, 0.6626506024096386, 0.6345098039215686, 0.7058823529411764, 0.6286274509803922, 0.6764705882352942, 0.7286274509803922, 0.7108433734939759, 0.7168674698795181, 0.6927710843373494, 0.7108433734939759, 0.6626506024096386]","{'coraladapter__reg': ['auto'], 'finalestimator__estimator_name': ['SVC']}"
Simulated,covariate_shift,DASVM,circular_validation,Other,0.89,0.022821773229381923,"[0.875, 0.8875, 0.8875, 0.875, 0.90625, 0.8875, 0.925, 0.9375, 0.93125, 0.86875, 0.89375, 0.89375, 0.86875, 0.91875, 0.89375, 0.8625, 0.8875, 0.8625, 0.9, 0.85, 0.89375, 0.91875, 0.875, 0.86875, 0.88125]",0.8933204428534939,0.02254026167509771,"[0.8799497171590195, 0.8915776241357637, 0.8925204274041483, 0.8790069138906349, 0.9099622878692646, 0.8925204274041483, 0.9292897548711504, 0.9399748585795098, 0.9351037083595224, 0.8760213702074168, 0.8975903614457832, 0.8957127210139258, 0.8730245657956501, 0.9207479267720232, 0.8966515412298545, 0.8674509803921568, 0.8909803921568628, 0.8650980392156862, 0.9027450980392157, 0.8533333333333333, 0.8943044906900328, 0.9202785166640588, 0.8762322015334063, 0.8706775152558285, 0.8822562979189486]",0.8898873586502567,0.022909739450212678,"[0.875, 0.8875879043600563, 0.8875, 0.8750976715111737, 0.9063489117267788, 0.8875, 0.9250586029067044, 0.9375880143952432, 0.9313225352663046, 0.8683137829912024, 0.8929701911377996, 0.8936379000429838, 0.8674752270850536, 0.9186642765034584, 0.8933715901530273, 0.8621990306441525, 0.8875, 0.8625859509298326, 0.9000625097671511, 0.85, 0.8937873666523387, 0.9187277823352474, 0.875, 0.8686115235825096, 0.8812731942654011]",0.8933204428534939,0.022540261675097692,"[0.8799497171590196, 0.8915776241357636, 0.8925204274041483, 0.8790069138906349, 0.9099622878692646, 0.8925204274041483, 0.9292897548711502, 0.9399748585795098, 0.9351037083595224, 0.8760213702074169, 0.8975903614457832, 0.8957127210139258, 0.8730245657956501, 0.9207479267720232, 0.8966515412298545, 0.867450980392157, 0.8909803921568628, 0.8650980392156862, 0.9027450980392158, 0.8533333333333334, 0.8943044906900329, 0.9202785166640588, 0.8762322015334064, 0.8706775152558284, 0.8822562979189486]","{'dasvmclassifier__base_estimator__estimator_name': ['SVC'], 'dasvmclassifier__max_iter': [200]}"
Simulated,covariate_shift,JDOT,circular_validation,Other,0.71825,0.04021912635799042,"[0.66875, 0.71875, 0.70625, 0.71875, 0.6375, 0.68125, 0.73125, 0.7875, 0.75625, 0.7625, 0.7375, 0.7125, 0.73125, 0.7375, 0.6125, 0.71875, 0.7875, 0.70625, 0.7375, 0.725, 0.675, 0.725, 0.73125, 0.7125, 0.7375]",0.7192786984759888,0.0400493406926532,"[0.6664047768698931, 0.7176304211187932, 0.7078881206788183, 0.7204588309239472, 0.6382778126964174, 0.6884035197988687, 0.7292583280955374, 0.7891263356379636, 0.7581709616593337, 0.7630421118793211, 0.7375997496479425, 0.7125645438898451, 0.7320450633703646, 0.7390079799718354, 0.6166484118291347, 0.7203921568627452, 0.7890196078431373, 0.7047058823529412, 0.7388235294117647, 0.7301960784313726, 0.6740729150367705, 0.7232045063370365, 0.7315756532624003, 0.7149115944296667, 0.7385385698638711]",0.718009718594181,0.040788200475731694,"[0.6685806692619245, 0.718871423525256, 0.7066520039100684, 0.7191348973607038, 0.6380104834924112, 0.6795908183632735, 0.7311126184577876, 0.7877992489438272, 0.75658357771261, 0.7627976190476191, 0.7375820825515947, 0.7125898999374609, 0.7313024922848548, 0.7373359118612284, 0.6082290190521178, 0.7189807940291508, 0.7876993433395872, 0.7061231798736214, 0.7377462476547842, 0.7239672977624785, 0.674796365914787, 0.7242221873035827, 0.7313445156500332, 0.7116902675637615, 0.7375]",0.7192786984759888,0.040049340692653194,"[0.6664047768698931, 0.7176304211187932, 0.7078881206788183, 0.7204588309239472, 0.6382778126964173, 0.6884035197988685, 0.7292583280955374, 0.7891263356379636, 0.7581709616593337, 0.7630421118793211, 0.7375997496479425, 0.7125645438898451, 0.7320450633703646, 0.7390079799718354, 0.6166484118291348, 0.720392156862745, 0.7890196078431373, 0.7047058823529413, 0.7388235294117647, 0.7301960784313726, 0.6740729150367705, 0.7232045063370365, 0.7315756532624003, 0.7149115944296667, 0.7385385698638711]","{'jdotclassifier__alpha': [0.1, 0.3, 0.5, 0.7, 0.9], 'jdotclassifier__base_estimator__estimator_name': ['SVC'], 'jdotclassifier__n_iter_max': [100], 'jdotclassifier__thr_weights': [1e-07], 'jdotclassifier__tol': [1e-06]}"
Simulated,covariate_shift,KLIEP,circular_validation,Reweighting,0.884,0.025711237005117658,"[0.85, 0.84375, 0.8875, 0.84375, 0.8875, 0.88125, 0.91875, 0.925, 0.9375, 0.86875, 0.9, 0.86875, 0.88125, 0.91875, 0.9125, 0.86875, 0.88125, 0.85625, 0.88125, 0.875, 0.875, 0.91875, 0.88125, 0.8625, 0.875]",0.8877849048675545,0.02496827984076043,"[0.8566939032055312, 0.8518227529855437, 0.8925204274041483, 0.8499371464487744, 0.893463230672533, 0.8876492771841609, 0.9225329981143936, 0.9274041483343808, 0.9418604651162792, 0.875078566939032, 0.9036144578313252, 0.8711469253637929, 0.8850727585667344, 0.9207479267720232, 0.914723830386481, 0.8733333333333333, 0.8835294117647059, 0.8592156862745097, 0.8850980392156862, 0.8776470588235294, 0.8767016116413706, 0.9202785166640588, 0.8827257080269129, 0.8646534188702863, 0.8771710217493349]",0.8838256894161515,0.025821155286179887,"[0.8496247654784241, 0.8429366756682712, 0.8875, 0.8434752452033918, 0.8873769338959212, 0.8810411863545777, 0.9188357234965416, 0.925105617274292, 0.9375488357555868, 0.8685192059708491, 0.8993725490196077, 0.8684677419354838, 0.8803784489187173, 0.9186642765034584, 0.912363195747342, 0.8685499785080693, 0.8813474463678638, 0.856300539083558, 0.8811989726161178, 0.8750781372089389, 0.8749218627910611, 0.9187277823352474, 0.8812175280284386, 0.8622850218886804, 0.8748045653533459]",0.8877849048675545,0.024968279840760423,"[0.8566939032055312, 0.8518227529855436, 0.8925204274041483, 0.8499371464487744, 0.8934632306725331, 0.8876492771841609, 0.9225329981143936, 0.9274041483343808, 0.9418604651162792, 0.8750785669390321, 0.9036144578313252, 0.8711469253637929, 0.8850727585667344, 0.9207479267720232, 0.914723830386481, 0.8733333333333334, 0.8835294117647059, 0.8592156862745098, 0.8850980392156862, 0.8776470588235294, 0.8767016116413706, 0.9202785166640588, 0.8827257080269129, 0.8646534188702863, 0.8771710217493349]","{'finalestimator__estimator_name': ['SVC'], 'kliepreweightadapter__cv': [5], 'kliepreweightadapter__gamma': [0.0001, 0.001, 0.01, 0.1, 1.0, 10.0, 100.0, 1000.0, 'auto', 'scale'], 'kliepreweightadapter__max_iter': [1000], 'kliepreweightadapter__n_centers': [100], 'kliepreweightadapter__random_state': [0], 'kliepreweightadapter__tol': [1e-06]}"
Simulated,covariate_shift,KMM,circular_validation,Reweighting,0.88725,0.028497532787944993,"[0.85, 0.84375, 0.86875, 0.85, 0.875, 0.86875, 0.91875, 0.9375, 0.95, 0.875, 0.9125, 0.9125, 0.8875, 0.91875, 0.90625, 0.86875, 0.88125, 0.8625, 0.89375, 0.8625, 0.89375, 0.925, 0.875, 0.875, 0.86875]",0.8908575021714771,0.027057961756845474,"[0.8566939032055312, 0.8518227529855437, 0.875078566939032, 0.8557510999371465, 0.8818353236957888, 0.875078566939032, 0.9215901948460088, 0.9390320553111252, 0.9525455688246386, 0.8827781269641735, 0.9156626506024096, 0.9114379596307308, 0.8910968549522766, 0.9207479267720232, 0.9086997340009388, 0.8733333333333333, 0.8835294117647059, 0.8658823529411765, 0.8968627450980392, 0.8658823529411765, 0.8943044906900328, 0.926302613049601, 0.8771710217493349, 0.8776404318572993, 0.8706775152558285]",0.887065073612242,0.028614095406027863,"[0.8496247654784241, 0.8429366756682712, 0.8685192059708491, 0.8498359118612283, 0.8746873045653534, 0.8685192059708491, 0.91886119257087, 0.937578320802005, 0.9500704115161944, 0.87447191362854, 0.9121162280701752, 0.9123627450980392, 0.8867941176470587, 0.9186642765034584, 0.9060483870967742, 0.8685499785080693, 0.8813474463678638, 0.8625, 0.8937873549748037, 0.8625, 0.8937873666523387, 0.925, 0.8748045653533459, 0.8746479424190268, 0.8686115235825096]",0.8908575021714771,0.02705796175684542,"[0.8566939032055312, 0.8518227529855436, 0.8750785669390321, 0.8557510999371465, 0.8818353236957888, 0.8750785669390321, 0.9215901948460088, 0.939032055311125, 0.9525455688246386, 0.8827781269641735, 0.9156626506024096, 0.9114379596307306, 0.8910968549522766, 0.9207479267720232, 0.9086997340009388, 0.8733333333333334, 0.8835294117647059, 0.8658823529411764, 0.8968627450980393, 0.8658823529411764, 0.8943044906900329, 0.926302613049601, 0.8771710217493349, 0.8776404318572993, 0.8706775152558284]","{'finalestimator__estimator_name': ['SVC'], 'kmmreweightadapter__B': [1000.0], 'kmmreweightadapter__gamma': [0.0001, 0.001, 0.01, 0.1, 1.0, 10.0, 100.0, 1000.0, None], 'kmmreweightadapter__max_iter': [1000], 'kmmreweightadapter__smooth_weights': [False], 'kmmreweightadapter__tol': [1e-06]}"
Simulated,covariate_shift,MMD-LS,circular_validation,Mapping,0.61,0.08072748654165653,"[0.6375, 0.675, 0.48125, 0.69375, 0.60625, 0.63125, 0.69375, 0.70625, 0.775, 0.70625, 0.50625, 0.58125, 0.5875, 0.65, 0.6625, 0.53125, 0.5, 0.475, 0.5875, 0.5625, 0.50625, 0.5875, 0.65625, 0.675, 0.575]",0.6012448440064744,0.08427340977242036,"[0.633563796354494, 0.6533626649905719, 0.4495600251414204, 0.6915461973601509, 0.5846951602765557, 0.6362350722815839, 0.6896605908233815, 0.7031741043368951, 0.7652419861722187, 0.7041169076052797, 0.4902988577687373, 0.5691597559067438, 0.5723673916445001, 0.6382412767954937, 0.6643717728055077, 0.5047058823529412, 0.476078431372549, 0.4807843137254902, 0.5631372549019608, 0.5749019607843138, 0.5123611328430606, 0.5920826161790017, 0.6452041933969646, 0.6759505554686278, 0.5603191988734157]",0.5739832025259872,0.11043020659052134,"[0.6365845959595959, 0.6425057309116557, 0.3672944107345469, 0.6935934489402698, 0.5687080426484139, 0.6306015786800045, 0.6927215439927303, 0.7057290640394089, 0.7700809716599191, 0.7060998387794424, 0.3954150250498565, 0.5312596899224806, 0.5045909610983982, 0.6100070534297302, 0.6619723264540338, 0.424901953529673, 0.4130107324421013, 0.4708823529411765, 0.5099399313501144, 0.5460700529610014, 0.4931140560807307, 0.5817708333333333, 0.6219482368798643, 0.675, 0.4957776313311994]",0.6012448440064744,0.08427340977242036,"[0.6335637963544941, 0.6533626649905719, 0.4495600251414204, 0.6915461973601509, 0.5846951602765557, 0.6362350722815839, 0.6896605908233815, 0.7031741043368951, 0.7652419861722187, 0.7041169076052797, 0.4902988577687373, 0.5691597559067438, 0.5723673916445001, 0.6382412767954936, 0.6643717728055077, 0.5047058823529412, 0.476078431372549, 0.4807843137254902, 0.5631372549019608, 0.5749019607843138, 0.5123611328430606, 0.5920826161790017, 0.6452041933969646, 0.6759505554686278, 0.5603191988734156]","{'finalestimator__estimator_name': ['SVC'], 'mmdlsconsmappingadapter__gamma': [0.1, 1, 10], 'mmdlsconsmappingadapter__max_iter': [100], 'mmdlsconsmappingadapter__reg_k': [1e-10, 1e-08], 'mmdlsconsmappingadapter__reg_m': [1e-10, 1e-08], 'mmdlsconsmappingadapter__tol': [1e-05]}"
Simulated,covariate_shift,Train Src,circular_validation,NO DA,0.88075,0.025953183009668247,"[0.85, 0.85, 0.88125, 0.8375, 0.8875, 0.875, 0.91875, 0.91875, 0.925, 0.86875, 0.8875, 0.86875, 0.875, 0.93125, 0.9125, 0.86875, 0.875, 0.85625, 0.88125, 0.84375, 0.875, 0.9125, 0.88125, 0.8625, 0.875]",0.8848478147083457,0.02518293214344884,"[0.8566939032055312, 0.8576367064739158, 0.8876492771841609, 0.8441231929604023, 0.893463230672533, 0.8818353236957888, 0.9225329981143936, 0.9215901948460088, 0.9302325581395348, 0.8760213702074168, 0.891566265060241, 0.8711469253637929, 0.8790486621811924, 0.9327961195431076, 0.914723830386481, 0.8733333333333333, 0.8792156862745097, 0.8592156862745097, 0.8850980392156862, 0.8482352941176471, 0.8767016116413706, 0.9142544202785168, 0.8827257080269129, 0.8646534188702863, 0.8767016116413706]",0.8805193328319945,0.026072761919467925,"[0.8496247654784241, 0.849366296354248, 0.8810411863545777, 0.8370934959349594, 0.8873769338959212, 0.8746873045653534, 0.9188357234965416, 0.91886119257087, 0.925, 0.8683137829912024, 0.8865454116907605, 0.8684677419354838, 0.8739393463230674, 0.9312312004375172, 0.912363195747342, 0.8685499785080693, 0.8748827941865918, 0.856300539083558, 0.8811989726161178, 0.8435118791762729, 0.8749218627910611, 0.9124453039537428, 0.8812175280284386, 0.8622850218886804, 0.8749218627910611]",0.8848478147083457,0.02518293214344882,"[0.8566939032055312, 0.8576367064739158, 0.8876492771841609, 0.8441231929604023, 0.8934632306725331, 0.8818353236957888, 0.9225329981143936, 0.9215901948460088, 0.9302325581395348, 0.8760213702074169, 0.891566265060241, 0.8711469253637929, 0.8790486621811923, 0.9327961195431074, 0.914723830386481, 0.8733333333333334, 0.8792156862745099, 0.8592156862745098, 0.8850980392156862, 0.8482352941176471, 0.8767016116413706, 0.9142544202785168, 0.8827257080269129, 0.8646534188702863, 0.8767016116413706]",{'finalestimator__estimator_name': ['SVC']}
Simulated,covariate_shift,NO_DA_SOURCE_ONLY_BASE_ESTIM,circular_validation,Unknown,,,"[NaN, NaN, NaN, NaN, NaN, NaN, NaN, NaN, NaN, NaN, NaN, NaN, NaN, NaN, NaN, NaN, NaN, NaN, NaN, NaN, NaN, NaN, NaN, NaN, NaN]",,,"[NaN, NaN, NaN, NaN, NaN, NaN, NaN, NaN, NaN, NaN, NaN, NaN, NaN, NaN, NaN, NaN, NaN, NaN, NaN, NaN, NaN, NaN, NaN, NaN, NaN]",,,"[NaN, NaN, NaN, NaN, NaN, NaN, NaN, NaN, NaN, NaN, NaN, NaN, NaN, NaN, NaN, NaN, NaN, NaN, NaN, NaN, NaN, NaN, NaN, NaN, NaN]",,,"[NaN, NaN, NaN, NaN, NaN, NaN, NaN, NaN, NaN, NaN, NaN, NaN, NaN, NaN, NaN, NaN, NaN, NaN, NaN, NaN, NaN, NaN, NaN, NaN, NaN]",{'finalestimator__estimator_name': ['SVC']}
Simulated,covariate_shift,Train Tgt,circular_validation,NO DA,0.915,0.020885351724753545,"[0.9, 0.91875, 0.91875, 0.9, 0.90625, 0.9, 0.9375, 0.94375, 0.95, 0.88125, 0.95625, 0.925, 0.9125, 0.925, 0.9375, 0.90625, 0.89375, 0.88125, 0.9125, 0.8875, 0.91875, 0.94375, 0.9125, 0.9, 0.90625]",0.915359763322877,0.02066174349767348,"[0.9003771213073539, 0.91781898177247, 0.9197045883092394, 0.8994343180389692, 0.9071338780641108, 0.9003771213073539, 0.9380892520427404, 0.9439032055311124, 0.9497171590194846, 0.884820867379007, 0.9573619151932404, 0.9239555625097792, 0.9151932404944454, 0.9244249726177436, 0.9374119856047568, 0.9070588235294118, 0.8952941176470588, 0.8811764705882352, 0.9129411764705884, 0.8878431372549019, 0.9184008762322016, 0.9443749022062276, 0.9114379596307308, 0.8998591769676108, 0.9058832733531528]",0.9150111693514508,0.02086261365550337,"[0.900078431372549, 0.9187084660453776, 0.918835965359144, 0.9, 0.9063491907990128, 0.900078431372549, 0.9375490196078432, 0.9437742847050512, 0.95, 0.8813752881872533, 0.956258545255674, 0.9248823529411766, 0.9122535596933188, 0.9249530075187968, 0.9375, 0.9063270517787952, 0.8938538611925709, 0.8812918805595832, 0.9125548245614036, 0.8875704887218046, 0.9187277405972368, 0.9437697823453558, 0.9123627450980392, 0.9, 0.9062243160737348]",0.915359763322877,0.020661743497673503,"[0.9003771213073538, 0.91781898177247, 0.9197045883092396, 0.8994343180389692, 0.9071338780641108, 0.9003771213073538, 0.9380892520427404, 0.9439032055311124, 0.9497171590194848, 0.8848208673790069, 0.9573619151932404, 0.9239555625097792, 0.9151932404944452, 0.9244249726177436, 0.9374119856047566, 0.9070588235294118, 0.8952941176470589, 0.8811764705882352, 0.912941176470588, 0.8878431372549018, 0.9184008762322016, 0.9443749022062274, 0.9114379596307306, 0.8998591769676106, 0.9058832733531528]",{'finalestimator__estimator_name': ['SVC']}
Simulated,covariate_shift,OTLabelProp,circular_validation,Other,0.7170000000000001,0.04143896113562695,"[0.66875, 0.675, 0.70625, 0.71875, 0.6375, 0.68125, 0.73125, 0.7875, 0.75625, 0.7625, 0.75, 0.7125, 0.73125, 0.7375, 0.6125, 0.71875, 0.7875, 0.70625, 0.73125, 0.73125, 0.675, 0.725, 0.73125, 0.7125, 0.7375]",0.717874672213729,0.041743292869646946,"[0.6673475801382778, 0.6665619107479572, 0.7078881206788183, 0.7204588309239472, 0.6382778126964174, 0.6884035197988687, 0.7292583280955374, 0.7891263356379636, 0.7581709616593337, 0.7630421118793211, 0.7510561727429197, 0.7125645438898451, 0.7320450633703646, 0.7390079799718354, 0.6166484118291347, 0.7203921568627452, 0.7890196078431373, 0.7047058823529412, 0.7329411764705882, 0.7376470588235293, 0.6740729150367705, 0.7232045063370365, 0.7315756532624003, 0.7149115944296667, 0.7385385698638711]",0.7165424598935323,0.04215590728046424,"[0.668893009929746, 0.6702535708554004, 0.7066520039100684, 0.7191348973607038, 0.6380104834924112, 0.6795908183632735, 0.7311126184577876, 0.7877992489438272, 0.75658357771261, 0.7627976190476191, 0.75, 0.7125898999374609, 0.7313024922848548, 0.7373359118612284, 0.6082290190521178, 0.7189807940291508, 0.7876993433395872, 0.7061231798736214, 0.7314705365167441, 0.7294491359379286, 0.674796365914787, 0.7242221873035827, 0.7313445156500332, 0.7116902675637615, 0.7375]",0.717874672213729,0.041743292869646974,"[0.6673475801382778, 0.6665619107479573, 0.7078881206788183, 0.7204588309239472, 0.6382778126964173, 0.6884035197988685, 0.7292583280955374, 0.7891263356379636, 0.7581709616593337, 0.7630421118793211, 0.7510561727429198, 0.7125645438898451, 0.7320450633703646, 0.7390079799718354, 0.6166484118291348, 0.720392156862745, 0.7890196078431373, 0.7047058823529413, 0.7329411764705882, 0.7376470588235293, 0.6740729150367705, 0.7232045063370365, 0.7315756532624003, 0.7149115944296667, 0.7385385698638711]","{'finalestimator__estimator_name': ['SVC'], 'otlabelpropadapter__metric': ['sqeuclidean', 'cosine', 'cityblock'], 'otlabelpropadapter__reg': [None, 0.1, 1.0]}"
Simulated,covariate_shift,JPCA,circular_validation,Subspace,0.88075,0.025953183009668247,"[0.85, 0.85, 0.88125, 0.8375, 0.8875, 0.875, 0.91875, 0.91875, 0.925, 0.86875, 0.8875, 0.86875, 0.875, 0.93125, 0.9125, 0.86875, 0.875, 0.85625, 0.88125, 0.84375, 0.875, 0.9125, 0.88125, 0.8625, 0.875]",0.8848478147083457,0.02518293214344884,"[0.8566939032055312, 0.8576367064739158, 0.8876492771841609, 0.8441231929604023, 0.893463230672533, 0.8818353236957888, 0.9225329981143936, 0.9215901948460088, 0.9302325581395348, 0.8760213702074168, 0.891566265060241, 0.8711469253637929, 0.8790486621811924, 0.9327961195431076, 0.914723830386481, 0.8733333333333333, 0.8792156862745097, 0.8592156862745097, 0.8850980392156862, 0.8482352941176471, 0.8767016116413706, 0.9142544202785168, 0.8827257080269129, 0.8646534188702863, 0.8767016116413706]",0.8805193328319945,0.026072761919467925,"[0.8496247654784241, 0.849366296354248, 0.8810411863545777, 0.8370934959349594, 0.8873769338959212, 0.8746873045653534, 0.9188357234965416, 0.91886119257087, 0.925, 0.8683137829912024, 0.8865454116907605, 0.8684677419354838, 0.8739393463230674, 0.9312312004375172, 0.912363195747342, 0.8685499785080693, 0.8748827941865918, 0.856300539083558, 0.8811989726161178, 0.8435118791762729, 0.8749218627910611, 0.9124453039537428, 0.8812175280284386, 0.8622850218886804, 0.8749218627910611]",0.8848478147083457,0.02518293214344882,"[0.8566939032055312, 0.8576367064739158, 0.8876492771841609, 0.8441231929604023, 0.8934632306725331, 0.8818353236957888, 0.9225329981143936, 0.9215901948460088, 0.9302325581395348, 0.8760213702074169, 0.891566265060241, 0.8711469253637929, 0.8790486621811923, 0.9327961195431074, 0.914723830386481, 0.8733333333333334, 0.8792156862745099, 0.8592156862745098, 0.8850980392156862, 0.8482352941176471, 0.8767016116413706, 0.9142544202785168, 0.8827257080269129, 0.8646534188702863, 0.8767016116413706]","{'finalestimator__estimator_name': ['SVC'], 'pca__n_components': [1, 2, 5, 10, 20, 50, 100]}"
Simulated,covariate_shift,MMDTarS,circular_validation,Reweighting,0.8752500000000001,0.0271521561452002,"[0.8375, 0.85, 0.86875, 0.8375, 0.875, 0.8625, 0.91875, 0.89375, 0.925, 0.85625, 0.8875, 0.86875, 0.875, 0.925, 0.9125, 0.84375, 0.875, 0.85, 0.875, 0.84375, 0.88125, 0.91875, 0.8625, 0.8625, 0.875]",0.8800370802263572,0.026122240875406152,"[0.845065996228787, 0.8576367064739158, 0.8760213702074168, 0.8441231929604023, 0.8818353236957888, 0.872093023255814, 0.9225329981143936, 0.9002199874292898, 0.9302325581395348, 0.8653362664990571, 0.891566265060241, 0.8711469253637929, 0.8790486621811924, 0.9267720231575654, 0.914723830386481, 0.8498039215686275, 0.8792156862745097, 0.8533333333333333, 0.8792156862745097, 0.8482352941176471, 0.8831951181348772, 0.9207479267720232, 0.8651228289782507, 0.8660616491941793, 0.8776404318572993]",0.8748371130941279,0.027339533962526027,"[0.8368134877171023, 0.849366296354248, 0.8683137829912024, 0.8370934959349594, 0.8746873045653534, 0.8613137254901961, 0.9188357234965416, 0.8935631667383065, 0.925, 0.8551853520905992, 0.8865454116907605, 0.8684677419354838, 0.8739393463230674, 0.9249531176746366, 0.912363195747342, 0.8430222887558217, 0.8748827941865918, 0.85, 0.8748827941865918, 0.8435118791762729, 0.8811247118127467, 0.9186642765034584, 0.8621127366609294, 0.8616372549019609, 0.8746479424190268]",0.8800370802263572,0.026122240875406145,"[0.845065996228787, 0.8576367064739158, 0.8760213702074169, 0.8441231929604023, 0.8818353236957888, 0.872093023255814, 0.9225329981143936, 0.9002199874292898, 0.9302325581395348, 0.8653362664990571, 0.891566265060241, 0.8711469253637929, 0.8790486621811923, 0.9267720231575654, 0.914723830386481, 0.8498039215686275, 0.8792156862745099, 0.8533333333333334, 0.8792156862745099, 0.8482352941176471, 0.8831951181348772, 0.9207479267720232, 0.8651228289782507, 0.8660616491941794, 0.8776404318572993]","{'finalestimator__estimator_name': ['SVC'], 'mmdtarsreweightadapter__gamma': [0.0001, 0.001, 0.01, 0.1, 1.0, 10.0, 100.0, 1000.0, None], 'mmdtarsreweightadapter__max_iter': [1000], 'mmdtarsreweightadapter__reg': [1e-06], 'mmdtarsreweightadapter__tol': [1e-06]}"
Simulated,covariate_shift,ClassRegOT,circular_validation,Mapping,0.708,0.042332697665831136,"[0.65, 0.71875, 0.7, 0.71875, 0.61875, 0.64375, 0.725, 0.78125, 0.74375, 0.74375, 0.725, 0.6875, 0.725, 0.725, 0.60625, 0.70625, 0.775, 0.70625, 0.73125, 0.71875, 0.68125, 0.7, 0.73125, 0.7, 0.7375]",0.709312530891098,0.042112126334983555,"[0.6470773098680076, 0.7176304211187932, 0.7020741671904462, 0.7204588309239472, 0.6189503456945318, 0.6525769956002514, 0.7225015713387806, 0.7833123821495915, 0.7456002514142048, 0.7465430546825895, 0.725551556876858, 0.6875293381317478, 0.7260209669848224, 0.726959787200751, 0.6106243154435925, 0.7086274509803921, 0.7764705882352941, 0.7070588235294117, 0.7321568627450981, 0.7243137254901961, 0.6800970114223126, 0.6981693005789391, 0.7315756532624003, 0.7023939915506181, 0.7385385698638711]",0.7076232707108048,0.04309652119311964,"[0.6496142339789011, 0.718871423525256, 0.7003752345215759, 0.7191348973607038, 0.6192722398340573, 0.6402125279642058, 0.7246968981262792, 0.7815493646138807, 0.7441006842619745, 0.7440203587198624, 0.7250859509298329, 0.687597717323327, 0.725, 0.7245700437773609, 0.6013620689655172, 0.7063532755185749, 0.7752110694183865, 0.7065371456500489, 0.7315127077223851, 0.7174401197604791, 0.6809127512833575, 0.6991514770584537, 0.7313445156500332, 0.6991550618056641, 0.7375]",0.7093125308910979,0.042112126334983555,"[0.6470773098680076, 0.7176304211187932, 0.7020741671904462, 0.7204588309239472, 0.6189503456945317, 0.6525769956002514, 0.7225015713387806, 0.7833123821495915, 0.7456002514142048, 0.7465430546825895, 0.725551556876858, 0.6875293381317477, 0.7260209669848224, 0.726959787200751, 0.6106243154435925, 0.7086274509803921, 0.7764705882352941, 0.7070588235294117, 0.732156862745098, 0.724313725490196, 0.6800970114223126, 0.6981693005789391, 0.7315756532624003, 0.7023939915506181, 0.7385385698638711]","[{'classregularizerotmappingadapter__max_inner_iter': [1000], 'classregularizerotmappingadapter__max_iter': [10], 'classregularizerotmappingadapter__metric': ['sqeuclidean', 'cosine', 'cityblock'], 'classregularizerotmappingadapter__norm': ['lpl1'], 'classregularizerotmappingadapter__reg_cl': [0.1], 'classregularizerotmappingadapter__reg_e': [0.1], 'classregularizerotmappingadapter__tol': [1e-06], 'finalestimator__estimator_name': ['SVC']}, {'classregularizerotmappingadapter__max_inner_iter': [1000], 'classregularizerotmappingadapter__max_iter': [10], 'classregularizerotmappingadapter__metric': ['sqeuclidean', 'cosine', 'cityblock'], 'classregularizerotmappingadapter__norm': ['lpl1'], 'classregularizerotmappingadapter__reg_cl': [0.5], 'classregularizerotmappingadapter__reg_e': [0.5], 'classregularizerotmappingadapter__tol': [1e-06], 'finalestimator__estimator_name': ['SVC']}, {'classregularizerotmappingadapter__max_inner_iter': [1000], 'classregularizerotmappingadapter__max_iter': [10], 'classregularizerotmappingadapter__metric': ['sqeuclidean', 'cosine', 'cityblock'], 'classregularizerotmappingadapter__norm': ['lpl1'], 'classregularizerotmappingadapter__reg_cl': [1.0], 'classregularizerotmappingadapter__reg_e': [1.0], 'classregularizerotmappingadapter__tol': [1e-06], 'finalestimator__estimator_name': ['SVC']}]"
Simulated,covariate_shift,Dens. RW,circular_validation,Reweighting,0.88225,0.027873878901222178,"[0.85, 0.85, 0.88125, 0.8375, 0.8875, 0.875, 0.91875, 0.925, 0.925, 0.8625, 0.9125, 0.86875, 0.88125, 0.93125, 0.9125, 0.86875, 0.875, 0.85625, 0.88125, 0.8375, 0.875, 0.91875, 0.88125, 0.8625, 0.88125]",0.8861735350417433,0.02707634332752241,"[0.8566939032055312, 0.8576367064739158, 0.8876492771841609, 0.8441231929604023, 0.893463230672533, 0.8818353236957888, 0.9225329981143936, 0.9274041483343808, 0.9302325581395348, 0.8673790069138907, 0.9156626506024096, 0.8711469253637929, 0.8850727585667344, 0.9327961195431076, 0.914723830386481, 0.8733333333333333, 0.8792156862745097, 0.8592156862745097, 0.8850980392156862, 0.8415686274509804, 0.8767016116413706, 0.9202785166640588, 0.8827257080269129, 0.8646534188702863, 0.8831951181348772]",0.8820697984862653,0.02796654659043864,"[0.8496247654784241, 0.849366296354248, 0.8810411863545777, 0.8370934959349594, 0.8873769338959212, 0.8746873045653534, 0.9188357234965416, 0.925105617274292, 0.925, 0.8625, 0.9121162280701752, 0.8684677419354838, 0.8803784489187173, 0.9312312004375172, 0.912363195747342, 0.8685499785080693, 0.8748827941865918, 0.856300539083558, 0.8811989726161178, 0.8373476324425692, 0.8749218627910611, 0.9187277823352474, 0.8812175280284386, 0.8622850218886804, 0.8811247118127467]",0.8861735350417433,0.02707634332752239,"[0.8566939032055312, 0.8576367064739158, 0.8876492771841609, 0.8441231929604023, 0.8934632306725331, 0.8818353236957888, 0.9225329981143936, 0.9274041483343808, 0.9302325581395348, 0.8673790069138907, 0.9156626506024096, 0.8711469253637929, 0.8850727585667344, 0.9327961195431074, 0.914723830386481, 0.8733333333333334, 0.8792156862745099, 0.8592156862745098, 0.8850980392156862, 0.8415686274509804, 0.8767016116413706, 0.9202785166640588, 0.8827257080269129, 0.8646534188702863, 0.8831951181348772]","{'densityreweightadapter__weight_estimator__bandwidth': [0.01, 0.1, 1.0, 10.0, 100.0, 'scott', 'silverman'], 'finalestimator__estimator_name': ['SVC']}"
Simulated,covariate_shift,Disc. RW,circular_validation,Reweighting,0.8484999999999999,0.042014692370645736,"[0.7625, 0.85625, 0.875, 0.85, 0.875, 0.8625, 0.7375, 0.825, 0.90625, 0.775, 0.86875, 0.85625, 0.8125, 0.90625, 0.8875, 0.85625, 0.8375, 0.8375, 0.825, 0.85, 0.88125, 0.9, 0.85625, 0.84375, 0.86875]",0.855048388730323,0.03811164230474301,"[0.7781269641734758, 0.8634506599622879, 0.8818353236957888, 0.8566939032055312, 0.8818353236957888, 0.8702074167190447, 0.7558139534883721, 0.8362664990571967, 0.9109050911376492, 0.7906976744186047, 0.8734939759036144, 0.8595681427006728, 0.8188076983257706, 0.9086997340009388, 0.8910968549522766, 0.8615686274509804, 0.8462745098039216, 0.8431372549019608, 0.8329411764705883, 0.8572549019607844, 0.8817868878109842, 0.8998591769676108, 0.8590987325927084, 0.8447034892818025, 0.8720857455797215]",0.8465364716942452,0.04494712602008902,"[0.7542998721227621, 0.855772238514174, 0.8746873045653534, 0.8496247654784241, 0.8746873045653534, 0.861919104991394, 0.7241093117408907, 0.8224925208628562, 0.9062902847767492, 0.7672314578005116, 0.8671206896551725, 0.8554895372075709, 0.8079013377926423, 0.9060483870967742, 0.8867941176470587, 0.8558284457478006, 0.8353507321681624, 0.8368897668596464, 0.8231851037083595, 0.8488235294117648, 0.8812917627290844, 0.9, 0.8557380337364486, 0.8437805187702644, 0.8680556644069124]",0.855048388730323,0.03811164230474303,"[0.7781269641734758, 0.863450659962288, 0.8818353236957888, 0.8566939032055312, 0.8818353236957888, 0.8702074167190447, 0.7558139534883721, 0.8362664990571967, 0.9109050911376492, 0.7906976744186046, 0.8734939759036144, 0.8595681427006729, 0.8188076983257706, 0.9086997340009388, 0.8910968549522766, 0.8615686274509805, 0.8462745098039216, 0.8431372549019607, 0.8329411764705881, 0.8572549019607844, 0.8817868878109842, 0.8998591769676106, 0.8590987325927084, 0.8447034892818025, 0.8720857455797215]","{'discriminatorreweightadapter__domain_classifier__estimator_name': ['LR', 'SVC', 'KNN', 'XGB'], 'finalestimator__estimator_name': ['SVC']}"
Simulated,covariate_shift,EntOT,circular_validation,Mapping,0.7072499999999999,0.04358898943540673,"[0.64375, 0.73125, 0.69375, 0.725, 0.61875, 0.64375, 0.725, 0.76875, 0.7375, 0.7375, 0.74375, 0.7, 0.73125, 0.725, 0.60625, 0.7, 0.79375, 0.7125, 0.71875, 0.71875, 0.6625, 0.7, 0.7125, 0.70625, 0.725]",0.7093248375894693,0.043356299662513725,"[0.6422061596480201, 0.7311439346323068, 0.6962602137020741, 0.727215587680704, 0.6198931489629164, 0.6544626021370208, 0.72438717787555, 0.7716844751728473, 0.7416719044626021, 0.7416719044626021, 0.7450320763573776, 0.7005163511187608, 0.7329838835862932, 0.726959787200751, 0.6110937255515569, 0.7027450980392157, 0.7956862745098039, 0.7129411764705882, 0.7211764705882353, 0.7243137254901961, 0.6620247222656861, 0.6981693005789391, 0.7135033641057738, 0.7088874980441245, 0.7264903770927867]",0.7067215934291284,0.04450558363093677,"[0.643903803131991, 0.7315343469571692, 0.6940731116408111, 0.7253439649781113, 0.6192717497556207, 0.638064039408867, 0.7252156862745098, 0.7689939822593882, 0.7375, 0.7375, 0.7436799289034728, 0.7000937646507268, 0.7309664530499003, 0.7245700437773609, 0.6001674173284343, 0.7, 0.7939192489547107, 0.7127699108120795, 0.7188488808156569, 0.7174401197604791, 0.6625, 0.6991514770584537, 0.7125, 0.7052038080701342, 0.7248280981403343]",0.7093248375894693,0.04335629966251374,"[0.6422061596480201, 0.7311439346323066, 0.6962602137020742, 0.727215587680704, 0.6198931489629164, 0.6544626021370208, 0.72438717787555, 0.7716844751728473, 0.7416719044626021, 0.7416719044626021, 0.7450320763573776, 0.7005163511187608, 0.7329838835862932, 0.726959787200751, 0.6110937255515569, 0.7027450980392156, 0.7956862745098039, 0.7129411764705881, 0.7211764705882353, 0.724313725490196, 0.6620247222656861, 0.6981693005789391, 0.7135033641057736, 0.7088874980441244, 0.7264903770927867]","{'entropicotmappingadapter__max_iter': [1000], 'entropicotmappingadapter__metric': ['sqeuclidean', 'cosine', 'cityblock'], 'entropicotmappingadapter__norm': ['median'], 'entropicotmappingadapter__reg_e': [0.1, 0.5, 1.0], 'entropicotmappingadapter__tol': [1e-06], 'finalestimator__estimator_name': ['SVC']}"
Simulated,covariate_shift,Gauss. RW,circular_validation,Reweighting,0.889,0.02628717605601636,"[0.8625, 0.85625, 0.8875, 0.85, 0.9, 0.8875, 0.91875, 0.93125, 0.9375, 0.8625, 0.90625, 0.8875, 0.875, 0.9375, 0.9125, 0.875, 0.8875, 0.85625, 0.89375, 0.85625, 0.88125, 0.925, 0.88125, 0.88125, 0.875]",0.8924871384953001,0.025560733437279996,"[0.8683218101822753, 0.8634506599622879, 0.8925204274041483, 0.8557510999371465, 0.9041483343808924, 0.8925204274041483, 0.9225329981143936, 0.9341609050911376, 0.9418604651162792, 0.86926461345066, 0.9096385542168676, 0.888749804412455, 0.8790486621811924, 0.9388202159286496, 0.914723830386481, 0.8792156862745097, 0.8901960784313725, 0.8592156862745097, 0.8952941176470588, 0.8592156862745097, 0.8831951181348772, 0.926302613049601, 0.8827257080269129, 0.8831951181348772, 0.8781098419652636]",0.888872156196089,0.02637808338881936,"[0.8623495858727926, 0.855772238514174, 0.8875, 0.8498359118612283, 0.9000781372089388, 0.8875, 0.9188357234965416, 0.9313440860215052, 0.9375488357555868, 0.8621560350218885, 0.9057540460049374, 0.8875, 0.8739393463230674, 0.9375, 0.912363195747342, 0.8748827941865918, 0.8875703234880451, 0.856300539083558, 0.8938538611925709, 0.856300539083558, 0.8811247118127467, 0.925, 0.8812175280284386, 0.8811247118127467, 0.8744517543859649]",0.8924871384953004,0.02556073343727998,"[0.8683218101822753, 0.863450659962288, 0.8925204274041483, 0.8557510999371465, 0.9041483343808924, 0.8925204274041483, 0.9225329981143936, 0.9341609050911378, 0.9418604651162792, 0.86926461345066, 0.9096385542168676, 0.888749804412455, 0.8790486621811923, 0.9388202159286496, 0.914723830386481, 0.8792156862745099, 0.8901960784313726, 0.8592156862745098, 0.8952941176470589, 0.8592156862745098, 0.8831951181348772, 0.926302613049601, 0.8827257080269129, 0.8831951181348772, 0.8781098419652636]","{'finalestimator__estimator_name': ['SVC'], 'gaussianreweightadapter__reg': ['auto', 1e-05, 0.01, 0.5]}"
Simulated,covariate_shift,LinOT,circular_validation,Mapping,0.73375,0.04807491983005968,"[0.68125, 0.75, 0.70625, 0.76875, 0.625, 0.65625, 0.7375, 0.78125, 0.775, 0.775, 0.79375, 0.73125, 0.775, 0.78125, 0.63125, 0.7375, 0.80625, 0.725, 0.75625, 0.75, 0.6875, 0.725, 0.73125, 0.7125, 0.74375]",0.7321076870588713,0.04743987893920162,"[0.6723758642363293, 0.7410433689503457, 0.7022313010685104, 0.7613136392206159, 0.6247642991829039, 0.6642049025769956, 0.7350722815839095, 0.7804839723444374, 0.7746700188560653, 0.77561282212445, 0.7936942575496793, 0.7306368330464716, 0.7728055077452668, 0.7792990142387732, 0.6351901110937256, 0.7294117647058823, 0.8058823529411765, 0.7223529411764706, 0.7556862745098039, 0.7521568627450981, 0.6856516976998905, 0.7222656861211079, 0.731106243154436, 0.7106869034579878, 0.7440932561414489]",0.7325572472119768,0.04866768733165607,"[0.6760594668489406, 0.7454867827208254, 0.7052635217889456, 0.7657407407407407, 0.6254699248120301, 0.6537041028253459, 0.7372106754841756, 0.7813444405196436, 0.7751764705882354, 0.7752819548872181, 0.7937903225806452, 0.7311763727447067, 0.7740080302314596, 0.7804672447013488, 0.6276684951437221, 0.7321687620889747, 0.8063183314393196, 0.7243937962525587, 0.7563359653591443, 0.7501562744178777, 0.6866161219358894, 0.7232638888888889, 0.7313025415444769, 0.7116868321810182, 0.7438401195732874]",0.7321076870588713,0.04743987893920163,"[0.6723758642363293, 0.7410433689503456, 0.7022313010685104, 0.761313639220616, 0.6247642991829039, 0.6642049025769956, 0.7350722815839095, 0.7804839723444374, 0.7746700188560655, 0.77561282212445, 0.7936942575496791, 0.7306368330464716, 0.7728055077452668, 0.7792990142387733, 0.6351901110937255, 0.7294117647058824, 0.8058823529411765, 0.7223529411764705, 0.7556862745098039, 0.7521568627450981, 0.6856516976998905, 0.7222656861211079, 0.731106243154436, 0.7106869034579878, 0.7440932561414489]","{'finalestimator__estimator_name': ['SVC'], 'linearotmappingadapter__bias': [True, False], 'linearotmappingadapter__reg': [1e-08, 1e-06, 0.1, 1, 10]}"
Simulated,covariate_shift,NN RW,circular_validation,Reweighting,0.8852500000000001,0.026875000000000024,"[0.84375, 0.8375, 0.88125, 0.85, 0.875, 0.8875, 0.925, 0.925, 0.9375, 0.86875, 0.89375, 0.8875, 0.8875, 0.90625, 0.91875, 0.875, 0.9, 0.8625, 0.89375, 0.84375, 0.8875, 0.91875, 0.88125, 0.86875, 0.875]",0.8890143741681328,0.02586769406497868,"[0.8508799497171591, 0.8469516027655563, 0.8867064739157762, 0.8557510999371465, 0.8818353236957888, 0.8944060339409177, 0.9292897548711504, 0.9274041483343808, 0.9418604651162792, 0.8760213702074168, 0.8975903614457832, 0.887341574088562, 0.8910968549522766, 0.9086997340009388, 0.9207479267720232, 0.8792156862745097, 0.9019607843137256, 0.8650980392156862, 0.8945098039215686, 0.8474509803921568, 0.8892192145204194, 0.9207479267720232, 0.8827257080269129, 0.8711469253637929, 0.8767016116413706]",0.88504191414332,0.027039141750226703,"[0.8432306940371456, 0.8360980392156863, 0.8811896949099574, 0.8498359118612283, 0.8746873045653534, 0.8872185741088181, 0.9250586029067044, 0.925105617274292, 0.9375488357555868, 0.8683137829912024, 0.8929701911377996, 0.8875, 0.8867941176470587, 0.9060483870967742, 0.9186642765034584, 0.8748827941865918, 0.900093808630394, 0.8625859509298326, 0.8938373253493014, 0.8436828587054181, 0.8874296765119549, 0.9186642765034584, 0.8812175280284386, 0.8684677419354838, 0.8749218627910611]",0.8890143741681328,0.025867694064978623,"[0.8508799497171591, 0.8469516027655563, 0.8867064739157763, 0.8557510999371465, 0.8818353236957888, 0.8944060339409177, 0.9292897548711502, 0.9274041483343808, 0.9418604651162792, 0.8760213702074169, 0.8975903614457832, 0.887341574088562, 0.8910968549522766, 0.9086997340009388, 0.9207479267720232, 0.8792156862745099, 0.9019607843137256, 0.8650980392156862, 0.8945098039215686, 0.8474509803921568, 0.8892192145204193, 0.9207479267720232, 0.8827257080269129, 0.8711469253637929, 0.8767016116413706]","{'finalestimator__estimator_name': ['SVC'], 'nearestneighborreweightadapter__laplace_smoothing': [True, False], 'nearestneighborreweightadapter__n_neighbors': [1]}"
Simulated,covariate_shift,MapOT,circular_validation,Mapping,0.7165,0.041137789298081325,"[0.66875, 0.675, 0.70625, 0.71875, 0.6375, 0.68125, 0.73125, 0.7875, 0.75625, 0.7625, 0.7375, 0.7125, 0.73125, 0.7375, 0.6125, 0.71875, 0.7875, 0.70625, 0.7375, 0.725, 0.675, 0.725, 0.73125, 0.7125, 0.7375]",0.7172359580611554,0.04141598711953172,"[0.6664047768698931, 0.6665619107479572, 0.7078881206788183, 0.7204588309239472, 0.6382778126964174, 0.6884035197988687, 0.7292583280955374, 0.7891263356379636, 0.7581709616593337, 0.7630421118793211, 0.7375997496479425, 0.7125645438898451, 0.7320450633703646, 0.7390079799718354, 0.6166484118291347, 0.7203921568627452, 0.7890196078431373, 0.7047058823529412, 0.7388235294117647, 0.7301960784313726, 0.6740729150367705, 0.7232045063370365, 0.7315756532624003, 0.7149115944296667, 0.7385385698638711]",0.7160650044873867,0.04188954445955379,"[0.6685806692619245, 0.6702535708554004, 0.7066520039100684, 0.7191348973607038, 0.6380104834924112, 0.6795908183632735, 0.7311126184577876, 0.7877992489438272, 0.75658357771261, 0.7627976190476191, 0.7375820825515947, 0.7125898999374609, 0.7313024922848548, 0.7373359118612284, 0.6082290190521178, 0.7189807940291508, 0.7876993433395872, 0.7061231798736214, 0.7377462476547842, 0.7239672977624785, 0.674796365914787, 0.7242221873035827, 0.7313445156500332, 0.7116902675637615, 0.7375]",0.7172359580611554,0.04141598711953173,"[0.6664047768698931, 0.6665619107479573, 0.7078881206788183, 0.7204588309239472, 0.6382778126964173, 0.6884035197988685, 0.7292583280955374, 0.7891263356379636, 0.7581709616593337, 0.7630421118793211, 0.7375997496479425, 0.7125645438898451, 0.7320450633703646, 0.7390079799718354, 0.6166484118291348, 0.720392156862745, 0.7890196078431373, 0.7047058823529413, 0.7388235294117647, 0.7301960784313726, 0.6740729150367705, 0.7232045063370365, 0.7315756532624003, 0.7149115944296667, 0.7385385698638711]","{'finalestimator__estimator_name': ['SVC'], 'otmappingadapter__max_iter': [1000000], 'otmappingadapter__metric': ['sqeuclidean', 'cosine', 'cityblock'], 'otmappingadapter__norm': ['median']}"
Simulated,covariate_shift,SA,circular_validation,Subspace,0.742,0.03782498072262124,"[0.69375, 0.76875, 0.75, 0.7875, 0.7125, 0.75625, 0.7375, 0.7625, 0.76875, 0.75, 0.775, 0.6875, 0.80625, 0.775, 0.73125, 0.6875, 0.78125, 0.66875, 0.7625, 0.75625, 0.675, 0.70625, 0.74375, 0.775, 0.73125]",0.7309079024580285,0.03931261454514261,"[0.6736329352608422, 0.7518856065367693, 0.7382149591451916, 0.7759270898805782, 0.6986172218730358, 0.7468573224387178, 0.7209302325581395, 0.7498428661219358, 0.7547140163419233, 0.7344437460716531, 0.7685808167735879, 0.6804881865122829, 0.8005789391331559, 0.7681114066656235, 0.7245345016429354, 0.672156862745098, 0.7690196078431373, 0.6529411764705882, 0.7513725490196079, 0.7478431372549019, 0.6651541229854483, 0.6971522453450164, 0.7361132843060554, 0.7695196369895165, 0.724065091534971]",0.7296678857074339,0.04336197920636679,"[0.6672648810817862, 0.7541834570519617, 0.7423498609065619, 0.7809973817705776, 0.7007410167246233, 0.7513964618926451, 0.7218813387423936, 0.7540569453587886, 0.7586371942356409, 0.7367846954186945, 0.7673828125, 0.6753293241695303, 0.8010304333777615, 0.7662371134020619, 0.7214806617437068, 0.6654637199795606, 0.7709752273765522, 0.6441232739087683, 0.7533533574720211, 0.7508254574094269, 0.6495358541986034, 0.6865726706243948, 0.7316201353637901, 0.7694148936170213, 0.7200589743589744]",0.7309079024580285,0.03931261454514259,"[0.6736329352608422, 0.7518856065367693, 0.7382149591451918, 0.7759270898805781, 0.6986172218730359, 0.7468573224387177, 0.7209302325581396, 0.749842866121936, 0.7547140163419234, 0.7344437460716531, 0.7685808167735878, 0.6804881865122829, 0.8005789391331559, 0.7681114066656235, 0.7245345016429354, 0.6721568627450981, 0.7690196078431373, 0.6529411764705881, 0.7513725490196078, 0.7478431372549019, 0.6651541229854483, 0.6971522453450164, 0.7361132843060554, 0.7695196369895165, 0.724065091534971]","{'finalestimator__estimator_name': ['SVC'], 'subspacealignmentadapter__n_components': [1, 2, 5, 10, 20, 50, 100]}"
Simulated,covariate_shift,TCA,circular_validation,Subspace,0.45975,0.21067754043007686,"[0.70625, 0.4375, 0.71875, 0.73125, 0.34375, 0.81875, 0.20625, 0.46875, 0.25, 0.1875, 0.31875, 0.65625, 0.2, 0.3625, 0.31875, 0.15, 0.5, 0.725, 0.51875, 0.70625, 0.35625, 0.39375, 0.74375, 0.45, 0.225]",0.4581559066242995,0.21133065890907118,"[0.7050597108736643, 0.4314896291640477, 0.7223444374607165, 0.7302011313639221, 0.353708359522313, 0.8163104965430547, 0.197517284726587, 0.4765870521684475, 0.2363293526084224, 0.1970458830923947, 0.3123924268502581, 0.656000625880144, 0.1955875449851353, 0.370051635111876, 0.3128618369582225, 0.1552941176470588, 0.4972549019607842, 0.7333333333333334, 0.5109803921568628, 0.6945098039215687, 0.3513534658112971, 0.3809263026130496, 0.7431544359255202, 0.4543889845094664, 0.2192145204193397]",0.4485948392663879,0.2171297749339101,"[0.7063768201263786, 0.4350965342617502, 0.7188708543302473, 0.7313660269241335, 0.3309677610525068, 0.8184285714285714, 0.2002871735760563, 0.463474822402763, 0.23046875, 0.1701416363348631, 0.3003973302637425, 0.6563172043010752, 0.1911111111111111, 0.3346255060728745, 0.3032191106107514, 0.1411847894406034, 0.4995285983658076, 0.7213627775153519, 0.511524024024024, 0.6941392224835954, 0.3462102628534961, 0.3149003400295289, 0.7436797972682087, 0.4423611111111111, 0.2088308457711442]",0.4581559066242995,0.21133065890907116,"[0.7050597108736643, 0.4314896291640477, 0.7223444374607165, 0.7302011313639221, 0.3537083595223129, 0.8163104965430545, 0.197517284726587, 0.4765870521684475, 0.2363293526084223, 0.1970458830923947, 0.3123924268502581, 0.6560006258801441, 0.1955875449851353, 0.370051635111876, 0.3128618369582224, 0.1552941176470588, 0.4972549019607843, 0.7333333333333333, 0.5109803921568628, 0.6945098039215687, 0.3513534658112971, 0.3809263026130496, 0.7431544359255203, 0.4543889845094664, 0.2192145204193396]","{'finalestimator__estimator_name': ['SVC'], 'transfercomponentanalysisadapter__kernel': ['rbf'], 'transfercomponentanalysisadapter__mu': [10, 100], 'transfercomponentanalysisadapter__n_components': [1, 2, 5, 10, 20, 50, 100]}"
Simulated,covariate_shift,TSL,circular_validation,Subspace,0.88075,0.025953183009668247,"[0.85, 0.85, 0.88125, 0.8375, 0.8875, 0.875, 0.91875, 0.91875, 0.925, 0.86875, 0.8875, 0.86875, 0.875, 0.93125, 0.9125, 0.86875, 0.875, 0.85625, 0.88125, 0.84375, 0.875, 0.9125, 0.88125, 0.8625, 0.875]",0.8848478147083457,0.02518293214344884,"[0.8566939032055312, 0.8576367064739158, 0.8876492771841609, 0.8441231929604023, 0.893463230672533, 0.8818353236957888, 0.9225329981143936, 0.9215901948460088, 0.9302325581395348, 0.8760213702074168, 0.891566265060241, 0.8711469253637929, 0.8790486621811924, 0.9327961195431076, 0.914723830386481, 0.8733333333333333, 0.8792156862745097, 0.8592156862745097, 0.8850980392156862, 0.8482352941176471, 0.8767016116413706, 0.9142544202785168, 0.8827257080269129, 0.8646534188702863, 0.8767016116413706]",0.8805193328319945,0.026072761919467925,"[0.8496247654784241, 0.849366296354248, 0.8810411863545777, 0.8370934959349594, 0.8873769338959212, 0.8746873045653534, 0.9188357234965416, 0.91886119257087, 0.925, 0.8683137829912024, 0.8865454116907605, 0.8684677419354838, 0.8739393463230674, 0.9312312004375172, 0.912363195747342, 0.8685499785080693, 0.8748827941865918, 0.856300539083558, 0.8811989726161178, 0.8435118791762729, 0.8749218627910611, 0.9124453039537428, 0.8812175280284386, 0.8622850218886804, 0.8749218627910611]",0.8848478147083457,0.02518293214344882,"[0.8566939032055312, 0.8576367064739158, 0.8876492771841609, 0.8441231929604023, 0.8934632306725331, 0.8818353236957888, 0.9225329981143936, 0.9215901948460088, 0.9302325581395348, 0.8760213702074169, 0.891566265060241, 0.8711469253637929, 0.8790486621811923, 0.9327961195431074, 0.914723830386481, 0.8733333333333334, 0.8792156862745099, 0.8592156862745098, 0.8850980392156862, 0.8482352941176471, 0.8767016116413706, 0.9142544202785168, 0.8827257080269129, 0.8646534188702863, 0.8767016116413706]","{'finalestimator__estimator_name': ['SVC'], 'transfersubspacelearningadapter__base_method': ['flda'], 'transfersubspacelearningadapter__length_scale': [2], 'transfersubspacelearningadapter__max_iter': [300], 'transfersubspacelearningadapter__mu': [0.1, 1, 10], 'transfersubspacelearningadapter__n_components': [1, 2, 5, 10, 20, 50, 100], 'transfersubspacelearningadapter__reg': [0.0001], 'transfersubspacelearningadapter__tol': [0.0001]}"
Simulated,subspace,CORAL,circular_validation,Mapping,0.18666666666666665,0.028514534955066402,"[0.1625, 0.1666666666666666, 0.2083333333333333, 0.1583333333333333, 0.1791666666666666, 0.1875, 0.1583333333333333, 0.225, 0.2291666666666666, 0.2166666666666666, 0.1875, 0.1458333333333333, 0.1416666666666666, 0.15, 0.175, 0.2, 0.2125, 0.1583333333333333, 0.2, 0.1916666666666666, 0.1875, 0.1958333333333333, 0.2041666666666666, 0.2541666666666666, 0.1708333333333333]",0.18666666666666665,0.02851453495506639,"[0.1625, 0.1666666666666666, 0.2083333333333333, 0.1583333333333333, 0.1791666666666666, 0.1875, 0.1583333333333333, 0.225, 0.2291666666666666, 0.2166666666666666, 0.1875, 0.1458333333333333, 0.1416666666666667, 0.15, 0.175, 0.2, 0.2125, 0.1583333333333333, 0.1999999999999999, 0.1916666666666666, 0.1875, 0.1958333333333333, 0.2041666666666667, 0.2541666666666666, 0.1708333333333333]",0.16530344875705968,0.02340296197432424,"[0.1463608854913203, 0.1474850809889173, 0.1833225875779067, 0.1449735449735449, 0.1633487285661198, 0.1654630075429305, 0.1389599317988065, 0.1898366606170599, 0.2036017291169665, 0.1894222477723484, 0.1605531739340998, 0.1313405957026077, 0.126131221719457, 0.1382709096029287, 0.1560102301790281, 0.1721759126185685, 0.1911410688493018, 0.1467192340185863, 0.1771428571428571, 0.1730605285592497, 0.1654630075429305, 0.1716590067776605, 0.1777725960072465, 0.2217250312505661, 0.1506464405754832]",0.18666666666666665,0.028514534955066402,"[0.1625, 0.1666666666666666, 0.2083333333333333, 0.1583333333333333, 0.1791666666666666, 0.1875, 0.1583333333333333, 0.225, 0.2291666666666666, 0.2166666666666666, 0.1874999999999999, 0.1458333333333333, 0.1416666666666666, 0.15, 0.175, 0.2, 0.2125, 0.1583333333333333, 0.1999999999999999, 0.1916666666666666, 0.1875, 0.1958333333333333, 0.2041666666666667, 0.2541666666666666, 0.1708333333333333]","{'coraladapter__reg': ['auto'], 'finalestimator__estimator_name': ['SVC']}"
Simulated,subspace,DASVM,circular_validation,Other,0.1363333333333333,0.042534708049884254,"[0.1041666666666666, 0.2, 0.2166666666666666, 0.1291666666666666, 0.1, 0.1666666666666666, 0.1125, 0.1125, 0.1291666666666666, 0.2, 0.1125, 0.075, 0.1125, 0.1125, 0.0625, 0.1166666666666666, 0.1583333333333333, 0.175, 0.1291666666666666, 0.1291666666666666, 0.0958333333333333, 0.1583333333333333, 0.1875, 0.2083333333333333, 0.1041666666666666]",0.1363333333333333,0.04253470804988425,"[0.1041666666666666, 0.2, 0.2166666666666666, 0.1291666666666666, 0.0999999999999999, 0.1666666666666666, 0.1125, 0.1125, 0.1291666666666666, 0.1999999999999999, 0.1125, 0.075, 0.1125, 0.1124999999999999, 0.0625, 0.1166666666666666, 0.1583333333333333, 0.175, 0.1291666666666666, 0.1291666666666666, 0.0958333333333333, 0.1583333333333333, 0.1875, 0.2083333333333333, 0.1041666666666666]",0.12400813482281046,0.035255171401012135,"[0.0943396226415094, 0.1721759126185685, 0.1840277777777777, 0.1210947766816772, 0.0937062937062937, 0.1474850809889173, 0.1027643703378674, 0.1027643703378674, 0.1210947766816772, 0.1771428571428571, 0.1042736240822834, 0.0708705357142857, 0.1027643703378674, 0.108024637504144, 0.0597412547230589, 0.1077441077441077, 0.1467192340185863, 0.1581036071150166, 0.1196138657305836, 0.1210947766816772, 0.0888573977851257, 0.1449735449735449, 0.1654630075429305, 0.1857142857142857, 0.099649281987751]",0.1363333333333333,0.04253470804988428,"[0.1041666666666666, 0.2, 0.2166666666666667, 0.1291666666666666, 0.1, 0.1666666666666666, 0.1124999999999999, 0.1124999999999999, 0.1291666666666666, 0.1999999999999999, 0.1125, 0.0749999999999999, 0.1124999999999999, 0.1124999999999999, 0.0624999999999999, 0.1166666666666667, 0.1583333333333333, 0.175, 0.1291666666666666, 0.1291666666666666, 0.0958333333333333, 0.1583333333333333, 0.1875, 0.2083333333333333, 0.1041666666666666]","{'dasvmclassifier__base_estimator__estimator_name': ['SVC'], 'dasvmclassifier__max_iter': [200]}"
Simulated,subspace,JDOT,circular_validation,Other,0.14299999999999996,0.024137913929933724,"[0.15, 0.1208333333333333, 0.1583333333333333, 0.1458333333333333, 0.1291666666666666, 0.1541666666666666, 0.1541666666666666, 0.15, 0.1708333333333333, 0.1791666666666666, 0.125, 0.0875, 0.1125, 0.1083333333333333, 0.1083333333333333, 0.1458333333333333, 0.1791666666666666, 0.1625, 0.1666666666666666, 0.1708333333333333, 0.1208333333333333, 0.1541666666666666, 0.1416666666666666, 0.15, 0.1291666666666666]",0.14299999999999996,0.024137913929933724,"[0.15, 0.1208333333333333, 0.1583333333333333, 0.1458333333333333, 0.1291666666666666, 0.1541666666666666, 0.1541666666666666, 0.15, 0.1708333333333333, 0.1791666666666666, 0.125, 0.0875, 0.1125, 0.1083333333333333, 0.1083333333333333, 0.1458333333333333, 0.1791666666666666, 0.1625, 0.1666666666666666, 0.1708333333333333, 0.1208333333333333, 0.1541666666666666, 0.1416666666666666, 0.15, 0.1291666666666666]",0.14236052853955697,0.02400432494134806,"[0.1485217391304347, 0.1204515848892748, 0.1580994720755765, 0.145106079824851, 0.1290305776944314, 0.1537993920972644, 0.1534465083143646, 0.1497638232842456, 0.1707037557951763, 0.1788102475032566, 0.1247568769102528, 0.0873573995936865, 0.1124845917463845, 0.1077756931415468, 0.108085579327591, 0.1456998489347293, 0.1788102475032566, 0.1613206071037396, 0.1652173913043478, 0.1690878407766314, 0.1195952641735774, 0.1523860888324431, 0.1414281744929147, 0.1499409681227863, 0.1273334609161606]",0.14299999999999996,0.02413791392993372,"[0.15, 0.1208333333333333, 0.1583333333333333, 0.1458333333333333, 0.1291666666666667, 0.1541666666666666, 0.1541666666666666, 0.1499999999999999, 0.1708333333333333, 0.1791666666666666, 0.1249999999999999, 0.0875, 0.1125, 0.1083333333333333, 0.1083333333333333, 0.1458333333333333, 0.1791666666666666, 0.1624999999999999, 0.1666666666666666, 0.1708333333333333, 0.1208333333333333, 0.1541666666666666, 0.1416666666666666, 0.15, 0.1291666666666666]","{'jdotclassifier__alpha': [0.1, 0.3, 0.5, 0.7, 0.9], 'jdotclassifier__base_estimator__estimator_name': ['SVC'], 'jdotclassifier__n_iter_max': [100], 'jdotclassifier__thr_weights': [1e-07], 'jdotclassifier__tol': [1e-06]}"
Simulated,subspace,KLIEP,circular_validation,Reweighting,0.19066666666666662,0.033984098950560426,"[0.15, 0.1666666666666666, 0.2041666666666666, 0.1541666666666666, 0.175, 0.2083333333333333, 0.1583333333333333, 0.2375, 0.25, 0.2333333333333333, 0.1833333333333333, 0.1416666666666666, 0.1291666666666666, 0.1708333333333333, 0.1791666666666666, 0.2, 0.2041666666666666, 0.1583333333333333, 0.175, 0.1875, 0.2041666666666666, 0.2, 0.2125, 0.2583333333333333, 0.225]",0.19066666666666662,0.033984098950560426,"[0.15, 0.1666666666666666, 0.2041666666666666, 0.1541666666666666, 0.175, 0.2083333333333333, 0.1583333333333333, 0.2375, 0.25, 0.2333333333333333, 0.1833333333333333, 0.1416666666666666, 0.1291666666666666, 0.1708333333333333, 0.1791666666666666, 0.2, 0.2041666666666666, 0.1583333333333333, 0.175, 0.1875, 0.2041666666666667, 0.1999999999999999, 0.2125, 0.2583333333333333, 0.225]",0.1678006419003388,0.0267482518558435,"[0.1365079365079365, 0.1474850809889173, 0.1751686909581646, 0.1416339258972145, 0.1600678733031673, 0.1807990801954584, 0.1389599317988065, 0.1984084977459801, 0.2159709618874773, 0.2013888888888889, 0.1575327745540511, 0.128042328042328, 0.1162635000616642, 0.15485480702872, 0.1591826572531166, 0.1721759126185685, 0.1847913072860166, 0.1467192340185863, 0.1581036071150166, 0.1677188739307499, 0.1777725960072465, 0.1771428571428571, 0.1838056680161943, 0.2246823956442831, 0.1898366606170599]",0.19066666666666662,0.03398409895056041,"[0.15, 0.1666666666666666, 0.2041666666666667, 0.1541666666666666, 0.175, 0.2083333333333333, 0.1583333333333333, 0.2375, 0.2499999999999999, 0.2333333333333333, 0.1833333333333333, 0.1416666666666667, 0.1291666666666666, 0.1708333333333333, 0.1791666666666666, 0.2, 0.2041666666666667, 0.1583333333333333, 0.175, 0.1875, 0.2041666666666667, 0.1999999999999999, 0.2125, 0.2583333333333333, 0.225]","{'finalestimator__estimator_name': ['SVC'], 'kliepreweightadapter__cv': [5], 'kliepreweightadapter__gamma': [0.0001, 0.001, 0.01, 0.1, 1.0, 10.0, 100.0, 1000.0, 'auto', 'scale'], 'kliepreweightadapter__max_iter': [1000], 'kliepreweightadapter__n_centers': [100], 'kliepreweightadapter__random_state': [0], 'kliepreweightadapter__tol': [1e-06]}"
Simulated,subspace,KMM,circular_validation,Reweighting,0.15499999999999997,0.04510148022535978,"[0.1458333333333333, 0.1583333333333333, 0.125, 0.0791666666666666, 0.1458333333333333, 0.1416666666666666, 0.1458333333333333, 0.1416666666666666, 0.1125, 0.1791666666666666, 0.1375, 0.0791666666666666, 0.1125, 0.1375, 0.1166666666666666, 0.2291666666666666, 0.175, 0.15, 0.2375, 0.1375, 0.2041666666666666, 0.2125, 0.15, 0.2583333333333333, 0.1625]",0.15499999999999997,0.045101480225359786,"[0.1458333333333333, 0.1583333333333333, 0.125, 0.0791666666666666, 0.1458333333333333, 0.1416666666666666, 0.1458333333333333, 0.1416666666666666, 0.1124999999999999, 0.1791666666666666, 0.1375, 0.0791666666666666, 0.1125, 0.1375, 0.1166666666666666, 0.2291666666666666, 0.175, 0.15, 0.2375, 0.1375, 0.2041666666666667, 0.2125, 0.15, 0.2583333333333333, 0.1625]",0.14054562836013798,0.03744147330446612,"[0.1293730424165206, 0.1430995475113122, 0.1146089522872602, 0.0772282050835957, 0.1379159292810709, 0.1314735436722647, 0.1293730424165206, 0.1329966329966329, 0.108024637504144, 0.1591826572531166, 0.1228658698070234, 0.074523215438572, 0.1027643703378674, 0.1280386134269416, 0.1077441077441077, 0.2010796221322537, 0.1636158828499014, 0.1427971146438826, 0.2014400261822942, 0.1280386134269416, 0.1777725960072465, 0.1888266957563618, 0.1365079365079365, 0.2300483022132506, 0.1443015521064301]",0.15499999999999997,0.045101480225359786,"[0.1458333333333333, 0.1583333333333333, 0.125, 0.0791666666666666, 0.1458333333333333, 0.1416666666666666, 0.1458333333333333, 0.1416666666666666, 0.1124999999999999, 0.1791666666666666, 0.1374999999999999, 0.0791666666666666, 0.1124999999999999, 0.1374999999999999, 0.1166666666666667, 0.2291666666666666, 0.175, 0.15, 0.2375, 0.1374999999999999, 0.2041666666666667, 0.2125, 0.15, 0.2583333333333333, 0.1625]","{'finalestimator__estimator_name': ['SVC'], 'kmmreweightadapter__B': [1000.0], 'kmmreweightadapter__gamma': [0.0001, 0.001, 0.01, 0.1, 1.0, 10.0, 100.0, 1000.0, None], 'kmmreweightadapter__max_iter': [1000], 'kmmreweightadapter__smooth_weights': [False], 'kmmreweightadapter__tol': [1e-06]}"
Simulated,subspace,MMD-LS,circular_validation,Mapping,0.5288333333333334,0.28226647591580184,"[0.6791666666666667, 0.4166666666666667, 0.7541666666666667, 0.425, 0.7875, 0.4583333333333333, 0.0958333333333333, 0.1166666666666666, 0.0916666666666666, 0.1083333333333333, 0.1291666666666666, 0.4458333333333333, 0.3833333333333333, 0.4416666666666666, 0.4541666666666666, 0.7416666666666667, 0.7, 0.6958333333333333, 0.9666666666666668, 0.7416666666666667, 0.4166666666666667, 0.7458333333333333, 0.9791666666666666, 0.9875, 0.4583333333333333]",0.5288333333333334,0.28226647591580184,"[0.6791666666666667, 0.4166666666666666, 0.7541666666666667, 0.425, 0.7875, 0.4583333333333333, 0.0958333333333333, 0.1166666666666666, 0.0916666666666666, 0.1083333333333333, 0.1291666666666666, 0.4458333333333333, 0.3833333333333333, 0.4416666666666666, 0.4541666666666666, 0.7416666666666667, 0.7, 0.6958333333333333, 0.9666666666666668, 0.7416666666666667, 0.4166666666666667, 0.7458333333333333, 0.9791666666666666, 0.9875, 0.4583333333333333]",0.5162433531689169,0.2856586966272807,"[0.6599878567091682, 0.4133668552273203, 0.7434736136524213, 0.4243604004449388, 0.7774504990999836, 0.453743259331886, 0.0874524714828897, 0.1044776119402985, 0.0839694656488549, 0.0977443609022556, 0.1143911439114391, 0.4455927051671732, 0.3812277890042505, 0.3063583815028902, 0.4507241566065095, 0.7326818051164127, 0.684002633311389, 0.6762689628411463, 0.9666643516910898, 0.7309027777777779, 0.4165045846068352, 0.7328028325819934, 0.9791663049705724, 0.9874997829823436, 0.4552692227110831]",0.5288333333333334,0.28226647591580184,"[0.6791666666666666, 0.4166666666666667, 0.7541666666666668, 0.425, 0.7875, 0.4583333333333333, 0.0958333333333333, 0.1166666666666666, 0.0916666666666666, 0.1083333333333333, 0.1291666666666666, 0.4458333333333333, 0.3833333333333333, 0.4416666666666666, 0.4541666666666666, 0.7416666666666668, 0.7000000000000001, 0.6958333333333333, 0.9666666666666668, 0.7416666666666666, 0.4166666666666667, 0.7458333333333333, 0.9791666666666669, 0.9875, 0.4583333333333333]","{'finalestimator__estimator_name': ['SVC'], 'mmdlsconsmappingadapter__gamma': [0.1, 1, 10], 'mmdlsconsmappingadapter__max_iter': [100], 'mmdlsconsmappingadapter__reg_k': [1e-10, 1e-08], 'mmdlsconsmappingadapter__reg_m': [1e-10, 1e-08], 'mmdlsconsmappingadapter__tol': [1e-05]}"
Simulated,subspace,Train Src,circular_validation,NO DA,0.18966666666666665,0.03270059179439576,"[0.1666666666666666, 0.1583333333333333, 0.2125, 0.15, 0.1791666666666666, 0.2083333333333333, 0.1583333333333333, 0.2375, 0.2416666666666666, 0.2333333333333333, 0.1833333333333333, 0.1416666666666666, 0.1416666666666666, 0.15, 0.175, 0.2, 0.2166666666666666, 0.1583333333333333, 0.2083333333333333, 0.1875, 0.1875, 0.2041666666666666, 0.2125, 0.2541666666666666, 0.175]",0.18966666666666665,0.03270059179439575,"[0.1666666666666666, 0.1583333333333333, 0.2125, 0.15, 0.1791666666666666, 0.2083333333333333, 0.1583333333333333, 0.2375, 0.2416666666666666, 0.2333333333333333, 0.1833333333333333, 0.1416666666666666, 0.1416666666666667, 0.15, 0.175, 0.2, 0.2166666666666666, 0.1583333333333333, 0.2083333333333333, 0.1875, 0.1875, 0.2041666666666667, 0.2125, 0.2541666666666666, 0.175]",0.16730773004612762,0.0261212594575898,"[0.1515837104072398, 0.1410955991779462, 0.1838056680161943, 0.1382709096029287, 0.165239499284945, 0.1807990801954584, 0.1389599317988065, 0.1984084977459801, 0.2127460168697282, 0.2013888888888889, 0.1575327745540511, 0.128042328042328, 0.126131221719457, 0.1382709096029287, 0.1560102301790281, 0.1721759126185685, 0.1919191919191919, 0.1467192340185863, 0.1833225875779067, 0.1677188739307499, 0.1654630075429305, 0.1777725960072465, 0.1838056680161943, 0.2217250312505661, 0.1537858821853408]",0.18966666666666665,0.03270059179439576,"[0.1666666666666666, 0.1583333333333333, 0.2125, 0.15, 0.1791666666666667, 0.2083333333333333, 0.1583333333333333, 0.2375, 0.2416666666666667, 0.2333333333333333, 0.1833333333333333, 0.1416666666666667, 0.1416666666666666, 0.15, 0.175, 0.2, 0.2166666666666666, 0.1583333333333333, 0.2083333333333333, 0.1875, 0.1875, 0.2041666666666667, 0.2125, 0.2541666666666666, 0.175]",{'finalestimator__estimator_name': ['SVC']}
Simulated,subspace,NO_DA_SOURCE_ONLY_BASE_ESTIM,circular_validation,Unknown,,,"[NaN, NaN, NaN, NaN, NaN, NaN, NaN, NaN, NaN, NaN, NaN, NaN, NaN, NaN, NaN, NaN, NaN, NaN, NaN, NaN, NaN, NaN, NaN, NaN, NaN]",,,"[NaN, NaN, NaN, NaN, NaN, NaN, NaN, NaN, NaN, NaN, NaN, NaN, NaN, NaN, NaN, NaN, NaN, NaN, NaN, NaN, NaN, NaN, NaN, NaN, NaN]",,,"[NaN, NaN, NaN, NaN, NaN, NaN, NaN, NaN, NaN, NaN, NaN, NaN, NaN, NaN, NaN, NaN, NaN, NaN, NaN, NaN, NaN, NaN, NaN, NaN, NaN]",,,"[NaN, NaN, NaN, NaN, NaN, NaN, NaN, NaN, NaN, NaN, NaN, NaN, NaN, NaN, NaN, NaN, NaN, NaN, NaN, NaN, NaN, NaN, NaN, NaN, NaN]",{'finalestimator__estimator_name': ['SVC']}
Simulated,subspace,Train Tgt,circular_validation,NO DA,0.9846666666666667,0.008395600699837451,"[0.9916666666666668, 0.9833333333333332, 0.9833333333333332, 0.9875, 0.9875, 0.9958333333333332, 0.9791666666666666, 0.9833333333333332, 0.9666666666666668, 0.9791666666666666, 0.9791666666666666, 0.9958333333333332, 0.9958333333333332, 0.9625, 0.9958333333333332, 0.9916666666666668, 0.9833333333333332, 0.9916666666666668, 0.9791666666666666, 0.9791666666666666, 0.9875, 0.9875, 0.9791666666666666, 0.9875, 0.9833333333333332]",0.9846666666666667,0.008395600699837425,"[0.9916666666666668, 0.9833333333333334, 0.9833333333333334, 0.9875, 0.9875, 0.9958333333333332, 0.9791666666666669, 0.9833333333333334, 0.9666666666666668, 0.9791666666666669, 0.9791666666666666, 0.9958333333333332, 0.9958333333333332, 0.9625, 0.9958333333333332, 0.9916666666666668, 0.9833333333333334, 0.9916666666666668, 0.9791666666666669, 0.9791666666666669, 0.9875, 0.9875, 0.9791666666666666, 0.9875, 0.9833333333333334]",0.9846641600001927,0.008398578186465482,"[0.9916660879227724, 0.9833321758455448, 0.9833321758455448, 0.9874980465697764, 0.9874997829823436, 0.9958332609941144, 0.9791634109496276, 0.9833321758455448, 0.966645820304357, 0.9791634109496276, 0.9791663049705724, 0.9958332609941144, 0.9958332609941144, 0.9624941397093296, 0.9958332609941144, 0.9916666666666668, 0.9833287024173384, 0.9916666666666668, 0.9791634109496276, 0.9791576204950064, 0.9874980465697764, 0.9874980465697764, 0.9791663049705724, 0.9874997829823436, 0.9833321758455448]",0.9846666666666667,0.008395600699837405,"[0.9916666666666666, 0.9833333333333334, 0.9833333333333334, 0.9875, 0.9875, 0.9958333333333332, 0.9791666666666669, 0.9833333333333334, 0.9666666666666668, 0.9791666666666669, 0.9791666666666669, 0.9958333333333332, 0.9958333333333332, 0.9625, 0.9958333333333332, 0.9916666666666668, 0.9833333333333334, 0.9916666666666668, 0.9791666666666669, 0.9791666666666669, 0.9875, 0.9875, 0.9791666666666669, 0.9875, 0.9833333333333334]",{'finalestimator__estimator_name': ['SVC']}
Simulated,subspace,OTLabelProp,circular_validation,Other,0.05116666666666664,0.052985519510313175,"[0.0083333333333333, 0.0833333333333333, 0.0125, 0.0125, 0.0208333333333333, 0.15, 0.0166666666666666, 0.1458333333333333, 0.0291666666666666, 0.0458333333333333, 0.025, 0.0041666666666666, 0.0083333333333333, 0.0416666666666666, 0.0041666666666666, 0.1291666666666666, 0.0333333333333333, 0.1583333333333333, 0.025, 0.025, 0.0125, 0.1333333333333333, 0.025, 0.0166666666666666, 0.1125]",0.051166666666666624,0.05298551951031317,"[0.0083333333333333, 0.0833333333333333, 0.0125, 0.0125, 0.0208333333333333, 0.15, 0.0166666666666666, 0.1458333333333333, 0.0291666666666666, 0.0458333333333333, 0.025, 0.0041666666666666, 0.0083333333333333, 0.0416666666666666, 0.0041666666666666, 0.1291666666666666, 0.0333333333333333, 0.1583333333333333, 0.0249999999999999, 0.025, 0.0125, 0.1333333333333333, 0.025, 0.0166666666666666, 0.1124999999999999]",0.0506607702527728,0.052452656841760675,"[0.0082644628099173, 0.0830786329535982, 0.012482855605132, 0.0123456790123456, 0.0206803146324946, 0.1494684177611006, 0.0165983748871449, 0.1456998489347293, 0.0287451150673035, 0.0456842214929416, 0.0249322869643725, 0.0041493775933609, 0.0082644628099173, 0.0414003889969436, 0.0041493775933609, 0.1287885366912722, 0.032258064516129, 0.1554595498571528, 0.0247290914142817, 0.024390243902439, 0.0123456790123456, 0.1303741899519197, 0.025, 0.0165983748871449, 0.1106317089719723]",0.051166666666666624,0.05298551951031317,"[0.0083333333333333, 0.0833333333333333, 0.0125, 0.0125, 0.0208333333333333, 0.15, 0.0166666666666666, 0.1458333333333333, 0.0291666666666666, 0.0458333333333333, 0.025, 0.0041666666666666, 0.0083333333333333, 0.0416666666666666, 0.0041666666666666, 0.1291666666666666, 0.0333333333333333, 0.1583333333333333, 0.0249999999999999, 0.025, 0.0125, 0.1333333333333333, 0.025, 0.0166666666666666, 0.1124999999999999]","{'finalestimator__estimator_name': ['SVC'], 'otlabelpropadapter__metric': ['sqeuclidean', 'cosine', 'cityblock'], 'otlabelpropadapter__reg': [None, 0.1, 1.0]}"
Simulated,subspace,JPCA,circular_validation,Subspace,0.18833333333333332,0.031891562508902856,"[0.1625, 0.1625, 0.2125, 0.15, 0.1791666666666666, 0.2041666666666666, 0.1583333333333333, 0.2375, 0.2416666666666666, 0.2291666666666666, 0.1833333333333333, 0.1416666666666666, 0.1375, 0.1625, 0.175, 0.1958333333333333, 0.2125, 0.1583333333333333, 0.2, 0.1916666666666666, 0.1875, 0.2083333333333333, 0.2, 0.2541666666666666, 0.1625]",0.18833333333333332,0.03189156250890286,"[0.1625, 0.1625, 0.2125, 0.15, 0.1791666666666666, 0.2041666666666667, 0.1583333333333333, 0.2375, 0.2416666666666666, 0.2291666666666666, 0.1833333333333333, 0.1416666666666666, 0.1375, 0.1625, 0.175, 0.1958333333333333, 0.2125, 0.1583333333333333, 0.1999999999999999, 0.1916666666666666, 0.1875, 0.2083333333333333, 0.2, 0.2541666666666666, 0.1625]",0.16645931624780247,0.025747454002975786,"[0.1463608854913203, 0.1443015521064301, 0.1838056680161943, 0.1382709096029287, 0.165239499284945, 0.1777725960072465, 0.1389599317988065, 0.1984084977459801, 0.2127460168697282, 0.198425737033092, 0.1575327745540511, 0.128042328042328, 0.1228658698070234, 0.1482900474937763, 0.1560102301790281, 0.1691628849706731, 0.1888266957563618, 0.1467192340185863, 0.1771428571428571, 0.1730605285592497, 0.1654630075429305, 0.1833225875779067, 0.1747259832366215, 0.2217250312505661, 0.1443015521064301]",0.18833333333333332,0.03189156250890287,"[0.1625, 0.1625, 0.2125, 0.15, 0.1791666666666667, 0.2041666666666667, 0.1583333333333333, 0.2375, 0.2416666666666667, 0.2291666666666666, 0.1833333333333333, 0.1416666666666667, 0.1374999999999999, 0.1625, 0.175, 0.1958333333333333, 0.2125, 0.1583333333333333, 0.1999999999999999, 0.1916666666666666, 0.1875, 0.2083333333333333, 0.2, 0.2541666666666666, 0.1625]","{'finalestimator__estimator_name': ['SVC'], 'pca__n_components': [1, 2, 5, 10, 20, 50, 100]}"
Simulated,subspace,MMDTarS,circular_validation,Reweighting,0.23116666666666663,0.042203486340102986,"[0.2208333333333333, 0.1583333333333333, 0.2458333333333333, 0.15, 0.1791666666666666, 0.2041666666666666, 0.2416666666666666, 0.275, 0.2458333333333333, 0.2208333333333333, 0.2083333333333333, 0.2041666666666666, 0.2291666666666666, 0.2, 0.175, 0.3083333333333333, 0.275, 0.2708333333333333, 0.2125, 0.2791666666666667, 0.2916666666666667, 0.2166666666666666, 0.2333333333333333, 0.2875, 0.2458333333333333]",0.23116666666666663,0.042203486340102965,"[0.2208333333333333, 0.1583333333333333, 0.2458333333333333, 0.15, 0.1791666666666666, 0.2041666666666667, 0.2416666666666666, 0.2749999999999999, 0.2458333333333333, 0.2208333333333333, 0.2083333333333333, 0.2041666666666667, 0.2291666666666666, 0.1999999999999999, 0.175, 0.3083333333333333, 0.275, 0.2708333333333333, 0.2125, 0.2791666666666667, 0.2916666666666666, 0.2166666666666666, 0.2333333333333333, 0.2875, 0.2458333333333333]",0.19235849069444327,0.02652801351815112,"[0.1808873720136518, 0.1410955991779462, 0.2040311497938617, 0.1382709096029287, 0.165239499284945, 0.1777725960072465, 0.1980023501762632, 0.2194976076555024, 0.2040311497938617, 0.192442645074224, 0.1753472222222222, 0.1724287339098409, 0.1864406779661017, 0.1771428571428571, 0.1560102301790281, 0.2356687898089172, 0.2156862745098039, 0.2168708396263355, 0.1863823070438198, 0.2221077283372365, 0.2298399275143461, 0.1867925888544445, 0.1985480943738657, 0.2311007025761124, 0.197324414715719]",0.23116666666666663,0.042203486340102965,"[0.2208333333333333, 0.1583333333333333, 0.2458333333333333, 0.15, 0.1791666666666667, 0.2041666666666667, 0.2416666666666666, 0.2749999999999999, 0.2458333333333333, 0.2208333333333333, 0.2083333333333333, 0.2041666666666666, 0.2291666666666666, 0.1999999999999999, 0.175, 0.3083333333333333, 0.275, 0.2708333333333333, 0.2125, 0.2791666666666667, 0.2916666666666666, 0.2166666666666666, 0.2333333333333333, 0.2875, 0.2458333333333333]","{'finalestimator__estimator_name': ['SVC'], 'mmdtarsreweightadapter__gamma': [0.0001, 0.001, 0.01, 0.1, 1.0, 10.0, 100.0, 1000.0, None], 'mmdtarsreweightadapter__max_iter': [1000], 'mmdtarsreweightadapter__reg': [1e-06], 'mmdtarsreweightadapter__tol': [1e-06]}"
Simulated,subspace,ClassRegOT,circular_validation,Mapping,0.07416666666666663,0.0546188391728769,"[0.1291666666666666, 0.1375, 0.0375, 0.0833333333333333, 0.0333333333333333, 0.0208333333333333, 0.0291666666666666, 0.025, 0.0416666666666666, 0.0875, 0.0291666666666666, 0.1083333333333333, 0.0125, 0.1, 0.025, 0.1458333333333333, 0.1666666666666666, 0.1541666666666666, 0.0291666666666666, 0.175, 0.0333333333333333, 0.0375, 0.0333333333333333, 0.1416666666666666, 0.0375]",0.07416666666666663,0.0546188391728769,"[0.1291666666666666, 0.1375, 0.0375, 0.0833333333333333, 0.0333333333333333, 0.0208333333333333, 0.0291666666666666, 0.025, 0.0416666666666666, 0.0875, 0.0291666666666666, 0.1083333333333333, 0.0125, 0.1, 0.025, 0.1458333333333333, 0.1666666666666666, 0.1541666666666666, 0.0291666666666666, 0.175, 0.0333333333333333, 0.0375, 0.0333333333333333, 0.1416666666666666, 0.0375]",0.07334108781408558,0.05451429365956409,"[0.1266040988316414, 0.1362854013456423, 0.036144578313253, 0.0833333333333333, 0.032258064516129, 0.0204081632653061, 0.0283400809716599, 0.024390243902439, 0.04, 0.0873573995936865, 0.0287451150673035, 0.1083333333333333, 0.0123456790123456, 0.09974993053626, 0.024390243902439, 0.1458185037934686, 0.1661455076089222, 0.1523860888324431, 0.0283400809716599, 0.1729323308270676, 0.032258064516129, 0.036144578313253, 0.0330647402056126, 0.1416070560455587, 0.036144578313253]",0.07416666666666662,0.0546188391728769,"[0.1291666666666666, 0.1374999999999999, 0.0374999999999999, 0.0833333333333333, 0.0333333333333333, 0.0208333333333333, 0.0291666666666666, 0.025, 0.0416666666666666, 0.0875, 0.0291666666666666, 0.1083333333333333, 0.0125, 0.1, 0.025, 0.1458333333333333, 0.1666666666666666, 0.1541666666666666, 0.0291666666666666, 0.175, 0.0333333333333333, 0.0374999999999999, 0.0333333333333333, 0.1416666666666666, 0.0374999999999999]","[{'classregularizerotmappingadapter__max_inner_iter': [1000], 'classregularizerotmappingadapter__max_iter': [10], 'classregularizerotmappingadapter__metric': ['sqeuclidean', 'cosine', 'cityblock'], 'classregularizerotmappingadapter__norm': ['lpl1'], 'classregularizerotmappingadapter__reg_cl': [0.1], 'classregularizerotmappingadapter__reg_e': [0.1], 'classregularizerotmappingadapter__tol': [1e-06], 'finalestimator__estimator_name': ['SVC']}, {'classregularizerotmappingadapter__max_inner_iter': [1000], 'classregularizerotmappingadapter__max_iter': [10], 'classregularizerotmappingadapter__metric': ['sqeuclidean', 'cosine', 'cityblock'], 'classregularizerotmappingadapter__norm': ['lpl1'], 'classregularizerotmappingadapter__reg_cl': [0.5], 'classregularizerotmappingadapter__reg_e': [0.5], 'classregularizerotmappingadapter__tol': [1e-06], 'finalestimator__estimator_name': ['SVC']}, {'classregularizerotmappingadapter__max_inner_iter': [1000], 'classregularizerotmappingadapter__max_iter': [10], 'classregularizerotmappingadapter__metric': ['sqeuclidean', 'cosine', 'cityblock'], 'classregularizerotmappingadapter__norm': ['lpl1'], 'classregularizerotmappingadapter__reg_cl': [1.0], 'classregularizerotmappingadapter__reg_e': [1.0], 'classregularizerotmappingadapter__tol': [1e-06], 'finalestimator__estimator_name': ['SVC']}]"
Simulated,subspace,Dens. RW,circular_validation,Reweighting,0.17299999999999996,0.03650532685634918,"[0.1666666666666666, 0.1125, 0.2083333333333333, 0.1458333333333333, 0.1541666666666666, 0.2166666666666666, 0.1583333333333333, 0.15, 0.1208333333333333, 0.2333333333333333, 0.1875, 0.1416666666666666, 0.1166666666666666, 0.1583333333333333, 0.1666666666666666, 0.2, 0.2208333333333333, 0.1625, 0.1333333333333333, 0.1625, 0.2041666666666666, 0.2041666666666666, 0.1666666666666666, 0.2458333333333333, 0.1875]",0.17299999999999996,0.03650532685634918,"[0.1666666666666666, 0.1125, 0.2083333333333333, 0.1458333333333333, 0.1541666666666666, 0.2166666666666666, 0.1583333333333333, 0.15, 0.1208333333333333, 0.2333333333333333, 0.1875, 0.1416666666666666, 0.1166666666666666, 0.1583333333333333, 0.1666666666666666, 0.2, 0.2208333333333333, 0.1625, 0.1333333333333333, 0.1625, 0.2041666666666666, 0.2041666666666667, 0.1666666666666666, 0.2458333333333333, 0.1875]",0.1552775300893221,0.029824707109996206,"[0.1515837104072398, 0.105652653125492, 0.1857142857142857, 0.1348842116368623, 0.1433243656696734, 0.1867925888544445, 0.1389599317988065, 0.1346153846153846, 0.116399993020537, 0.2013888888888889, 0.1605531739340998, 0.128042328042328, 0.1061766565947579, 0.1449735449735449, 0.1495996031464815, 0.1721759126185685, 0.2039024390243902, 0.1500907345090646, 0.1259892149310175, 0.1500907345090646, 0.1802428512670112, 0.1777725960072465, 0.1515837104072398, 0.218353576248313, 0.1630751622883099]",0.17299999999999996,0.036505326856349184,"[0.1666666666666666, 0.1125, 0.2083333333333333, 0.1458333333333333, 0.1541666666666666, 0.2166666666666666, 0.1583333333333333, 0.15, 0.1208333333333333, 0.2333333333333333, 0.1874999999999999, 0.1416666666666667, 0.1166666666666666, 0.1583333333333333, 0.1666666666666666, 0.2, 0.2208333333333333, 0.1624999999999999, 0.1333333333333333, 0.1624999999999999, 0.2041666666666666, 0.2041666666666667, 0.1666666666666666, 0.2458333333333333, 0.1875]","{'densityreweightadapter__weight_estimator__bandwidth': [0.01, 0.1, 1.0, 10.0, 100.0, 'scott', 'silverman'], 'finalestimator__estimator_name': ['SVC']}"
Simulated,subspace,Disc. RW,circular_validation,Reweighting,0.1765,0.02941068557388498,"[0.1625, 0.15, 0.1916666666666666, 0.15, 0.1625, 0.1958333333333333, 0.1458333333333333, 0.2291666666666666, 0.2291666666666666, 0.2041666666666666, 0.1791666666666666, 0.1291666666666666, 0.1333333333333333, 0.1875, 0.1708333333333333, 0.1875, 0.2, 0.1583333333333333, 0.175, 0.1875, 0.1666666666666666, 0.1875, 0.1833333333333333, 0.225, 0.1208333333333333]",0.1765,0.02941068557388498,"[0.1625, 0.15, 0.1916666666666666, 0.15, 0.1625, 0.1958333333333333, 0.1458333333333333, 0.2291666666666666, 0.2291666666666666, 0.2041666666666666, 0.1791666666666666, 0.1291666666666666, 0.1333333333333333, 0.1875, 0.1708333333333333, 0.1875, 0.2, 0.1583333333333333, 0.175, 0.1875, 0.1666666666666666, 0.1875, 0.1833333333333333, 0.225, 0.1208333333333333]",0.1574580587046447,0.024294706443808545,"[0.1482900474937763, 0.1346153846153846, 0.1708811168886672, 0.1382709096029287, 0.1517645197024845, 0.1716590067776605, 0.1293730424165206, 0.1927125947744504, 0.2036017291169665, 0.1802428512670112, 0.1544913177989592, 0.1180039035712401, 0.1195767195767195, 0.1698447893569844, 0.1528159645232816, 0.1630751622883099, 0.1794287342403305, 0.1449735449735449, 0.1560102301790281, 0.1677188739307499, 0.1495996031464815, 0.1654630075429305, 0.162333499537004, 0.2005157962604771, 0.1111891180342255]",0.17649999999999996,0.029410685573884973,"[0.1625, 0.15, 0.1916666666666666, 0.15, 0.1625, 0.1958333333333333, 0.1458333333333333, 0.2291666666666666, 0.2291666666666666, 0.2041666666666666, 0.1791666666666666, 0.1291666666666666, 0.1333333333333333, 0.1874999999999999, 0.1708333333333333, 0.1875, 0.1999999999999999, 0.1583333333333333, 0.175, 0.1875, 0.1666666666666666, 0.1875, 0.1833333333333333, 0.225, 0.1208333333333333]","{'discriminatorreweightadapter__domain_classifier__estimator_name': ['LR', 'SVC', 'KNN', 'XGB'], 'finalestimator__estimator_name': ['SVC']}"
Simulated,subspace,EntOT,circular_validation,Mapping,0.11999999999999994,0.06353312784157045,"[0.0166666666666666, 0.1291666666666666, 0.175, 0.1166666666666666, 0.0583333333333333, 0.0208333333333333, 0.0166666666666666, 0.1666666666666666, 0.0416666666666666, 0.1916666666666666, 0.0416666666666666, 0.1083333333333333, 0.1291666666666666, 0.1333333333333333, 0.0791666666666666, 0.1541666666666666, 0.1875, 0.1875, 0.1958333333333333, 0.1791666666666666, 0.1458333333333333, 0.1958333333333333, 0.1583333333333333, 0.025, 0.1458333333333333]",0.11999999999999994,0.06353312784157046,"[0.0166666666666666, 0.1291666666666666, 0.175, 0.1166666666666666, 0.0583333333333333, 0.0208333333333333, 0.0166666666666666, 0.1666666666666666, 0.0416666666666666, 0.1916666666666666, 0.0416666666666666, 0.1083333333333333, 0.1291666666666666, 0.1333333333333333, 0.0791666666666666, 0.1541666666666666, 0.1875, 0.1875, 0.1958333333333333, 0.1791666666666666, 0.1458333333333333, 0.1958333333333333, 0.1583333333333333, 0.0249999999999999, 0.1458333333333333]",0.11939378012301319,0.06345260318517305,"[0.0165983748871449, 0.1284252228458237, 0.175, 0.1164212281189219, 0.0551181102362204, 0.0206803146324946, 0.0165983748871449, 0.1661455076089222, 0.0410673337502605, 0.1914420672409002, 0.0414003889969436, 0.1083333333333333, 0.1291515477699265, 0.1327913279132791, 0.0790227639735375, 0.1541519818052396, 0.187147199305254, 0.1857895927208198, 0.1951486507619328, 0.1774387167487256, 0.143319809858787, 0.1954841511072514, 0.1583333333333333, 0.0247290914142817, 0.145106079824851]",0.11999999999999994,0.06353312784157045,"[0.0166666666666666, 0.1291666666666666, 0.175, 0.1166666666666666, 0.0583333333333333, 0.0208333333333333, 0.0166666666666666, 0.1666666666666666, 0.0416666666666666, 0.1916666666666667, 0.0416666666666666, 0.1083333333333333, 0.1291666666666666, 0.1333333333333333, 0.0791666666666666, 0.1541666666666666, 0.1875, 0.1874999999999999, 0.1958333333333333, 0.1791666666666666, 0.1458333333333333, 0.1958333333333333, 0.1583333333333333, 0.0249999999999999, 0.1458333333333333]","{'entropicotmappingadapter__max_iter': [1000], 'entropicotmappingadapter__metric': ['sqeuclidean', 'cosine', 'cityblock'], 'entropicotmappingadapter__norm': ['median'], 'entropicotmappingadapter__reg_e': [0.1, 0.5, 1.0], 'entropicotmappingadapter__tol': [1e-06], 'finalestimator__estimator_name': ['SVC']}"
Simulated,subspace,Gauss. RW,circular_validation,Reweighting,0.20666666666666664,0.035477888262346664,"[0.175, 0.1666666666666666, 0.2166666666666666, 0.175, 0.175, 0.2333333333333333, 0.1625, 0.2541666666666666, 0.2666666666666666, 0.2541666666666666, 0.1875, 0.1458333333333333, 0.1541666666666666, 0.1708333333333333, 0.1833333333333333, 0.2083333333333333, 0.2375, 0.2, 0.2458333333333333, 0.2125, 0.225, 0.2208333333333333, 0.2166666666666666, 0.2583333333333333, 0.2208333333333333]",0.20666666666666664,0.035477888262346664,"[0.175, 0.1666666666666666, 0.2166666666666666, 0.175, 0.175, 0.2333333333333333, 0.1625, 0.2541666666666666, 0.2666666666666666, 0.2541666666666666, 0.1875, 0.1458333333333333, 0.1541666666666666, 0.1708333333333333, 0.1833333333333333, 0.2083333333333333, 0.2375, 0.1999999999999999, 0.2458333333333333, 0.2125, 0.225, 0.2208333333333333, 0.2166666666666666, 0.2583333333333333, 0.2208333333333333]",0.17969195080327297,0.02797318586222138,"[0.1560102301790281, 0.1474850809889173, 0.1867925888544445, 0.1581036071150166, 0.1600678733031673, 0.1985480943738657, 0.1421102238978499, 0.2095821604018325, 0.2305450306033226, 0.2159296234783085, 0.1605531739340998, 0.1313405957026077, 0.1357871396895787, 0.15485480702872, 0.162333499537004, 0.1781414461826833, 0.2070914047408424, 0.1771428571428571, 0.2101674575901379, 0.1888266957563618, 0.1927083333333333, 0.1897600693253416, 0.1867925888544445, 0.2246823956442831, 0.1869417924237758]",0.20666666666666664,0.03547788826234669,"[0.175, 0.1666666666666666, 0.2166666666666666, 0.175, 0.175, 0.2333333333333333, 0.1624999999999999, 0.2541666666666667, 0.2666666666666667, 0.2541666666666666, 0.1874999999999999, 0.1458333333333333, 0.1541666666666666, 0.1708333333333333, 0.1833333333333333, 0.2083333333333333, 0.2375, 0.1999999999999999, 0.2458333333333333, 0.2125, 0.225, 0.2208333333333333, 0.2166666666666666, 0.2583333333333333, 0.2208333333333333]","{'finalestimator__estimator_name': ['SVC'], 'gaussianreweightadapter__reg': ['auto', 1e-05, 0.01, 0.5]}"
Simulated,subspace,LinOT,circular_validation,Mapping,0.17549999999999996,0.04310570556030665,"[0.1666666666666666, 0.1666666666666666, 0.2166666666666666, 0.1541666666666666, 0.0791666666666666, 0.1875, 0.1458333333333333, 0.2208333333333333, 0.2291666666666666, 0.2208333333333333, 0.1875, 0.1416666666666666, 0.15, 0.1541666666666666, 0.1791666666666666, 0.1916666666666666, 0.2083333333333333, 0.1583333333333333, 0.2, 0.0916666666666666, 0.1, 0.2041666666666666, 0.2, 0.2541666666666666, 0.1791666666666666]",0.17549999999999996,0.04310570556030665,"[0.1666666666666666, 0.1666666666666666, 0.2166666666666666, 0.1541666666666666, 0.0791666666666666, 0.1875, 0.1458333333333333, 0.2208333333333333, 0.2291666666666666, 0.2208333333333333, 0.1875, 0.1416666666666666, 0.15, 0.1541666666666666, 0.1791666666666666, 0.1916666666666666, 0.2083333333333333, 0.1583333333333333, 0.1999999999999999, 0.0916666666666666, 0.1, 0.2041666666666667, 0.2, 0.2541666666666666, 0.1791666666666666]",0.1560114812737639,0.03485069520813268,"[0.1515837104072398, 0.1474850809889173, 0.1867925888544445, 0.1416339258972145, 0.0755555555555555, 0.1654630075429305, 0.1293730424165206, 0.1869417924237758, 0.2036017291169665, 0.192442645074224, 0.1605531739340998, 0.128042328042328, 0.1325915952094111, 0.1416339258972145, 0.1591826572531166, 0.1661293788953363, 0.1879763515919937, 0.1467192340185863, 0.1771428571428571, 0.0885652567765312, 0.09974993053626, 0.1777725960072465, 0.1747259832366215, 0.2217250312505661, 0.15690365377414]",0.17549999999999996,0.04310570556030665,"[0.1666666666666666, 0.1666666666666666, 0.2166666666666666, 0.1541666666666666, 0.0791666666666666, 0.1875, 0.1458333333333333, 0.2208333333333333, 0.2291666666666666, 0.2208333333333333, 0.1874999999999999, 0.1416666666666667, 0.15, 0.1541666666666666, 0.1791666666666666, 0.1916666666666666, 0.2083333333333333, 0.1583333333333333, 0.1999999999999999, 0.0916666666666666, 0.1, 0.2041666666666667, 0.2, 0.2541666666666666, 0.1791666666666667]","{'finalestimator__estimator_name': ['SVC'], 'linearotmappingadapter__bias': [True, False], 'linearotmappingadapter__reg': [1e-08, 1e-06, 0.1, 1, 10]}"
Simulated,subspace,NN RW,circular_validation,Reweighting,0.14916666666666664,0.03994715838408238,"[0.1375, 0.1166666666666666, 0.1958333333333333, 0.0875, 0.0833333333333333, 0.1375, 0.1333333333333333, 0.1291666666666666, 0.125, 0.1708333333333333, 0.1583333333333333, 0.1166666666666666, 0.1, 0.1375, 0.1291666666666666, 0.2041666666666666, 0.1583333333333333, 0.1375, 0.1208333333333333, 0.1625, 0.225, 0.2, 0.1708333333333333, 0.2375, 0.1541666666666666]",0.14916666666666664,0.039947158384082374,"[0.1375, 0.1166666666666666, 0.1958333333333333, 0.0875, 0.0833333333333333, 0.1375, 0.1333333333333333, 0.1291666666666666, 0.125, 0.1708333333333333, 0.1583333333333333, 0.1166666666666666, 0.1, 0.1375, 0.1291666666666666, 0.2041666666666666, 0.1583333333333333, 0.1375, 0.1208333333333333, 0.1625, 0.225, 0.1999999999999999, 0.1708333333333333, 0.2375, 0.1541666666666666]",0.1362116059049037,0.03290688713930333,"[0.129505352981374, 0.1091813152181525, 0.1691628849706731, 0.0848148212637774, 0.0817391304347826, 0.1264440576040512, 0.1195767195767195, 0.1162635000616642, 0.1200502828409805, 0.15485480702872, 0.1389599317988065, 0.1077441077441077, 0.0923734155052874, 0.1280386134269416, 0.1180039035712401, 0.1802428512670112, 0.1512010645003151, 0.1280386134269416, 0.1152885270532329, 0.1500907345090646, 0.1927083333333333, 0.1771428571428571, 0.1567647733893607, 0.2122114401535398, 0.1448881088196577]",0.14916666666666661,0.03994715838408238,"[0.1374999999999999, 0.1166666666666666, 0.1958333333333333, 0.0875, 0.0833333333333333, 0.1375, 0.1333333333333333, 0.1291666666666666, 0.125, 0.1708333333333333, 0.1583333333333333, 0.1166666666666667, 0.0999999999999999, 0.1374999999999999, 0.1291666666666666, 0.2041666666666666, 0.1583333333333333, 0.1374999999999999, 0.1208333333333333, 0.1624999999999999, 0.225, 0.1999999999999999, 0.1708333333333333, 0.2375, 0.1541666666666667]","{'finalestimator__estimator_name': ['SVC'], 'nearestneighborreweightadapter__laplace_smoothing': [True, False], 'nearestneighborreweightadapter__n_neighbors': [1]}"
Simulated,subspace,MapOT,circular_validation,Mapping,0.10366666666666662,0.04502635545083773,"[0.1083333333333333, 0.0875, 0.1583333333333333, 0.0166666666666666, 0.1041666666666666, 0.1416666666666666, 0.1416666666666666, 0.1458333333333333, 0.0291666666666666, 0.0458333333333333, 0.025, 0.0833333333333333, 0.0958333333333333, 0.0916666666666666, 0.0791666666666666, 0.1375, 0.1625, 0.1583333333333333, 0.0291666666666666, 0.1416666666666666, 0.1041666666666666, 0.1333333333333333, 0.1291666666666666, 0.1291666666666666, 0.1125]",0.10366666666666662,0.04502635545083773,"[0.1083333333333333, 0.0875, 0.1583333333333333, 0.0166666666666666, 0.1041666666666666, 0.1416666666666666, 0.1416666666666666, 0.1458333333333333, 0.0291666666666666, 0.0458333333333333, 0.025, 0.0833333333333333, 0.0958333333333333, 0.0916666666666666, 0.0791666666666666, 0.1375, 0.1625, 0.1583333333333333, 0.0291666666666666, 0.1416666666666666, 0.1041666666666666, 0.1333333333333333, 0.1291666666666666, 0.1291666666666666, 0.1124999999999999]",0.10298914903329892,0.04470054917417411,"[0.1060985797827903, 0.0867230803982554, 0.1580994720755765, 0.0165983748871449, 0.1041511137346134, 0.1411298728371899, 0.1414281744929147, 0.1456998489347293, 0.0287451150673035, 0.0456842214929416, 0.0249322869643725, 0.0832696715049656, 0.0958176357228424, 0.0914142817449291, 0.0783826519087418, 0.1373652133145804, 0.1607369648045372, 0.1554595498571528, 0.0291498116286741, 0.1411298728371899, 0.1034039373772827, 0.1303741899519197, 0.1291515477699265, 0.1291515477699265, 0.1106317089719723]",0.10366666666666662,0.04502635545083773,"[0.1083333333333333, 0.0875, 0.1583333333333333, 0.0166666666666666, 0.1041666666666666, 0.1416666666666666, 0.1416666666666666, 0.1458333333333333, 0.0291666666666666, 0.0458333333333333, 0.025, 0.0833333333333333, 0.0958333333333333, 0.0916666666666666, 0.0791666666666666, 0.1375, 0.1625, 0.1583333333333333, 0.0291666666666666, 0.1416666666666666, 0.1041666666666666, 0.1333333333333333, 0.1291666666666666, 0.1291666666666666, 0.1124999999999999]","{'finalestimator__estimator_name': ['SVC'], 'otmappingadapter__max_iter': [1000000], 'otmappingadapter__metric': ['sqeuclidean', 'cosine', 'cityblock'], 'otmappingadapter__norm': ['median']}"
Simulated,subspace,SA,circular_validation,Subspace,0.1088333333333333,0.027118566825454975,"[0.1, 0.0583333333333333, 0.0958333333333333, 0.1125, 0.0791666666666666, 0.1083333333333333, 0.1, 0.1208333333333333, 0.1375, 0.1333333333333333, 0.0791666666666666, 0.0708333333333333, 0.0833333333333333, 0.1, 0.0791666666666666, 0.1166666666666666, 0.1166666666666666, 0.1583333333333333, 0.1541666666666666, 0.0916666666666666, 0.1041666666666666, 0.1541666666666666, 0.1458333333333333, 0.1125, 0.1083333333333333]",0.10883333333333328,0.02711856682545496,"[0.0999999999999999, 0.0583333333333333, 0.0958333333333333, 0.1125, 0.0791666666666666, 0.1083333333333333, 0.0999999999999999, 0.1208333333333333, 0.1374999999999999, 0.1333333333333333, 0.0791666666666666, 0.0708333333333333, 0.0833333333333333, 0.0999999999999999, 0.0791666666666666, 0.1166666666666666, 0.1166666666666666, 0.1583333333333333, 0.1541666666666666, 0.0916666666666666, 0.1041666666666666, 0.1541666666666666, 0.1458333333333333, 0.1124999999999999, 0.1083333333333333]",0.10392198530433579,0.024975799912400506,"[0.0937062937062937, 0.056695652173913, 0.0931726767773502, 0.105652653125492, 0.0755555555555555, 0.10734149054505, 0.0949088623507228, 0.116399993020537, 0.1356843368882548, 0.1327913279132791, 0.0764569657502046, 0.0688773291115016, 0.0792410714285714, 0.0969270434116089, 0.0764569657502046, 0.1136506166817643, 0.1061766565947579, 0.1410955991779462, 0.1416339258972145, 0.0885652567765312, 0.1029051270015125, 0.1433243656696734, 0.1424836601307189, 0.1090196078431372, 0.0993265993265993]",0.1088333333333333,0.02711856682545499,"[0.0999999999999999, 0.0583333333333333, 0.0958333333333333, 0.1124999999999999, 0.0791666666666666, 0.1083333333333333, 0.1, 0.1208333333333333, 0.1375, 0.1333333333333333, 0.0791666666666666, 0.0708333333333333, 0.0833333333333333, 0.1, 0.0791666666666666, 0.1166666666666667, 0.1166666666666666, 0.1583333333333333, 0.1541666666666667, 0.0916666666666666, 0.1041666666666666, 0.1541666666666667, 0.1458333333333333, 0.1125, 0.1083333333333333]","{'finalestimator__estimator_name': ['SVC'], 'subspacealignmentadapter__n_components': [1, 2, 5, 10, 20, 50, 100]}"
Simulated,subspace,TCA,circular_validation,Subspace,0.5578333333333333,0.20084212175330748,"[0.4875, 0.7166666666666667, 0.4958333333333333, 0.2166666666666666, 0.6291666666666667, 0.3416666666666667, 0.5375, 0.3416666666666667, 0.4708333333333333, 0.8958333333333334, 0.6458333333333334, 0.7041666666666667, 0.2708333333333333, 0.7375, 0.9791666666666666, 0.4541666666666666, 0.4583333333333333, 0.4333333333333333, 0.4666666666666667, 0.8625, 0.3875, 0.6291666666666667, 0.4333333333333333, 0.5, 0.85]",0.5578333333333333,0.20084212175330746,"[0.4875, 0.7166666666666667, 0.4958333333333333, 0.2166666666666666, 0.6291666666666667, 0.3416666666666667, 0.5375000000000001, 0.3416666666666667, 0.4708333333333333, 0.8958333333333333, 0.6458333333333334, 0.7041666666666666, 0.2708333333333333, 0.7375, 0.9791666666666669, 0.4541666666666666, 0.4583333333333333, 0.4333333333333333, 0.4666666666666667, 0.8625, 0.3875, 0.6291666666666667, 0.4333333333333333, 0.5, 0.8500000000000001]",0.5479430339596555,0.20746980035566737,"[0.4057851406026691, 0.7127569698676429, 0.4656952034001215, 0.2111888111888112, 0.6291602284761889, 0.3416209458990208, 0.5372991749891445, 0.3065613342111038, 0.4707506381205396, 0.8953080560450873, 0.645827184499731, 0.6943552582016466, 0.2442645074224021, 0.7373860182370819, 0.9791634109496276, 0.454157190228997, 0.4519007799873515, 0.4323478260869565, 0.4666296270574345, 0.8614391434419776, 0.3535501603298213, 0.6250987275120666, 0.4323478260869565, 0.4957630086140486, 0.8482186775349589]",0.5578333333333333,0.20084212175330746,"[0.4875, 0.7166666666666668, 0.4958333333333333, 0.2166666666666666, 0.6291666666666667, 0.3416666666666667, 0.5375, 0.3416666666666667, 0.4708333333333333, 0.8958333333333334, 0.6458333333333333, 0.7041666666666666, 0.2708333333333333, 0.7375, 0.9791666666666669, 0.4541666666666667, 0.4583333333333333, 0.4333333333333333, 0.4666666666666666, 0.8624999999999999, 0.3875, 0.6291666666666667, 0.4333333333333333, 0.5, 0.85]","{'finalestimator__estimator_name': ['SVC'], 'transfercomponentanalysisadapter__kernel': ['rbf'], 'transfercomponentanalysisadapter__mu': [10, 100], 'transfercomponentanalysisadapter__n_components': [1, 2, 5, 10, 20, 50, 100]}"
Simulated,subspace,TSL,circular_validation,Subspace,0.18966666666666665,0.03270059179439576,"[0.1666666666666666, 0.1583333333333333, 0.2125, 0.15, 0.1791666666666666, 0.2083333333333333, 0.1583333333333333, 0.2375, 0.2416666666666666, 0.2333333333333333, 0.1833333333333333, 0.1416666666666666, 0.1416666666666666, 0.15, 0.175, 0.2, 0.2166666666666666, 0.1583333333333333, 0.2083333333333333, 0.1875, 0.1875, 0.2041666666666666, 0.2125, 0.2541666666666666, 0.175]",0.18966666666666665,0.03270059179439575,"[0.1666666666666666, 0.1583333333333333, 0.2125, 0.15, 0.1791666666666666, 0.2083333333333333, 0.1583333333333333, 0.2375, 0.2416666666666666, 0.2333333333333333, 0.1833333333333333, 0.1416666666666666, 0.1416666666666667, 0.15, 0.175, 0.2, 0.2166666666666666, 0.1583333333333333, 0.2083333333333333, 0.1875, 0.1875, 0.2041666666666667, 0.2125, 0.2541666666666666, 0.175]",0.16730773004612762,0.0261212594575898,"[0.1515837104072398, 0.1410955991779462, 0.1838056680161943, 0.1382709096029287, 0.165239499284945, 0.1807990801954584, 0.1389599317988065, 0.1984084977459801, 0.2127460168697282, 0.2013888888888889, 0.1575327745540511, 0.128042328042328, 0.126131221719457, 0.1382709096029287, 0.1560102301790281, 0.1721759126185685, 0.1919191919191919, 0.1467192340185863, 0.1833225875779067, 0.1677188739307499, 0.1654630075429305, 0.1777725960072465, 0.1838056680161943, 0.2217250312505661, 0.1537858821853408]",0.18966666666666665,0.03270059179439576,"[0.1666666666666666, 0.1583333333333333, 0.2125, 0.15, 0.1791666666666667, 0.2083333333333333, 0.1583333333333333, 0.2375, 0.2416666666666667, 0.2333333333333333, 0.1833333333333333, 0.1416666666666667, 0.1416666666666666, 0.15, 0.175, 0.2, 0.2166666666666666, 0.1583333333333333, 0.2083333333333333, 0.1875, 0.1875, 0.2041666666666667, 0.2125, 0.2541666666666666, 0.175]","{'finalestimator__estimator_name': ['SVC'], 'transfersubspacelearningadapter__base_method': ['flda'], 'transfersubspacelearningadapter__length_scale': [2], 'transfersubspacelearningadapter__max_iter': [300], 'transfersubspacelearningadapter__mu': [0.1, 1, 10], 'transfersubspacelearningadapter__n_components': [1, 2, 5, 10, 20, 50, 100], 'transfersubspacelearningadapter__reg': [0.0001], 'transfersubspacelearningadapter__tol': [0.0001]}"
Simulated,target_shift,CORAL,circular_validation,Mapping,0.8384999999999999,0.03996580569687041,"[0.8, 0.85625, 0.85, 0.8375, 0.8375, 0.80625, 0.90625, 0.8, 0.79375, 0.80625, 0.8375, 0.8625, 0.81875, 0.81875, 0.7625, 0.825, 0.8, 0.85, 0.825, 0.83125, 0.9, 0.875, 0.91875, 0.9125, 0.83125]",0.8713888888888889,0.042896116828819955,"[0.8055555555555556, 0.8090277777777778, 0.8888888888888888, 0.7986111111111112, 0.8541666666666667, 0.8368055555555556, 0.9479166666666669, 0.8611111111111112, 0.8854166666666667, 0.8368055555555556, 0.9097222222222222, 0.8958333333333333, 0.8993055555555556, 0.8993055555555556, 0.8402777777777778, 0.875, 0.8611111111111112, 0.9166666666666669, 0.8194444444444444, 0.90625, 0.9166666666666669, 0.875, 0.8715277777777778, 0.9513888888888888, 0.8229166666666667]",0.8653631958017464,0.030390181012137182,"[0.8349039220847592, 0.8752396539630581, 0.8743525480367585, 0.8613333333333333, 0.8638819270398217, 0.8405610753945062, 0.9186345569324292, 0.8367591897974493, 0.8327601809954752, 0.8405610753945062, 0.8658594366938667, 0.8838117106773822, 0.8516868156212419, 0.8516868156212419, 0.8084033613445378, 0.8555409318241644, 0.8367591897974493, 0.8753246753246753, 0.853411306042885, 0.8611338398597311, 0.9126626467788004, 0.8921568627450981, 0.92502965599051, 0.9235798159314502, 0.8580453678185288]",0.8713888888888889,0.042896116828819976,"[0.8055555555555557, 0.8090277777777778, 0.8888888888888888, 0.798611111111111, 0.8541666666666666, 0.8368055555555556, 0.9479166666666669, 0.8611111111111112, 0.8854166666666667, 0.8368055555555556, 0.9097222222222222, 0.8958333333333333, 0.8993055555555556, 0.8993055555555556, 0.8402777777777777, 0.875, 0.8611111111111112, 0.9166666666666669, 0.8194444444444443, 0.90625, 0.9166666666666669, 0.875, 0.8715277777777778, 0.951388888888889, 0.8229166666666667]","{'coraladapter__reg': ['auto'], 'finalestimator__estimator_name': ['SVC']}"
Simulated,target_shift,DASVM,circular_validation,Other,0.8590000000000001,0.029705586595790392,"[0.8375, 0.85625, 0.875, 0.8625, 0.84375, 0.85625, 0.88125, 0.8375, 0.8625, 0.83125, 0.8625, 0.84375, 0.8625, 0.84375, 0.79375, 0.80625, 0.83125, 0.8625, 0.8625, 0.8625, 0.91875, 0.89375, 0.91875, 0.9, 0.86875]",0.8772222222222222,0.03723381608410806,"[0.8541666666666667, 0.8090277777777778, 0.9027777777777778, 0.8402777777777778, 0.8576388888888888, 0.8645833333333333, 0.9340277777777778, 0.8541666666666667, 0.8680555555555556, 0.8229166666666667, 0.9236111111111112, 0.8854166666666667, 0.9236111111111112, 0.9131944444444444, 0.8576388888888888, 0.8368055555555556, 0.8784722222222222, 0.9236111111111112, 0.8125, 0.8680555555555556, 0.9270833333333331, 0.8854166666666667, 0.8993055555555556, 0.9166666666666669, 0.8715277777777778]",0.8805909116769525,0.022784424433537318,"[0.8638819270398217, 0.8752396539630581, 0.8933333333333333, 0.8813725490196077, 0.868560525757897, 0.8779502879218601, 0.8991763248050149, 0.8638819270398217, 0.8826666666666666, 0.8580453678185288, 0.8848231690336952, 0.869639794168096, 0.8848231690336952, 0.8705890200787139, 0.8320548452844173, 0.8405610753945062, 0.8602361416850111, 0.8848231690336952, 0.8799111393208505, 0.8826666666666666, 0.9275291747124506, 0.9065858585858584, 0.9263571990558616, 0.9126626467788004, 0.8874011597258831]",0.8772222222222222,0.037233816084108064,"[0.8541666666666666, 0.8090277777777778, 0.9027777777777778, 0.8402777777777778, 0.8576388888888888, 0.8645833333333334, 0.9340277777777778, 0.8541666666666666, 0.8680555555555556, 0.8229166666666667, 0.9236111111111112, 0.8854166666666667, 0.9236111111111112, 0.9131944444444444, 0.8576388888888888, 0.8368055555555556, 0.8784722222222222, 0.9236111111111112, 0.8125, 0.8680555555555556, 0.9270833333333331, 0.8854166666666666, 0.8993055555555556, 0.9166666666666669, 0.8715277777777778]","{'dasvmclassifier__base_estimator__estimator_name': ['SVC'], 'dasvmclassifier__max_iter': [200]}"
Simulated,target_shift,JDOT,circular_validation,Other,0.574,0.036518402894978826,"[0.60625, 0.6625, 0.5875, 0.525, 0.6375, 0.54375, 0.58125, 0.58125, 0.49375, 0.575, 0.5875, 0.625, 0.5625, 0.59375, 0.51875, 0.56875, 0.5375, 0.5625, 0.56875, 0.55625, 0.58125, 0.55, 0.58125, 0.575, 0.5875]",0.7633333333333333,0.020288001608321587,"[0.78125, 0.8125, 0.7708333333333333, 0.7361111111111112, 0.7986111111111112, 0.7465277777777778, 0.7673611111111112, 0.7673611111111112, 0.71875, 0.7638888888888888, 0.7708333333333333, 0.7916666666666667, 0.7569444444444444, 0.7743055555555556, 0.7326388888888888, 0.7604166666666667, 0.7430555555555556, 0.7569444444444444, 0.7604166666666667, 0.7534722222222222, 0.7673611111111112, 0.75, 0.7673611111111112, 0.7638888888888888, 0.7708333333333333]",0.6522191354616913,0.033173897676018416,"[0.6816842105263158, 0.7295169946332737, 0.6650854936569223, 0.6069881201956674, 0.7085990338164251, 0.6248947951273534, 0.6594725535902006, 0.6594725535902006, 0.5761446710273181, 0.6538181818181819, 0.6650854936569223, 0.6979405034324941, 0.6423817233315344, 0.6706578521566271, 0.6009217792077917, 0.6481215244812153, 0.6189737259742549, 0.6423817233315344, 0.6481215244812153, 0.6365979150820993, 0.6594725535902006, 0.6307692307692307, 0.6594725535902006, 0.6538181818181819, 0.6650854936569223]",0.7633333333333333,0.020288001608321574,"[0.78125, 0.8125, 0.7708333333333334, 0.7361111111111112, 0.7986111111111112, 0.7465277777777778, 0.7673611111111112, 0.7673611111111112, 0.71875, 0.7638888888888888, 0.7708333333333334, 0.7916666666666666, 0.7569444444444444, 0.7743055555555556, 0.7326388888888888, 0.7604166666666666, 0.7430555555555556, 0.7569444444444444, 0.7604166666666666, 0.7534722222222222, 0.7673611111111112, 0.75, 0.7673611111111112, 0.7638888888888888, 0.7708333333333334]","{'jdotclassifier__alpha': [0.1, 0.3, 0.5, 0.7, 0.9], 'jdotclassifier__base_estimator__estimator_name': ['SVC'], 'jdotclassifier__n_iter_max': [100], 'jdotclassifier__thr_weights': [1e-07], 'jdotclassifier__tol': [1e-06]}"
Simulated,target_shift,KLIEP,circular_validation,Reweighting,0.85575,0.03873487608086542,"[0.79375, 0.85625, 0.88125, 0.86875, 0.8375, 0.85625, 0.90625, 0.84375, 0.8375, 0.85, 0.86875, 0.85625, 0.8375, 0.81875, 0.75, 0.84375, 0.8375, 0.84375, 0.8625, 0.83125, 0.9125, 0.9125, 0.93125, 0.89375, 0.8625]",0.8798611111111111,0.03601471732060563,"[0.8298611111111112, 0.8090277777777778, 0.90625, 0.84375, 0.8819444444444444, 0.8645833333333333, 0.9479166666666669, 0.8854166666666667, 0.8819444444444444, 0.8611111111111112, 0.9270833333333331, 0.8923611111111112, 0.9097222222222222, 0.8993055555555556, 0.8333333333333333, 0.8576388888888888, 0.8819444444444444, 0.9131944444444444, 0.8402777777777778, 0.8784722222222222, 0.9236111111111112, 0.8680555555555556, 0.8784722222222222, 0.9409722222222222, 0.8402777777777778]",0.8783531414485105,0.02931135099519169,"[0.8312298246724475, 0.8752396539630581, 0.8981248587996082, 0.886088379705401, 0.864935064935065, 0.8779502879218601, 0.9186345569324292, 0.869639794168096, 0.864935064935065, 0.8732491389207807, 0.8895908416366336, 0.8790756836972651, 0.8658594366938667, 0.8516868156212419, 0.7988571428571428, 0.868560525757897, 0.864935064935065, 0.8705890200787139, 0.8813725490196077, 0.8602361416850111, 0.9225296442687746, 0.92, 0.9352879381147932, 0.908848557873334, 0.8813725490196077]",0.8798611111111111,0.03601471732060559,"[0.8298611111111112, 0.8090277777777778, 0.90625, 0.84375, 0.8819444444444444, 0.8645833333333334, 0.9479166666666669, 0.8854166666666667, 0.8819444444444444, 0.8611111111111112, 0.9270833333333331, 0.8923611111111112, 0.9097222222222222, 0.8993055555555556, 0.8333333333333334, 0.8576388888888888, 0.8819444444444444, 0.9131944444444444, 0.8402777777777778, 0.8784722222222222, 0.9236111111111112, 0.8680555555555557, 0.8784722222222222, 0.9409722222222222, 0.8402777777777778]","{'finalestimator__estimator_name': ['SVC'], 'kliepreweightadapter__cv': [5], 'kliepreweightadapter__gamma': [0.0001, 0.001, 0.01, 0.1, 1.0, 10.0, 100.0, 1000.0, 'auto', 'scale'], 'kliepreweightadapter__max_iter': [1000], 'kliepreweightadapter__n_centers': [100], 'kliepreweightadapter__random_state': [0], 'kliepreweightadapter__tol': [1e-06]}"
Simulated,target_shift,KMM,circular_validation,Reweighting,0.86925,0.03956633406908793,"[0.79375, 0.875, 0.85, 0.85, 0.875, 0.86875, 0.90625, 0.88125, 0.86875, 0.83125, 0.8875, 0.9375, 0.9, 0.8375, 0.8, 0.825, 0.84375, 0.91875, 0.8375, 0.825, 0.90625, 0.9, 0.9375, 0.90625, 0.86875]",0.8773611111111111,0.04343424785024915,"[0.8298611111111112, 0.8194444444444444, 0.8888888888888888, 0.8055555555555556, 0.9305555555555556, 0.8715277777777778, 0.9479166666666669, 0.8506944444444444, 0.8993055555555556, 0.8506944444444444, 0.9375, 0.8819444444444444, 0.9444444444444444, 0.9097222222222222, 0.8888888888888888, 0.8194444444444444, 0.8854166666666667, 0.9270833333333331, 0.8263888888888888, 0.8472222222222222, 0.9201388888888888, 0.8888888888888888, 0.8263888888888888, 0.8923611111111112, 0.84375]",0.888308584949911,0.030163692764565143,"[0.8312298246724475, 0.8893280632411067, 0.8743525480367585, 0.8705882352941176, 0.894374282433984, 0.8874011597258831, 0.9186345569324292, 0.8955959595959596, 0.8885633063634375, 0.8592109777015438, 0.904, 0.9405320813771516, 0.9137254901960784, 0.8658594366938667, 0.8375, 0.853411306042885, 0.869639794168096, 0.9275291747124506, 0.8626865671641791, 0.8545454545454545, 0.9175757575757576, 0.9114624505928852, 0.9375, 0.9163798169759044, 0.886088379705401]",0.8773611111111111,0.04343424785024916,"[0.8298611111111112, 0.8194444444444443, 0.8888888888888888, 0.8055555555555557, 0.9305555555555556, 0.8715277777777778, 0.9479166666666669, 0.8506944444444443, 0.8993055555555556, 0.8506944444444444, 0.9375, 0.8819444444444443, 0.9444444444444444, 0.9097222222222222, 0.8888888888888888, 0.8194444444444443, 0.8854166666666667, 0.9270833333333331, 0.826388888888889, 0.8472222222222222, 0.9201388888888888, 0.8888888888888888, 0.8263888888888888, 0.8923611111111112, 0.84375]","{'finalestimator__estimator_name': ['SVC'], 'kmmreweightadapter__B': [1000.0], 'kmmreweightadapter__gamma': [0.0001, 0.001, 0.01, 0.1, 1.0, 10.0, 100.0, 1000.0, None], 'kmmreweightadapter__max_iter': [1000], 'kmmreweightadapter__smooth_weights': [False], 'kmmreweightadapter__tol': [1e-06]}"
Simulated,target_shift,MMD-LS,circular_validation,Mapping,0.7454999999999999,0.08726754837853533,"[0.78125, 0.80625, 0.8375, 0.58125, 0.8125, 0.78125, 0.625, 0.70625, 0.6875, 0.78125, 0.7875, 0.63125, 0.775, 0.625, 0.7, 0.875, 0.76875, 0.7625, 0.78125, 0.825, 0.59375, 0.84375, 0.85, 0.7875, 0.63125]",0.8419444444444444,0.0428684704802594,"[0.8229166666666667, 0.8368055555555556, 0.8819444444444444, 0.7673611111111112, 0.8402777777777778, 0.8784722222222222, 0.7916666666666667, 0.8368055555555556, 0.8263888888888888, 0.8506944444444444, 0.8819444444444444, 0.7951388888888888, 0.875, 0.7916666666666667, 0.8055555555555556, 0.9027777777777778, 0.8715277777777778, 0.8680555555555556, 0.7951388888888888, 0.9027777777777778, 0.7743055555555556, 0.8854166666666667, 0.8888888888888888, 0.8819444444444444, 0.7951388888888888]",0.7935126818716927,0.06910988585901583,"[0.8218763510592305, 0.8405610753945062, 0.864935064935065, 0.6594725535902006, 0.8452224269544617, 0.8232552651760958, 0.6979405034324941, 0.764987656914754, 0.7499487599918016, 0.8226244343891403, 0.8280124075399666, 0.7032871059071931, 0.8184873949579832, 0.6979405034324941, 0.7599491417673236, 0.8933333333333333, 0.8137074888850396, 0.8089142857142857, 0.8210013291980506, 0.8564102564102564, 0.6706578521566271, 0.869639794168096, 0.8743525480367585, 0.8280124075399666, 0.7032871059071931]",0.8419444444444444,0.04286847048025942,"[0.8229166666666666, 0.8368055555555556, 0.8819444444444444, 0.7673611111111112, 0.8402777777777778, 0.8784722222222222, 0.7916666666666666, 0.8368055555555556, 0.8263888888888888, 0.8506944444444444, 0.8819444444444444, 0.7951388888888888, 0.875, 0.7916666666666666, 0.8055555555555556, 0.9027777777777778, 0.8715277777777778, 0.8680555555555556, 0.795138888888889, 0.9027777777777778, 0.7743055555555556, 0.8854166666666667, 0.8888888888888888, 0.8819444444444444, 0.7951388888888888]","{'finalestimator__estimator_name': ['SVC'], 'mmdlsconsmappingadapter__gamma': [0.1, 1, 10], 'mmdlsconsmappingadapter__max_iter': [100], 'mmdlsconsmappingadapter__reg_k': [1e-10, 1e-08], 'mmdlsconsmappingadapter__reg_m': [1e-10, 1e-08], 'mmdlsconsmappingadapter__tol': [1e-05]}"
Simulated,target_shift,Train Src,circular_validation,NO DA,0.8504999999999999,0.04062179474534988,"[0.79375, 0.85625, 0.88125, 0.85625, 0.8375, 0.85, 0.90625, 0.825, 0.84375, 0.8375, 0.85, 0.85625, 0.8375, 0.81875, 0.75, 0.84375, 0.7875, 0.84375, 0.8625, 0.83125, 0.9125, 0.90625, 0.93125, 0.89375, 0.85]",0.8813888888888889,0.036865015736983836,"[0.8298611111111112, 0.8090277777777778, 0.90625, 0.8368055555555556, 0.8819444444444444, 0.8888888888888888, 0.9479166666666669, 0.875, 0.9131944444444444, 0.8819444444444444, 0.9166666666666669, 0.8923611111111112, 0.9097222222222222, 0.8993055555555556, 0.8333333333333333, 0.8576388888888888, 0.8541666666666667, 0.9131944444444444, 0.8402777777777778, 0.8784722222222222, 0.9236111111111112, 0.8923611111111112, 0.8784722222222222, 0.9409722222222222, 0.8333333333333333]",0.8745684273119078,0.030786062208421606,"[0.8312298246724475, 0.8752396539630581, 0.8981248587996082, 0.8766774606521576, 0.864935064935065, 0.8743525480367585, 0.9186345569324292, 0.8555409318241644, 0.8705890200787139, 0.864935064935065, 0.8753246753246753, 0.8790756836972651, 0.8658594366938667, 0.8516868156212419, 0.7988571428571428, 0.868560525757897, 0.82734375, 0.8705890200787139, 0.8813725490196077, 0.8602361416850111, 0.9225296442687746, 0.9163798169759044, 0.9352879381147932, 0.908848557873334, 0.8719999999999999]",0.8813888888888889,0.03686501573698383,"[0.8298611111111112, 0.8090277777777778, 0.90625, 0.8368055555555557, 0.8819444444444444, 0.8888888888888888, 0.9479166666666669, 0.875, 0.9131944444444444, 0.8819444444444444, 0.9166666666666669, 0.8923611111111112, 0.9097222222222222, 0.8993055555555556, 0.8333333333333334, 0.8576388888888888, 0.8541666666666667, 0.9131944444444444, 0.8402777777777778, 0.8784722222222222, 0.9236111111111112, 0.8923611111111112, 0.8784722222222222, 0.9409722222222222, 0.8333333333333333]",{'finalestimator__estimator_name': ['SVC']}
Simulated,target_shift,NO_DA_SOURCE_ONLY_BASE_ESTIM,circular_validation,Unknown,,,"[NaN, NaN, NaN, NaN, NaN, NaN, NaN, NaN, NaN, NaN, NaN, NaN, NaN, NaN, NaN, NaN, NaN, NaN, NaN, NaN, NaN, NaN, NaN, NaN, NaN]",,,"[NaN, NaN, NaN, NaN, NaN, NaN, NaN, NaN, NaN, NaN, NaN, NaN, NaN, NaN, NaN, NaN, NaN, NaN, NaN, NaN, NaN, NaN, NaN, NaN, NaN]",,,"[NaN, NaN, NaN, NaN, NaN, NaN, NaN, NaN, NaN, NaN, NaN, NaN, NaN, NaN, NaN, NaN, NaN, NaN, NaN, NaN, NaN, NaN, NaN, NaN, NaN]",,,"[NaN, NaN, NaN, NaN, NaN, NaN, NaN, NaN, NaN, NaN, NaN, NaN, NaN, NaN, NaN, NaN, NaN, NaN, NaN, NaN, NaN, NaN, NaN, NaN, NaN]",{'finalestimator__estimator_name': ['SVC']}
Simulated,target_shift,Train Tgt,circular_validation,NO DA,0.9315000000000001,0.016583123951777006,"[0.91875, 0.91875, 0.925, 0.9375, 0.95625, 0.9375, 0.94375, 0.925, 0.93125, 0.90625, 0.9625, 0.9375, 0.94375, 0.9625, 0.94375, 0.93125, 0.9, 0.9125, 0.9375, 0.90625, 0.9375, 0.9375, 0.93125, 0.93125, 0.9125]",0.7319444444444444,0.08211885081049426,"[0.7326388888888888, 0.6493055555555556, 0.6805555555555556, 0.7430555555555556, 0.8368055555555556, 0.7152777777777778, 0.71875, 0.6805555555555556, 0.6840277777777778, 0.6423611111111112, 0.8680555555555556, 0.7152777777777778, 0.8298611111111112, 0.8958333333333333, 0.8298611111111112, 0.6840277777777778, 0.6111111111111112, 0.7013888888888888, 0.7152777777777778, 0.5868055555555556, 0.7152777777777778, 0.8263888888888888, 0.65625, 0.8229166666666667, 0.7569444444444444]",0.9235935322172351,0.02071882319439593,"[0.9149662282260932, 0.9040843214756258, 0.9135135135135136, 0.9309262166405023, 0.9542125844294348, 0.927927927927928, 0.933596837944664, 0.9135135135135136, 0.9188405797101448, 0.8942372881355933, 0.9613793103448276, 0.927927927927928, 0.9429400602745842, 0.9625, 0.9429400602745842, 0.9188405797101448, 0.8846846846846848, 0.9068493150684932, 0.927927927927928, 0.8834209268991879, 0.927927927927928, 0.9375, 0.914508679726071, 0.9321718931475028, 0.9125]",0.7319444444444444,0.08211885081049426,"[0.732638888888889, 0.6493055555555556, 0.6805555555555556, 0.7430555555555556, 0.8368055555555556, 0.7152777777777778, 0.71875, 0.6805555555555556, 0.6840277777777778, 0.6423611111111112, 0.8680555555555557, 0.7152777777777778, 0.8298611111111112, 0.8958333333333333, 0.8298611111111112, 0.6840277777777778, 0.611111111111111, 0.701388888888889, 0.7152777777777778, 0.5868055555555556, 0.7152777777777778, 0.8263888888888888, 0.65625, 0.8229166666666666, 0.7569444444444444]",{'finalestimator__estimator_name': ['SVC']}
Simulated,target_shift,OTLabelProp,circular_validation,Other,0.58725,0.04080409242138997,"[0.58125, 0.70625, 0.575, 0.525, 0.6375, 0.5625, 0.58125, 0.6, 0.5375, 0.5875, 0.5875, 0.65, 0.55625, 0.65625, 0.55, 0.56875, 0.5375, 0.5625, 0.56875, 0.60625, 0.59375, 0.56875, 0.58125, 0.6, 0.6]",0.7706944444444445,0.022668940234105556,"[0.7673611111111112, 0.8368055555555556, 0.7638888888888888, 0.7361111111111112, 0.7986111111111112, 0.7569444444444444, 0.7673611111111112, 0.7777777777777778, 0.7430555555555556, 0.7708333333333333, 0.7708333333333333, 0.8055555555555556, 0.7534722222222222, 0.8090277777777778, 0.75, 0.7604166666666667, 0.7430555555555556, 0.7569444444444444, 0.7604166666666667, 0.78125, 0.7743055555555556, 0.7604166666666667, 0.7673611111111112, 0.7777777777777778, 0.7777777777777778]",0.6640718105723106,0.03575843731759623,"[0.6594725535902006, 0.764987656914754, 0.6538181818181819, 0.6069881201956674, 0.7085990338164251, 0.6423817233315344, 0.6594725535902006, 0.6761904761904762, 0.6189737259742549, 0.6650854936569223, 0.6650854936569223, 0.7191222570532915, 0.6365979150820993, 0.7243352572640719, 0.6307692307692307, 0.6481215244812153, 0.6189737259742549, 0.6423817233315344, 0.6481215244812153, 0.6816842105263158, 0.6706578521566271, 0.6481215244812153, 0.6594725535902006, 0.6761904761904762, 0.6761904761904762]",0.7706944444444445,0.022668940234105563,"[0.7673611111111112, 0.8368055555555556, 0.7638888888888888, 0.7361111111111112, 0.7986111111111112, 0.7569444444444444, 0.7673611111111112, 0.7777777777777778, 0.7430555555555556, 0.7708333333333334, 0.7708333333333334, 0.8055555555555556, 0.7534722222222222, 0.8090277777777778, 0.75, 0.7604166666666666, 0.7430555555555556, 0.7569444444444444, 0.7604166666666666, 0.78125, 0.7743055555555556, 0.7604166666666666, 0.7673611111111112, 0.7777777777777778, 0.7777777777777778]","{'finalestimator__estimator_name': ['SVC'], 'otlabelpropadapter__metric': ['sqeuclidean', 'cosine', 'cityblock'], 'otlabelpropadapter__reg': [None, 0.1, 1.0]}"
Simulated,target_shift,JPCA,circular_validation,Subspace,0.8504999999999999,0.04062179474534988,"[0.79375, 0.85625, 0.88125, 0.85625, 0.8375, 0.85, 0.90625, 0.825, 0.84375, 0.8375, 0.85, 0.85625, 0.8375, 0.81875, 0.75, 0.84375, 0.7875, 0.84375, 0.8625, 0.83125, 0.9125, 0.90625, 0.93125, 0.89375, 0.85]",0.8813888888888889,0.036865015736983836,"[0.8298611111111112, 0.8090277777777778, 0.90625, 0.8368055555555556, 0.8819444444444444, 0.8888888888888888, 0.9479166666666669, 0.875, 0.9131944444444444, 0.8819444444444444, 0.9166666666666669, 0.8923611111111112, 0.9097222222222222, 0.8993055555555556, 0.8333333333333333, 0.8576388888888888, 0.8541666666666667, 0.9131944444444444, 0.8402777777777778, 0.8784722222222222, 0.9236111111111112, 0.8923611111111112, 0.8784722222222222, 0.9409722222222222, 0.8333333333333333]",0.8745684273119078,0.030786062208421606,"[0.8312298246724475, 0.8752396539630581, 0.8981248587996082, 0.8766774606521576, 0.864935064935065, 0.8743525480367585, 0.9186345569324292, 0.8555409318241644, 0.8705890200787139, 0.864935064935065, 0.8753246753246753, 0.8790756836972651, 0.8658594366938667, 0.8516868156212419, 0.7988571428571428, 0.868560525757897, 0.82734375, 0.8705890200787139, 0.8813725490196077, 0.8602361416850111, 0.9225296442687746, 0.9163798169759044, 0.9352879381147932, 0.908848557873334, 0.8719999999999999]",0.8813888888888889,0.03686501573698383,"[0.8298611111111112, 0.8090277777777778, 0.90625, 0.8368055555555557, 0.8819444444444444, 0.8888888888888888, 0.9479166666666669, 0.875, 0.9131944444444444, 0.8819444444444444, 0.9166666666666669, 0.8923611111111112, 0.9097222222222222, 0.8993055555555556, 0.8333333333333334, 0.8576388888888888, 0.8541666666666667, 0.9131944444444444, 0.8402777777777778, 0.8784722222222222, 0.9236111111111112, 0.8923611111111112, 0.8784722222222222, 0.9409722222222222, 0.8333333333333333]","{'finalestimator__estimator_name': ['SVC'], 'pca__n_components': [1, 2, 5, 10, 20, 50, 100]}"
Simulated,target_shift,MMDTarS,circular_validation,Reweighting,0.8575,0.03831577949531151,"[0.79375, 0.85625, 0.88125, 0.8625, 0.8375, 0.84375, 0.90625, 0.83125, 0.85, 0.84375, 0.85625, 0.8625, 0.8375, 0.83125, 0.75, 0.84375, 0.8375, 0.85625, 0.875, 0.875, 0.9125, 0.9125, 0.93125, 0.89375, 0.85625]",0.8763888888888889,0.039219719617725524,"[0.8298611111111112, 0.8090277777777778, 0.90625, 0.8402777777777778, 0.8819444444444444, 0.8576388888888888, 0.9479166666666669, 0.8506944444444444, 0.8888888888888888, 0.8576388888888888, 0.9201388888888888, 0.8958333333333333, 0.9097222222222222, 0.90625, 0.8333333333333333, 0.8576388888888888, 0.8541666666666667, 0.9201388888888888, 0.8194444444444444, 0.8472222222222222, 0.9236111111111112, 0.8958333333333333, 0.8784722222222222, 0.9409722222222222, 0.8368055555555556]",0.8794922315205835,0.029110473602301647,"[0.8312298246724475, 0.8752396539630581, 0.8981248587996082, 0.8813725490196077, 0.864935064935065, 0.868560525757897, 0.9186345569324292, 0.8592109777015438, 0.8743525480367585, 0.868560525757897, 0.8800686106346485, 0.8838117106773822, 0.8658594366938667, 0.8611338398597311, 0.7988571428571428, 0.868560525757897, 0.8638819270398217, 0.8800686106346485, 0.8893280632411067, 0.8908283084735004, 0.9225296442687746, 0.9213429256594724, 0.9352879381147932, 0.908848557873334, 0.8766774606521576]",0.8763888888888889,0.039219719617725524,"[0.8298611111111112, 0.8090277777777778, 0.90625, 0.8402777777777778, 0.8819444444444444, 0.8576388888888888, 0.9479166666666669, 0.8506944444444444, 0.8888888888888888, 0.8576388888888888, 0.9201388888888888, 0.8958333333333333, 0.9097222222222222, 0.90625, 0.8333333333333334, 0.8576388888888888, 0.8541666666666666, 0.9201388888888888, 0.8194444444444443, 0.8472222222222222, 0.9236111111111112, 0.8958333333333334, 0.8784722222222222, 0.9409722222222222, 0.8368055555555557]","{'finalestimator__estimator_name': ['SVC'], 'mmdtarsreweightadapter__gamma': [0.0001, 0.001, 0.01, 0.1, 1.0, 10.0, 100.0, 1000.0, None], 'mmdtarsreweightadapter__max_iter': [1000], 'mmdtarsreweightadapter__reg': [1e-06], 'mmdtarsreweightadapter__tol': [1e-06]}"
Simulated,target_shift,ClassRegOT,circular_validation,Mapping,0.5805,0.042783977725312075,"[0.63125, 0.61875, 0.55, 0.51875, 0.65625, 0.55, 0.5625, 0.59375, 0.51875, 0.625, 0.64375, 0.65, 0.50625, 0.6125, 0.50625, 0.6, 0.56875, 0.575, 0.575, 0.5625, 0.575, 0.5625, 0.58125, 0.5875, 0.58125]",0.7669444444444444,0.02376887651406227,"[0.7951388888888888, 0.7881944444444444, 0.75, 0.7326388888888888, 0.8090277777777778, 0.75, 0.7569444444444444, 0.7743055555555556, 0.7326388888888888, 0.7916666666666667, 0.8020833333333333, 0.8055555555555556, 0.7256944444444444, 0.7847222222222222, 0.7256944444444444, 0.7777777777777778, 0.7604166666666667, 0.7638888888888888, 0.7638888888888888, 0.7569444444444444, 0.7638888888888888, 0.7569444444444444, 0.7673611111111112, 0.7708333333333333, 0.7673611111111112]",0.6578607043830493,0.03872786822683845,"[0.7032871059071931, 0.6925583818862204, 0.6307692307692307, 0.6009217792077917, 0.7243352572640719, 0.6307692307692307, 0.6423817233315344, 0.6706578521566271, 0.6009217792077917, 0.6979405034324941, 0.7138771341018532, 0.7191222570532915, 0.5886374412690202, 0.6871398983242327, 0.5886374412690202, 0.6761904761904762, 0.6481215244812153, 0.6538181818181819, 0.6538181818181819, 0.6423817233315344, 0.6538181818181819, 0.6423817233315344, 0.6594725535902006, 0.6650854936569223, 0.6594725535902006]",0.7669444444444444,0.023768876514062273,"[0.7951388888888888, 0.7881944444444444, 0.75, 0.7326388888888888, 0.8090277777777778, 0.75, 0.7569444444444444, 0.7743055555555556, 0.7326388888888888, 0.7916666666666666, 0.8020833333333334, 0.8055555555555556, 0.7256944444444444, 0.7847222222222222, 0.7256944444444444, 0.7777777777777778, 0.7604166666666666, 0.7638888888888888, 0.7638888888888888, 0.7569444444444444, 0.7638888888888888, 0.7569444444444444, 0.7673611111111112, 0.7708333333333334, 0.7673611111111112]","[{'classregularizerotmappingadapter__max_inner_iter': [1000], 'classregularizerotmappingadapter__max_iter': [10], 'classregularizerotmappingadapter__metric': ['sqeuclidean', 'cosine', 'cityblock'], 'classregularizerotmappingadapter__norm': ['lpl1'], 'classregularizerotmappingadapter__reg_cl': [0.1], 'classregularizerotmappingadapter__reg_e': [0.1], 'classregularizerotmappingadapter__tol': [1e-06], 'finalestimator__estimator_name': ['SVC']}, {'classregularizerotmappingadapter__max_inner_iter': [1000], 'classregularizerotmappingadapter__max_iter': [10], 'classregularizerotmappingadapter__metric': ['sqeuclidean', 'cosine', 'cityblock'], 'classregularizerotmappingadapter__norm': ['lpl1'], 'classregularizerotmappingadapter__reg_cl': [0.5], 'classregularizerotmappingadapter__reg_e': [0.5], 'classregularizerotmappingadapter__tol': [1e-06], 'finalestimator__estimator_name': ['SVC']}, {'classregularizerotmappingadapter__max_inner_iter': [1000], 'classregularizerotmappingadapter__max_iter': [10], 'classregularizerotmappingadapter__metric': ['sqeuclidean', 'cosine', 'cityblock'], 'classregularizerotmappingadapter__norm': ['lpl1'], 'classregularizerotmappingadapter__reg_cl': [1.0], 'classregularizerotmappingadapter__reg_e': [1.0], 'classregularizerotmappingadapter__tol': [1e-06], 'finalestimator__estimator_name': ['SVC']}]"
Simulated,target_shift,Dens. RW,circular_validation,Reweighting,0.8565,0.04012026192171063,"[0.79375, 0.85625, 0.88125, 0.85625, 0.8375, 0.85, 0.9125, 0.825, 0.84375, 0.84375, 0.8875, 0.85625, 0.8375, 0.81875, 0.7625, 0.84375, 0.8125, 0.875, 0.8625, 0.83125, 0.9125, 0.91875, 0.93125, 0.9, 0.8625]",0.8836111111111111,0.03854948619375447,"[0.8298611111111112, 0.8090277777777778, 0.90625, 0.8368055555555556, 0.8819444444444444, 0.8888888888888888, 0.9513888888888888, 0.875, 0.9131944444444444, 0.8576388888888888, 0.9375, 0.8923611111111112, 0.9097222222222222, 0.8993055555555556, 0.8402777777777778, 0.8576388888888888, 0.8680555555555556, 0.9305555555555556, 0.8402777777777778, 0.8784722222222222, 0.9236111111111112, 0.8993055555555556, 0.8784722222222222, 0.9444444444444444, 0.8402777777777778]",0.8791130067085478,0.030571408271418094,"[0.8312298246724475, 0.8752396539630581, 0.8981248587996082, 0.8766774606521576, 0.864935064935065, 0.8743525480367585, 0.9235798159314502, 0.8555409318241644, 0.8705890200787139, 0.868560525757897, 0.904, 0.8790756836972651, 0.8658594366938667, 0.8516868156212419, 0.8084033613445378, 0.868560525757897, 0.8461538461538461, 0.894374282433984, 0.8813725490196077, 0.8602361416850111, 0.9225296442687746, 0.9263571990558616, 0.9352879381147932, 0.9137254901960784, 0.8813725490196077]",0.8836111111111111,0.03854948619375448,"[0.8298611111111112, 0.8090277777777778, 0.90625, 0.8368055555555557, 0.8819444444444444, 0.8888888888888888, 0.951388888888889, 0.875, 0.9131944444444444, 0.8576388888888888, 0.9375, 0.8923611111111112, 0.9097222222222222, 0.8993055555555556, 0.8402777777777777, 0.8576388888888888, 0.8680555555555556, 0.9305555555555556, 0.8402777777777778, 0.8784722222222222, 0.9236111111111112, 0.8993055555555556, 0.8784722222222222, 0.9444444444444444, 0.8402777777777778]","{'densityreweightadapter__weight_estimator__bandwidth': [0.01, 0.1, 1.0, 10.0, 100.0, 'scott', 'silverman'], 'finalestimator__estimator_name': ['SVC']}"
Simulated,target_shift,Disc. RW,circular_validation,Reweighting,0.8284999999999999,0.03724216919926477,"[0.775, 0.85625, 0.86875, 0.825, 0.8375, 0.81875, 0.9, 0.80625, 0.8375, 0.83125, 0.825, 0.8375, 0.79375, 0.81875, 0.73125, 0.83125, 0.7875, 0.81875, 0.85, 0.7875, 0.8875, 0.80625, 0.875, 0.85625, 0.85]",0.8791666666666668,0.031886521560083134,"[0.8194444444444444, 0.8368055555555556, 0.8993055555555556, 0.8194444444444444, 0.9097222222222222, 0.8715277777777778, 0.9444444444444444, 0.8923611111111112, 0.9097222222222222, 0.8784722222222222, 0.9027777777777778, 0.8819444444444444, 0.8854166666666667, 0.8993055555555556, 0.8506944444444444, 0.8506944444444444, 0.8541666666666667, 0.8993055555555556, 0.8333333333333333, 0.8819444444444444, 0.9097222222222222, 0.8645833333333333, 0.875, 0.9201388888888888, 0.8888888888888888]",0.8581732858126381,0.028057016995186892,"[0.8171875, 0.8766774606521576, 0.8885633063634375, 0.853411306042885, 0.8658594366938667, 0.8508474576271187, 0.9137254901960784, 0.8422333395096041, 0.8658594366938667, 0.8602361416850111, 0.8564102564102564, 0.864935064935065, 0.8327601809954752, 0.8516868156212419, 0.7847074829931973, 0.8592109777015438, 0.82734375, 0.8516868156212419, 0.8719999999999999, 0.8280124075399666, 0.9029411764705882, 0.8414583201468447, 0.8921568627450981, 0.8800686106346485, 0.8743525480367585]",0.8791666666666668,0.03188652156008314,"[0.8194444444444444, 0.8368055555555557, 0.8993055555555556, 0.8194444444444443, 0.9097222222222222, 0.8715277777777778, 0.9444444444444444, 0.8923611111111112, 0.9097222222222222, 0.8784722222222222, 0.9027777777777778, 0.8819444444444444, 0.8854166666666667, 0.8993055555555556, 0.8506944444444444, 0.8506944444444444, 0.8541666666666667, 0.8993055555555556, 0.8333333333333333, 0.8819444444444444, 0.9097222222222222, 0.8645833333333333, 0.875, 0.9201388888888888, 0.8888888888888888]","{'discriminatorreweightadapter__domain_classifier__estimator_name': ['LR', 'SVC', 'KNN', 'XGB'], 'finalestimator__estimator_name': ['SVC']}"
Simulated,target_shift,EntOT,circular_validation,Mapping,0.596,0.044483435587493306,"[0.5875, 0.70625, 0.56875, 0.5125, 0.6625, 0.58125, 0.61875, 0.60625, 0.51875, 0.59375, 0.63125, 0.65625, 0.60625, 0.61875, 0.55625, 0.58125, 0.53125, 0.55, 0.60625, 0.5625, 0.6, 0.625, 0.59375, 0.60625, 0.61875]",0.7744444444444444,0.023751116770364837,"[0.7708333333333333, 0.8368055555555556, 0.7604166666666667, 0.7291666666666666, 0.8125, 0.7673611111111112, 0.7881944444444444, 0.78125, 0.7326388888888888, 0.7743055555555556, 0.7951388888888888, 0.78125, 0.78125, 0.7881944444444444, 0.7534722222222222, 0.7673611111111112, 0.7395833333333334, 0.75, 0.78125, 0.7569444444444444, 0.7777777777777778, 0.7916666666666667, 0.7743055555555556, 0.78125, 0.7881944444444444]",0.671717574041994,0.03942055326526449,"[0.6650854936569223, 0.764987656914754, 0.6481215244812153, 0.5948051948051948, 0.7295169946332737, 0.6594725535902006, 0.6925583818862204, 0.6816842105263158, 0.6009217792077917, 0.6706578521566271, 0.7032871059071931, 0.7246558197747184, 0.6816842105263158, 0.6925583818862204, 0.6365979150820993, 0.6594725535902006, 0.6130051336053706, 0.6307692307692307, 0.6816842105263158, 0.6423817233315344, 0.6761904761904762, 0.6979405034324941, 0.6706578521566271, 0.6816842105263158, 0.6925583818862204]",0.7744444444444444,0.023751116770364837,"[0.7708333333333334, 0.8368055555555556, 0.7604166666666666, 0.7291666666666667, 0.8125, 0.7673611111111112, 0.7881944444444444, 0.78125, 0.7326388888888888, 0.7743055555555556, 0.7951388888888888, 0.78125, 0.78125, 0.7881944444444444, 0.7534722222222222, 0.7673611111111112, 0.7395833333333333, 0.75, 0.78125, 0.7569444444444444, 0.7777777777777778, 0.7916666666666666, 0.7743055555555556, 0.78125, 0.7881944444444444]","{'entropicotmappingadapter__max_iter': [1000], 'entropicotmappingadapter__metric': ['sqeuclidean', 'cosine', 'cityblock'], 'entropicotmappingadapter__norm': ['median'], 'entropicotmappingadapter__reg_e': [0.1, 0.5, 1.0], 'entropicotmappingadapter__tol': [1e-06], 'finalestimator__estimator_name': ['SVC']}"
Simulated,target_shift,Gauss. RW,circular_validation,Reweighting,0.8634999999999999,0.036294871653352496,"[0.8, 0.8625, 0.8875, 0.86875, 0.84375, 0.8625, 0.90625, 0.83125, 0.8625, 0.85, 0.875, 0.875, 0.84375, 0.85, 0.76875, 0.85, 0.825, 0.8625, 0.875, 0.85625, 0.9125, 0.91875, 0.93125, 0.90625, 0.8625]",0.8830555555555556,0.03881700118197334,"[0.8333333333333333, 0.8125, 0.9097222222222222, 0.84375, 0.8854166666666667, 0.8680555555555556, 0.9479166666666669, 0.8229166666666667, 0.8958333333333333, 0.8611111111111112, 0.9305555555555556, 0.9027777777777778, 0.9131944444444444, 0.9166666666666669, 0.84375, 0.8611111111111112, 0.875, 0.9236111111111112, 0.8472222222222222, 0.8923611111111112, 0.9236111111111112, 0.8993055555555556, 0.8784722222222222, 0.9479166666666669, 0.8402777777777778]",0.8842144545253215,0.027741945537255425,"[0.8358974358974359, 0.8799111393208505, 0.9029411764705882, 0.886088379705401, 0.869639794168096, 0.8826666666666666, 0.9186345569324292, 0.8580453678185288, 0.8838117106773822, 0.8732491389207807, 0.894374282433984, 0.8933333333333333, 0.8705890200787139, 0.8753246753246753, 0.8131555660433014, 0.8732491389207807, 0.8555409318241644, 0.8848231690336952, 0.8908283084735004, 0.8790756836972651, 0.9225296442687746, 0.9263571990558616, 0.9352879381147932, 0.9186345569324292, 0.8813725490196077]",0.8830555555555556,0.03881700118197334,"[0.8333333333333334, 0.8125, 0.9097222222222222, 0.84375, 0.8854166666666667, 0.8680555555555556, 0.9479166666666669, 0.8229166666666667, 0.8958333333333333, 0.8611111111111112, 0.9305555555555556, 0.9027777777777778, 0.9131944444444444, 0.9166666666666669, 0.84375, 0.8611111111111112, 0.875, 0.9236111111111112, 0.8472222222222222, 0.8923611111111112, 0.9236111111111112, 0.8993055555555556, 0.8784722222222222, 0.9479166666666669, 0.8402777777777778]","{'finalestimator__estimator_name': ['SVC'], 'gaussianreweightadapter__reg': ['auto', 1e-05, 0.01, 0.5]}"
Simulated,target_shift,LinOT,circular_validation,Mapping,0.727,0.08456229212834762,"[0.65625, 0.84375, 0.675, 0.6875, 0.8, 0.80625, 0.75625, 0.8, 0.6875, 0.75625, 0.8125, 0.825, 0.7125, 0.73125, 0.575, 0.73125, 0.56875, 0.65, 0.80625, 0.60625, 0.8875, 0.6625, 0.74375, 0.74375, 0.65]",0.8394444444444444,0.041850481889246366,"[0.8090277777777778, 0.8576388888888888, 0.8194444444444444, 0.7986111111111112, 0.8888888888888888, 0.8923611111111112, 0.8645833333333333, 0.8888888888888888, 0.8263888888888888, 0.8645833333333333, 0.8958333333333333, 0.875, 0.8402777777777778, 0.8506944444444444, 0.7638888888888888, 0.8506944444444444, 0.7604166666666667, 0.8055555555555556, 0.8090277777777778, 0.78125, 0.9097222222222222, 0.8125, 0.8576388888888888, 0.8576388888888888, 0.8055555555555556]",0.7793077145566072,0.06719031114716247,"[0.7243352572640719, 0.868560525757897, 0.7397901533494753, 0.75, 0.8375, 0.8422333395096041, 0.8041065671135245, 0.8375, 0.7499487599918016, 0.8041065671135245, 0.8469617404351087, 0.8555409318241644, 0.7699512608603518, 0.7847074829931973, 0.6538181818181819, 0.7847074829931973, 0.6481215244812153, 0.7191222570532915, 0.8395303848976052, 0.6816842105263158, 0.9029411764705882, 0.7295169946332737, 0.7944429038877489, 0.7944429038877489, 0.7191222570532915]",0.8394444444444444,0.04185048188924638,"[0.8090277777777778, 0.8576388888888888, 0.8194444444444444, 0.7986111111111112, 0.8888888888888888, 0.8923611111111112, 0.8645833333333334, 0.8888888888888888, 0.8263888888888888, 0.8645833333333334, 0.8958333333333333, 0.875, 0.8402777777777778, 0.8506944444444444, 0.7638888888888888, 0.8506944444444444, 0.7604166666666666, 0.8055555555555556, 0.8090277777777778, 0.78125, 0.9097222222222222, 0.8125, 0.8576388888888888, 0.8576388888888888, 0.8055555555555556]","{'finalestimator__estimator_name': ['SVC'], 'linearotmappingadapter__bias': [True, False], 'linearotmappingadapter__reg': [1e-08, 1e-06, 0.1, 1, 10]}"
Simulated,target_shift,NN RW,circular_validation,Reweighting,0.85575,0.037059917700934024,"[0.8, 0.85625, 0.8625, 0.8625, 0.81875, 0.85625, 0.88125, 0.85, 0.83125, 0.85, 0.875, 0.875, 0.85625, 0.85625, 0.75625, 0.84375, 0.80625, 0.85, 0.86875, 0.8375, 0.9125, 0.9, 0.9375, 0.89375, 0.85625]",0.8831944444444444,0.03833727502547099,"[0.8333333333333333, 0.8090277777777778, 0.8958333333333333, 0.8402777777777778, 0.8993055555555556, 0.8645833333333333, 0.9340277777777778, 0.8888888888888888, 0.8784722222222222, 0.8888888888888888, 0.9305555555555556, 0.9027777777777778, 0.9201388888888888, 0.9201388888888888, 0.8368055555555556, 0.8576388888888888, 0.8645833333333333, 0.9166666666666669, 0.8159722222222222, 0.8819444444444444, 0.9236111111111112, 0.8888888888888888, 0.9097222222222222, 0.9409722222222222, 0.8368055555555556]",0.8784692221274839,0.02822000426837991,"[0.8358974358974359, 0.8752396539630581, 0.8838117106773822, 0.8813725490196077, 0.8516868156212419, 0.8779502879218601, 0.8991763248050149, 0.8743525480367585, 0.8602361416850111, 0.8743525480367585, 0.894374282433984, 0.8933333333333333, 0.8800686106346485, 0.8800686106346485, 0.8036376234193661, 0.868560525757897, 0.8414583201468447, 0.8753246753246753, 0.8846060606060606, 0.864935064935065, 0.9225296442687746, 0.9114624505928852, 0.9417693169092944, 0.908848557873334, 0.8766774606521576]",0.8831944444444444,0.03833727502547098,"[0.8333333333333334, 0.8090277777777778, 0.8958333333333333, 0.8402777777777778, 0.8993055555555556, 0.8645833333333334, 0.9340277777777778, 0.8888888888888888, 0.8784722222222222, 0.8888888888888888, 0.9305555555555556, 0.9027777777777778, 0.9201388888888888, 0.9201388888888888, 0.8368055555555556, 0.8576388888888888, 0.8645833333333333, 0.9166666666666669, 0.8159722222222222, 0.8819444444444444, 0.9236111111111112, 0.8888888888888888, 0.9097222222222222, 0.9409722222222222, 0.8368055555555557]","{'finalestimator__estimator_name': ['SVC'], 'nearestneighborreweightadapter__laplace_smoothing': [True, False], 'nearestneighborreweightadapter__n_neighbors': [1]}"
Simulated,target_shift,MapOT,circular_validation,Mapping,0.5792499999999999,0.04332832503109253,"[0.60625, 0.6625, 0.5875, 0.525, 0.63125, 0.54375, 0.58125, 0.58125, 0.49375, 0.575, 0.5875, 0.625, 0.5625, 0.65625, 0.51875, 0.56875, 0.5375, 0.5625, 0.56875, 0.55625, 0.58125, 0.54375, 0.6625, 0.575, 0.5875]",0.76625,0.024071291683940305,"[0.78125, 0.8125, 0.7708333333333333, 0.7361111111111112, 0.7951388888888888, 0.7465277777777778, 0.7673611111111112, 0.7673611111111112, 0.71875, 0.7638888888888888, 0.7708333333333333, 0.7916666666666667, 0.7569444444444444, 0.8090277777777778, 0.7326388888888888, 0.7604166666666667, 0.7430555555555556, 0.7569444444444444, 0.7604166666666667, 0.7534722222222222, 0.7673611111111112, 0.7465277777777778, 0.8125, 0.7638888888888888, 0.7708333333333333]",0.6567205547656677,0.03894679695507996,"[0.6816842105263158, 0.7295169946332737, 0.6650854936569223, 0.6069881201956674, 0.7032871059071931, 0.6248947951273534, 0.6594725535902006, 0.6594725535902006, 0.5761446710273181, 0.6538181818181819, 0.6650854936569223, 0.6979405034324941, 0.6423817233315344, 0.7243352572640719, 0.6009217792077917, 0.6481215244812153, 0.6189737259742549, 0.6423817233315344, 0.6481215244812153, 0.6365979150820993, 0.6594725535902006, 0.6248947951273534, 0.7295169946332737, 0.6538181818181819, 0.6650854936569223]",0.76625,0.024071291683940295,"[0.78125, 0.8125, 0.7708333333333334, 0.7361111111111112, 0.7951388888888888, 0.7465277777777778, 0.7673611111111112, 0.7673611111111112, 0.71875, 0.7638888888888888, 0.7708333333333334, 0.7916666666666666, 0.7569444444444444, 0.8090277777777778, 0.7326388888888888, 0.7604166666666666, 0.7430555555555556, 0.7569444444444444, 0.7604166666666666, 0.7534722222222222, 0.7673611111111112, 0.7465277777777778, 0.8125, 0.7638888888888888, 0.7708333333333334]","{'finalestimator__estimator_name': ['SVC'], 'otmappingadapter__max_iter': [1000000], 'otmappingadapter__metric': ['sqeuclidean', 'cosine', 'cityblock'], 'otmappingadapter__norm': ['median']}"
Simulated,target_shift,SA,circular_validation,Subspace,0.67525,0.03551518161293843,"[0.6875, 0.74375, 0.71875, 0.6375, 0.69375, 0.675, 0.73125, 0.65, 0.64375, 0.68125, 0.725, 0.70625, 0.6875, 0.6875, 0.6, 0.64375, 0.63125, 0.6625, 0.66875, 0.65, 0.6625, 0.6625, 0.65625, 0.65, 0.725]",0.8151388888888889,0.023038222790878197,"[0.8263888888888888, 0.8576388888888888, 0.84375, 0.7986111111111112, 0.8298611111111112, 0.8194444444444444, 0.8506944444444444, 0.8055555555555556, 0.8020833333333333, 0.8229166666666667, 0.8472222222222222, 0.8090277777777778, 0.8263888888888888, 0.8263888888888888, 0.7777777777777778, 0.7743055555555556, 0.7951388888888888, 0.8125, 0.7881944444444444, 0.8055555555555556, 0.8125, 0.8125, 0.78125, 0.8055555555555556, 0.8472222222222222]",0.7395909505089929,0.028980868321520994,"[0.7499487599918016, 0.7944429038877489, 0.7748917748917749, 0.7085990338164251, 0.7549873443876234, 0.7397901533494753, 0.7847074829931973, 0.7191222570532915, 0.7138771341018532, 0.7448833307915205, 0.7798101811906817, 0.764886964886965, 0.7499487599918016, 0.7499487599918016, 0.6761904761904762, 0.7143110848009473, 0.7032871059071931, 0.7295169946332737, 0.7348787555284428, 0.7191222570532915, 0.7295169946332737, 0.7295169946332737, 0.7246558197747184, 0.7191222570532915, 0.7798101811906817]",0.8151388888888889,0.023038222790878193,"[0.8263888888888888, 0.8576388888888888, 0.84375, 0.7986111111111112, 0.8298611111111112, 0.8194444444444444, 0.8506944444444444, 0.8055555555555556, 0.8020833333333334, 0.8229166666666666, 0.8472222222222222, 0.8090277777777777, 0.8263888888888888, 0.8263888888888888, 0.7777777777777778, 0.7743055555555556, 0.7951388888888888, 0.8125, 0.7881944444444444, 0.8055555555555556, 0.8125, 0.8125, 0.78125, 0.8055555555555556, 0.8472222222222222]","{'finalestimator__estimator_name': ['SVC'], 'subspacealignmentadapter__n_components': [1, 2, 5, 10, 20, 50, 100]}"
Simulated,target_shift,TCA,circular_validation,Subspace,0.483,0.08819515529022366,"[0.6125, 0.4625, 0.4125, 0.46875, 0.34375, 0.3125, 0.49375, 0.54375, 0.51875, 0.43125, 0.53125, 0.38125, 0.5375, 0.4625, 0.63125, 0.61875, 0.54375, 0.36875, 0.5375, 0.51875, 0.5375, 0.54375, 0.49375, 0.43125, 0.3375]",0.475,0.12204749979737446,"[0.3958333333333333, 0.5069444444444444, 0.4236111111111111, 0.3715277777777778, 0.3576388888888889, 0.3958333333333333, 0.5243055555555556, 0.5243055555555556, 0.3993055555555556, 0.40625, 0.7118055555555556, 0.6284722222222222, 0.4652777777777778, 0.3958333333333333, 0.6284722222222222, 0.5659722222222222, 0.71875, 0.3715277777777778, 0.4097222222222222, 0.3993055555555556, 0.6597222222222222, 0.5520833333333333, 0.4131944444444444, 0.2395833333333333, 0.4097222222222222]",0.5751519440685535,0.08304163994059964,"[0.6863755666905274, 0.558974358974359, 0.513906359189378, 0.5715977452512908, 0.4447391688770999, 0.4023891343478972, 0.5883175647881529, 0.6335619436743032, 0.6145181476846057, 0.5342311305981836, 0.6146179401993356, 0.4567636673566298, 0.6293381037567085, 0.5648809523809525, 0.7049845054887337, 0.694853294853295, 0.6263612366337077, 0.47148903424394, 0.6299241647878664, 0.6145181476846057, 0.6232727272727273, 0.6328806564614425, 0.5926483996352991, 0.5423580786026201, 0.4312965722801788]",0.475,0.12204749979737446,"[0.3958333333333333, 0.5069444444444444, 0.4236111111111111, 0.3715277777777778, 0.3576388888888889, 0.3958333333333333, 0.5243055555555556, 0.5243055555555556, 0.3993055555555556, 0.40625, 0.7118055555555556, 0.6284722222222222, 0.4652777777777778, 0.3958333333333333, 0.6284722222222222, 0.5659722222222222, 0.71875, 0.3715277777777778, 0.4097222222222222, 0.3993055555555556, 0.6597222222222222, 0.5520833333333334, 0.4131944444444444, 0.2395833333333333, 0.4097222222222222]","{'finalestimator__estimator_name': ['SVC'], 'transfercomponentanalysisadapter__kernel': ['rbf'], 'transfercomponentanalysisadapter__mu': [10, 100], 'transfercomponentanalysisadapter__n_components': [1, 2, 5, 10, 20, 50, 100]}"
Simulated,target_shift,TSL,circular_validation,Subspace,0.8504999999999999,0.04062179474534988,"[0.79375, 0.85625, 0.88125, 0.85625, 0.8375, 0.85, 0.90625, 0.825, 0.84375, 0.8375, 0.85, 0.85625, 0.8375, 0.81875, 0.75, 0.84375, 0.7875, 0.84375, 0.8625, 0.83125, 0.9125, 0.90625, 0.93125, 0.89375, 0.85]",0.8813888888888889,0.036865015736983836,"[0.8298611111111112, 0.8090277777777778, 0.90625, 0.8368055555555556, 0.8819444444444444, 0.8888888888888888, 0.9479166666666669, 0.875, 0.9131944444444444, 0.8819444444444444, 0.9166666666666669, 0.8923611111111112, 0.9097222222222222, 0.8993055555555556, 0.8333333333333333, 0.8576388888888888, 0.8541666666666667, 0.9131944444444444, 0.8402777777777778, 0.8784722222222222, 0.9236111111111112, 0.8923611111111112, 0.8784722222222222, 0.9409722222222222, 0.8333333333333333]",0.8745684273119078,0.030786062208421606,"[0.8312298246724475, 0.8752396539630581, 0.8981248587996082, 0.8766774606521576, 0.864935064935065, 0.8743525480367585, 0.9186345569324292, 0.8555409318241644, 0.8705890200787139, 0.864935064935065, 0.8753246753246753, 0.8790756836972651, 0.8658594366938667, 0.8516868156212419, 0.7988571428571428, 0.868560525757897, 0.82734375, 0.8705890200787139, 0.8813725490196077, 0.8602361416850111, 0.9225296442687746, 0.9163798169759044, 0.9352879381147932, 0.908848557873334, 0.8719999999999999]",0.8813888888888889,0.03686501573698383,"[0.8298611111111112, 0.8090277777777778, 0.90625, 0.8368055555555557, 0.8819444444444444, 0.8888888888888888, 0.9479166666666669, 0.875, 0.9131944444444444, 0.8819444444444444, 0.9166666666666669, 0.8923611111111112, 0.9097222222222222, 0.8993055555555556, 0.8333333333333334, 0.8576388888888888, 0.8541666666666667, 0.9131944444444444, 0.8402777777777778, 0.8784722222222222, 0.9236111111111112, 0.8923611111111112, 0.8784722222222222, 0.9409722222222222, 0.8333333333333333]","{'finalestimator__estimator_name': ['SVC'], 'transfersubspacelearningadapter__base_method': ['flda'], 'transfersubspacelearningadapter__length_scale': [2], 'transfersubspacelearningadapter__max_iter': [300], 'transfersubspacelearningadapter__mu': [0.1, 1, 10], 'transfersubspacelearningadapter__n_components': [1, 2, 5, 10, 20, 50, 100], 'transfersubspacelearningadapter__reg': [0.0001], 'transfersubspacelearningadapter__tol': [0.0001]}"
Simulated,concept_drift,CORAL,deep_embedded_validation,Mapping,0.6635,0.0295187087567642,"[0.63125, 0.64375, 0.7, 0.65, 0.6625, 0.69375, 0.69375, 0.71875, 0.63125, 0.7, 0.60625, 0.7, 0.65, 0.66875, 0.68125, 0.6625, 0.625, 0.65625, 0.65, 0.69375, 0.6625, 0.6125, 0.65, 0.66875, 0.675]",0.6635,0.029518708756764208,"[0.63125, 0.64375, 0.7, 0.65, 0.6625000000000001, 0.69375, 0.69375, 0.71875, 0.63125, 0.7, 0.60625, 0.7, 0.65, 0.66875, 0.68125, 0.6625, 0.625, 0.65625, 0.65, 0.69375, 0.6625, 0.6125, 0.65, 0.66875, 0.675]",0.6258118382491888,0.039308370751956756,"[0.5818383167220377, 0.5960132890365448, 0.6754563894523326, 0.6011396011396011, 0.6226415094339622, 0.6620543988965041, 0.6699086354258769, 0.6968548692686625, 0.5818383167220377, 0.6729688298415943, 0.5534883720930233, 0.6799999999999999, 0.6050079351084465, 0.6312883168833427, 0.6511478773887391, 0.6291208791208792, 0.5767942161876213, 0.6173746684638463, 0.6121212121212121, 0.6674443266171792, 0.625974025974026, 0.5584045584045583, 0.6086652690426275, 0.6279233030582247, 0.6398268398268397]",0.6635,0.02951870875676423,"[0.63125, 0.64375, 0.7000000000000001, 0.65, 0.6625, 0.69375, 0.69375, 0.71875, 0.63125, 0.7000000000000001, 0.60625, 0.7, 0.65, 0.6687500000000001, 0.68125, 0.6625000000000001, 0.625, 0.65625, 0.65, 0.69375, 0.6625000000000001, 0.6124999999999999, 0.6499999999999999, 0.66875, 0.6750000000000002]","{'coraladapter__reg': ['auto'], 'finalestimator__estimator_name': ['SVC']}"
Simulated,concept_drift,DASVM,deep_embedded_validation,Other,0.6475,0.028298078556679408,"[0.64375, 0.6375, 0.7, 0.6, 0.64375, 0.6625, 0.6875, 0.7125, 0.6625, 0.675, 0.61875, 0.63125, 0.6375, 0.60625, 0.66875, 0.6125, 0.63125, 0.64375, 0.65625, 0.6375, 0.675, 0.61875, 0.65625, 0.63125, 0.6375]",0.6475,0.028298078556679415,"[0.64375, 0.6375, 0.7, 0.6, 0.64375, 0.6625000000000001, 0.6875, 0.7125, 0.6625, 0.675, 0.6187499999999999, 0.63125, 0.6375, 0.6062500000000001, 0.66875, 0.6125, 0.63125, 0.64375, 0.65625, 0.6375, 0.675, 0.61875, 0.65625, 0.63125, 0.6375]",0.6036535108170613,0.03974019861494921,"[0.5998420429116756, 0.586894586894587, 0.6729688298415943, 0.5293252436109579, 0.5960132890365448, 0.6226415094339622, 0.6643732169827152, 0.6889790398918187, 0.6291208791208792, 0.6428571428571429, 0.5717607827651265, 0.5895473716248533, 0.586894586894587, 0.5392842451665981, 0.6344670028880556, 0.5584045584045583, 0.5818383167220377, 0.5998420429116756, 0.6173746684638463, 0.5909010756480338, 0.6428571428571429, 0.5676633444075304, 0.6173746684638463, 0.5732175957321759, 0.586894586894587]",0.6475,0.0282980785566794,"[0.6437499999999999, 0.6375000000000001, 0.7000000000000001, 0.6, 0.64375, 0.6625, 0.6875, 0.7125, 0.6625000000000001, 0.6749999999999999, 0.61875, 0.63125, 0.6375000000000001, 0.6062500000000002, 0.66875, 0.6124999999999999, 0.63125, 0.6437499999999999, 0.65625, 0.6375000000000001, 0.6749999999999999, 0.6187499999999999, 0.65625, 0.63125, 0.6375000000000001]","{'dasvmclassifier__base_estimator__estimator_name': ['SVC'], 'dasvmclassifier__max_iter': [200]}"
Simulated,concept_drift,JDOT,deep_embedded_validation,Other,0.81575,0.03385592944128598,"[0.76875, 0.7875, 0.8375, 0.8, 0.83125, 0.825, 0.80625, 0.85, 0.83125, 0.83125, 0.83125, 0.78125, 0.8375, 0.925, 0.81875, 0.79375, 0.78125, 0.8, 0.7875, 0.80625, 0.85, 0.76875, 0.78125, 0.83125, 0.83125]",0.81575,0.033855929441285966,"[0.76875, 0.7875000000000001, 0.8375, 0.8, 0.83125, 0.825, 0.8062499999999999, 0.85, 0.83125, 0.83125, 0.83125, 0.78125, 0.8375, 0.925, 0.81875, 0.79375, 0.78125, 0.8, 0.7875, 0.8062499999999999, 0.85, 0.76875, 0.78125, 0.83125, 0.83125]",0.8154740951061052,0.03402452914799192,"[0.7687409664440018, 0.7869674185463659, 0.8372711625723674, 0.7994987468671679, 0.8312434079456228, 0.825, 0.8061818608104412, 0.85, 0.8311906529639327, 0.8312434079456228, 0.8311906529639327, 0.7802111542839201, 0.8375, 0.9249882794186592, 0.8181746933657275, 0.7923793794974637, 0.7811730686569497, 0.7988686360779385, 0.7875, 0.8058784392000312, 0.849906191369606, 0.7680159880873074, 0.7812414547443259, 0.8312434079456228, 0.8312434079456228]",0.81575,0.03385592944128595,"[0.76875, 0.7875000000000001, 0.8375, 0.8, 0.8312499999999999, 0.825, 0.8062499999999999, 0.85, 0.8312499999999999, 0.8312499999999999, 0.83125, 0.7812500000000001, 0.8374999999999999, 0.925, 0.81875, 0.79375, 0.78125, 0.8, 0.7875, 0.80625, 0.85, 0.7687499999999999, 0.78125, 0.8312499999999999, 0.8312499999999999]","{'jdotclassifier__alpha': [0.1, 0.3, 0.5, 0.7, 0.9], 'jdotclassifier__base_estimator__estimator_name': ['SVC'], 'jdotclassifier__n_iter_max': [100], 'jdotclassifier__thr_weights': [1e-07], 'jdotclassifier__tol': [1e-06]}"
Simulated,concept_drift,KLIEP,deep_embedded_validation,Reweighting,0.6559999999999999,0.024372328913476154,"[0.6625, 0.65625, 0.69375, 0.64375, 0.66875, 0.65625, 0.68125, 0.69375, 0.63125, 0.66875, 0.6125, 0.64375, 0.6125, 0.68125, 0.65625, 0.675, 0.65, 0.65625, 0.68125, 0.675, 0.65625, 0.6, 0.6375, 0.6625, 0.64375]",0.6559999999999999,0.02437232891347616,"[0.6625, 0.65625, 0.69375, 0.64375, 0.66875, 0.65625, 0.6812499999999999, 0.6937500000000001, 0.63125, 0.66875, 0.6125, 0.64375, 0.6125, 0.68125, 0.65625, 0.675, 0.65, 0.65625, 0.68125, 0.675, 0.65625, 0.6, 0.6375, 0.6625, 0.64375]",0.6161216642637728,0.03432226051978545,"[0.625974025974026, 0.6173746684638463, 0.6699086354258769, 0.5960132890365448, 0.6312883168833427, 0.6138826729849501, 0.656435518504484, 0.6648283527852593, 0.5858014128384011, 0.6312883168833427, 0.5584045584045583, 0.6101064511991792, 0.5490909090909091, 0.6482607008922798, 0.6173746684638463, 0.6457162323283938, 0.6086652690426275, 0.6206733048838312, 0.6511478773887391, 0.6428571428571429, 0.6173746684638463, 0.5345454545454545, 0.5909010756480338, 0.6191147945688591, 0.5960132890365448]",0.6559999999999999,0.024372328913476165,"[0.6625000000000001, 0.65625, 0.69375, 0.64375, 0.6687500000000001, 0.65625, 0.6812499999999999, 0.69375, 0.63125, 0.6687500000000001, 0.6124999999999999, 0.64375, 0.6125, 0.68125, 0.65625, 0.675, 0.6499999999999999, 0.6562500000000001, 0.68125, 0.6749999999999999, 0.65625, 0.6, 0.6375000000000001, 0.6625, 0.64375]","{'finalestimator__estimator_name': ['SVC'], 'kliepreweightadapter__cv': [5], 'kliepreweightadapter__gamma': [0.0001, 0.001, 0.01, 0.1, 1.0, 10.0, 100.0, 1000.0, 'auto', 'scale'], 'kliepreweightadapter__max_iter': [1000], 'kliepreweightadapter__n_centers': [100], 'kliepreweightadapter__random_state': [0], 'kliepreweightadapter__tol': [1e-06]}"
Simulated,concept_drift,KMM,deep_embedded_validation,Reweighting,0.654,0.03181161999437733,"[0.6625, 0.63125, 0.70625, 0.63125, 0.6625, 0.63125, 0.6875, 0.725, 0.6375, 0.675, 0.625, 0.60625, 0.63125, 0.7125, 0.675, 0.68125, 0.625, 0.65, 0.64375, 0.6625, 0.65625, 0.6125, 0.61875, 0.66875, 0.63125]",0.654,0.0318116199943773,"[0.6625, 0.6312500000000001, 0.70625, 0.6312500000000001, 0.6625000000000001, 0.63125, 0.6875, 0.725, 0.6375, 0.675, 0.625, 0.60625, 0.6312500000000001, 0.7125, 0.675, 0.68125, 0.625, 0.65, 0.64375, 0.6625, 0.65625, 0.6125, 0.61875, 0.66875, 0.6312500000000001]",0.6120404209225527,0.04401249730941751,"[0.625974025974026, 0.5776475325488792, 0.6856055855177892, 0.5776475325488792, 0.6226415094339622, 0.5732175957321759, 0.6643732169827152, 0.7066666666666667, 0.5946890286512928, 0.6428571428571429, 0.5844155844155845, 0.5490134669589728, 0.5776475325488792, 0.6865951285981945, 0.6398268398268397, 0.6538706256627783, 0.5682676740420939, 0.6086652690426275, 0.5998420429116756, 0.625974025974026, 0.6173746684638463, 0.5538765965101637, 0.558750395587504, 0.6279233030582247, 0.5776475325488792]",0.654,0.03181161999437733,"[0.6625000000000001, 0.63125, 0.7062499999999999, 0.63125, 0.6625, 0.63125, 0.6875, 0.7250000000000001, 0.6375000000000001, 0.6749999999999999, 0.625, 0.60625, 0.63125, 0.7125, 0.6750000000000002, 0.6812499999999999, 0.625, 0.6499999999999999, 0.6437499999999999, 0.6625000000000001, 0.65625, 0.6125, 0.61875, 0.66875, 0.63125]","{'finalestimator__estimator_name': ['SVC'], 'kmmreweightadapter__B': [1000.0], 'kmmreweightadapter__gamma': [0.0001, 0.001, 0.01, 0.1, 1.0, 10.0, 100.0, 1000.0, None], 'kmmreweightadapter__max_iter': [1000], 'kmmreweightadapter__smooth_weights': [False], 'kmmreweightadapter__tol': [1e-06]}"
Simulated,concept_drift,MMD-LS,deep_embedded_validation,Mapping,0.79625,0.05241560677253803,"[0.75625, 0.75625, 0.8375, 0.8, 0.81875, 0.8125, 0.8, 0.84375, 0.83125, 0.825, 0.70625, 0.7, 0.83125, 0.90625, 0.80625, 0.80625, 0.79375, 0.79375, 0.78125, 0.81875, 0.84375, 0.7625, 0.76875, 0.84375, 0.6625]",0.79625,0.05241560677253802,"[0.7562500000000001, 0.7562500000000001, 0.8374999999999999, 0.8, 0.81875, 0.8125, 0.8, 0.84375, 0.83125, 0.825, 0.70625, 0.7, 0.83125, 0.90625, 0.8062499999999999, 0.80625, 0.79375, 0.79375, 0.78125, 0.8187500000000001, 0.84375, 0.7625, 0.76875, 0.84375, 0.6625]",0.7937567675575192,0.0578746233799459,"[0.751106856527462, 0.7557825525419749, 0.837092731829574, 0.7997183539352214, 0.8187429196452987, 0.8122359568142701, 0.8, 0.8436950490406783, 0.8310850439882698, 0.8248905565978737, 0.6988988988988989, 0.6918632643235435, 0.8311906529639327, 0.906217029424407, 0.8061818608104412, 0.8056350170461226, 0.7937419430446502, 0.7927705168962675, 0.7812414547443259, 0.818686256887187, 0.843743896245947, 0.7611565053425519, 0.7685239491691105, 0.843743896245947, 0.625974025974026]",0.79625,0.052415606772537995,"[0.7562500000000001, 0.75625, 0.8374999999999999, 0.7999999999999999, 0.8187499999999999, 0.8124999999999999, 0.8, 0.8437500000000001, 0.8312500000000002, 0.825, 0.70625, 0.7000000000000001, 0.8312499999999999, 0.90625, 0.8062499999999999, 0.80625, 0.79375, 0.7937500000000001, 0.78125, 0.81875, 0.8437500000000001, 0.7625000000000001, 0.76875, 0.84375, 0.6625000000000001]","{'finalestimator__estimator_name': ['SVC'], 'mmdlsconsmappingadapter__gamma': [0.1, 1, 10], 'mmdlsconsmappingadapter__max_iter': [100], 'mmdlsconsmappingadapter__reg_k': [1e-10, 1e-08], 'mmdlsconsmappingadapter__reg_m': [1e-10, 1e-08], 'mmdlsconsmappingadapter__tol': [1e-05]}"
Simulated,concept_drift,Train Src,deep_embedded_validation,NO DA,0.66175,0.0238211653087473,"[0.6625, 0.65625, 0.7, 0.65, 0.66875, 0.6625, 0.7, 0.69375, 0.65625, 0.66875, 0.6125, 0.64375, 0.63125, 0.68125, 0.675, 0.69375, 0.65, 0.65625, 0.66875, 0.68125, 0.6625, 0.6125, 0.6375, 0.675, 0.64375]",0.66175,0.023821165308747297,"[0.6625, 0.65625, 0.7, 0.65, 0.66875, 0.6625000000000001, 0.7, 0.6937500000000001, 0.65625, 0.66875, 0.6125, 0.64375, 0.6312500000000001, 0.68125, 0.675, 0.69375, 0.65, 0.65625, 0.66875, 0.68125, 0.6625, 0.6125, 0.6375, 0.675, 0.64375]",0.624267149182694,0.0325497333707863,"[0.625974025974026, 0.6173746684638463, 0.6777982883034066, 0.6050079351084465, 0.6312883168833427, 0.6226415094339622, 0.6799999999999999, 0.6648283527852593, 0.6206733048838312, 0.6312883168833427, 0.5626873567272086, 0.6101064511991792, 0.5776475325488792, 0.6482607008922798, 0.6428571428571429, 0.6699086354258769, 0.6086652690426275, 0.6206733048838312, 0.6344670028880556, 0.6511478773887391, 0.625974025974026, 0.5538765965101637, 0.5909010756480338, 0.636617749825297, 0.5960132890365448]",0.66175,0.023821165308747314,"[0.6625000000000001, 0.65625, 0.7, 0.65, 0.6687500000000001, 0.6625, 0.7, 0.69375, 0.6562500000000001, 0.6687500000000001, 0.6124999999999999, 0.64375, 0.63125, 0.68125, 0.6749999999999999, 0.69375, 0.6499999999999999, 0.6562500000000001, 0.66875, 0.68125, 0.6625000000000001, 0.6125, 0.6375000000000001, 0.675, 0.64375]",{'finalestimator__estimator_name': ['SVC']}
Simulated,concept_drift,NO_DA_SOURCE_ONLY_BASE_ESTIM,deep_embedded_validation,Unknown,,,"[NaN, NaN, NaN, NaN, NaN, NaN, NaN, NaN, NaN, NaN, NaN, NaN, NaN, NaN, NaN, NaN, NaN, NaN, NaN, NaN, NaN, NaN, NaN, NaN, NaN]",,,"[NaN, NaN, NaN, NaN, NaN, NaN, NaN, NaN, NaN, NaN, NaN, NaN, NaN, NaN, NaN, NaN, NaN, NaN, NaN, NaN, NaN, NaN, NaN, NaN, NaN]",,,"[NaN, NaN, NaN, NaN, NaN, NaN, NaN, NaN, NaN, NaN, NaN, NaN, NaN, NaN, NaN, NaN, NaN, NaN, NaN, NaN, NaN, NaN, NaN, NaN, NaN]",,,"[NaN, NaN, NaN, NaN, NaN, NaN, NaN, NaN, NaN, NaN, NaN, NaN, NaN, NaN, NaN, NaN, NaN, NaN, NaN, NaN, NaN, NaN, NaN, NaN, NaN]",{'finalestimator__estimator_name': ['SVC']}
Simulated,concept_drift,Train Tgt,deep_embedded_validation,NO DA,0.8170000000000001,0.026853188823676044,"[0.78125, 0.8, 0.83125, 0.8125, 0.81875, 0.81875, 0.8125, 0.8625, 0.825, 0.84375, 0.825, 0.775, 0.8125, 0.8875, 0.83125, 0.8125, 0.79375, 0.7875, 0.78125, 0.80625, 0.84375, 0.7875, 0.8, 0.83125, 0.84375]",0.8170000000000001,0.026853188823676037,"[0.78125, 0.8, 0.83125, 0.8125, 0.8187500000000001, 0.81875, 0.8125, 0.8625, 0.825, 0.84375, 0.825, 0.7749999999999999, 0.8125, 0.8875, 0.83125, 0.8125, 0.79375, 0.7875000000000001, 0.78125, 0.80625, 0.84375, 0.7875, 0.8, 0.83125, 0.84375]",0.8165039371484406,0.02705591986401915,"[0.7805556644069125, 0.7979797979797979, 0.8304486047333098, 0.8100965342617503, 0.8184024108645452, 0.8187429196452987, 0.8124706985466478, 0.8624140087554721, 0.8249726519768714, 0.8436950490406783, 0.8249726519768714, 0.7737272155876808, 0.81203007518797, 0.8874296435272045, 0.8304486047333098, 0.8114393463230674, 0.7937419430446502, 0.7862979258328096, 0.7812414547443259, 0.806060606060606, 0.8432540460049376, 0.7873671044402751, 0.7998749218261413, 0.8311906529639327, 0.843743896245947]",0.8170000000000001,0.026853188823676065,"[0.78125, 0.7999999999999999, 0.8312499999999998, 0.8125, 0.8187500000000001, 0.8187499999999999, 0.8125, 0.8625, 0.825, 0.84375, 0.825, 0.7749999999999999, 0.8125, 0.8875000000000001, 0.8312499999999998, 0.8125, 0.79375, 0.7875000000000001, 0.78125, 0.80625, 0.8437499999999999, 0.7874999999999999, 0.7999999999999999, 0.83125, 0.84375]",{'finalestimator__estimator_name': ['SVC']}
Simulated,concept_drift,OTLabelProp,deep_embedded_validation,Other,0.8015000000000001,0.04278245600321078,"[0.775, 0.7875, 0.8375, 0.80625, 0.825, 0.825, 0.8, 0.8375, 0.81875, 0.83125, 0.8125, 0.73125, 0.6875, 0.90625, 0.825, 0.78125, 0.76875, 0.79375, 0.78125, 0.80625, 0.83125, 0.7375, 0.78125, 0.81875, 0.83125]",0.8015000000000001,0.04278245600321079,"[0.775, 0.7875, 0.8374999999999999, 0.80625, 0.825, 0.825, 0.8, 0.8375, 0.8187500000000001, 0.83125, 0.8125, 0.73125, 0.6875, 0.90625, 0.825, 0.78125, 0.76875, 0.79375, 0.78125, 0.8062499999999999, 0.83125, 0.7375, 0.78125, 0.81875, 0.83125]",0.8010752918690182,0.043069618505739024,"[0.7746831481771241, 0.7872007510561728, 0.837092731829574, 0.805329879508615, 0.8247535596933186, 0.825, 0.8, 0.83739837398374, 0.8184024108645452, 0.8312434079456228, 0.8124706985466478, 0.7307346092129466, 0.6862745098039216, 0.9060702125161442, 0.824313725490196, 0.7808304958710031, 0.768668672580204, 0.7927705168962675, 0.7811730686569497, 0.8058784392000312, 0.8310850439882698, 0.7348484848484849, 0.7812414547443259, 0.8181746933657275, 0.8312434079456228]",0.8015000000000001,0.04278245600321079,"[0.7750000000000001, 0.7875, 0.8374999999999999, 0.80625, 0.8250000000000001, 0.825, 0.8, 0.8375000000000001, 0.8187500000000001, 0.8312499999999999, 0.8124999999999999, 0.73125, 0.6875, 0.90625, 0.825, 0.78125, 0.76875, 0.7937500000000001, 0.7812500000000001, 0.80625, 0.8312500000000002, 0.7374999999999999, 0.78125, 0.81875, 0.8312499999999999]","{'finalestimator__estimator_name': ['SVC'], 'otlabelpropadapter__metric': ['sqeuclidean', 'cosine', 'cityblock'], 'otlabelpropadapter__reg': [None, 0.1, 1.0]}"
Simulated,concept_drift,JPCA,deep_embedded_validation,Subspace,0.66175,0.0238211653087473,"[0.6625, 0.65625, 0.7, 0.65, 0.66875, 0.6625, 0.7, 0.69375, 0.65625, 0.66875, 0.6125, 0.64375, 0.63125, 0.68125, 0.675, 0.69375, 0.65, 0.65625, 0.66875, 0.68125, 0.6625, 0.6125, 0.6375, 0.675, 0.64375]",0.66175,0.023821165308747297,"[0.6625, 0.65625, 0.7, 0.65, 0.66875, 0.6625000000000001, 0.7, 0.6937500000000001, 0.65625, 0.66875, 0.6125, 0.64375, 0.6312500000000001, 0.68125, 0.675, 0.69375, 0.65, 0.65625, 0.66875, 0.68125, 0.6625, 0.6125, 0.6375, 0.675, 0.64375]",0.624267149182694,0.0325497333707863,"[0.625974025974026, 0.6173746684638463, 0.6777982883034066, 0.6050079351084465, 0.6312883168833427, 0.6226415094339622, 0.6799999999999999, 0.6648283527852593, 0.6206733048838312, 0.6312883168833427, 0.5626873567272086, 0.6101064511991792, 0.5776475325488792, 0.6482607008922798, 0.6428571428571429, 0.6699086354258769, 0.6086652690426275, 0.6206733048838312, 0.6344670028880556, 0.6511478773887391, 0.625974025974026, 0.5538765965101637, 0.5909010756480338, 0.636617749825297, 0.5960132890365448]",0.66175,0.023821165308747314,"[0.6625000000000001, 0.65625, 0.7, 0.65, 0.6687500000000001, 0.6625, 0.7, 0.69375, 0.6562500000000001, 0.6687500000000001, 0.6124999999999999, 0.64375, 0.63125, 0.68125, 0.6749999999999999, 0.69375, 0.6499999999999999, 0.6562500000000001, 0.66875, 0.68125, 0.6625000000000001, 0.6125, 0.6375000000000001, 0.675, 0.64375]","{'finalestimator__estimator_name': ['SVC'], 'pca__n_components': [1, 2, 5, 10, 20, 50, 100]}"
Simulated,concept_drift,MMDTarS,deep_embedded_validation,Reweighting,0.631,0.045482082094674,"[0.61875, 0.5375, 0.7, 0.65, 0.66875, 0.65, 0.6625, 0.6875, 0.55, 0.58125, 0.6125, 0.60625, 0.60625, 0.675, 0.66875, 0.66875, 0.60625, 0.65, 0.66875, 0.54375, 0.6625, 0.5875, 0.6375, 0.6625, 0.6125]",0.631,0.045482082094674,"[0.61875, 0.5375, 0.7, 0.65, 0.66875, 0.65, 0.6625, 0.6875, 0.55, 0.58125, 0.6125, 0.60625, 0.6062500000000001, 0.675, 0.66875, 0.66875, 0.60625, 0.65, 0.66875, 0.54375, 0.6625, 0.5875, 0.6375, 0.6625, 0.6125]",0.5752026008507525,0.07290641583896258,"[0.563330499753926, 0.4200626959247648, 0.6754563894523326, 0.6050079351084465, 0.6312883168833427, 0.6011396011396011, 0.6320899335717935, 0.6565934065934066, 0.4357366771159874, 0.492207853725546, 0.5584045584045583, 0.5490134669589728, 0.5392842451665981, 0.6398268398268397, 0.6344670028880556, 0.6374674019922193, 0.544283195442832, 0.6121212121212121, 0.6344670028880556, 0.423807409599921, 0.625974025974026, 0.5089285714285714, 0.5909010756480338, 0.6191147945688591, 0.5490909090909091]",0.631,0.04548208209467403,"[0.61875, 0.5375, 0.7000000000000001, 0.65, 0.6687500000000001, 0.65, 0.6625, 0.6875, 0.55, 0.58125, 0.6124999999999999, 0.60625, 0.6062500000000002, 0.6750000000000002, 0.66875, 0.6687500000000001, 0.60625, 0.65, 0.66875, 0.54375, 0.6625000000000001, 0.5875, 0.6375000000000001, 0.6625, 0.6125]","{'finalestimator__estimator_name': ['SVC'], 'mmdtarsreweightadapter__gamma': [0.0001, 0.001, 0.01, 0.1, 1.0, 10.0, 100.0, 1000.0, None], 'mmdtarsreweightadapter__max_iter': [1000], 'mmdtarsreweightadapter__reg': [1e-06], 'mmdtarsreweightadapter__tol': [1e-06]}"
Simulated,concept_drift,ClassRegOT,deep_embedded_validation,Mapping,0.80925,0.03965673019803827,"[0.78125, 0.7625, 0.83125, 0.80625, 0.8375, 0.83125, 0.8125, 0.84375, 0.8375, 0.79375, 0.8375, 0.775, 0.83125, 0.88125, 0.81875, 0.80625, 0.68125, 0.8, 0.7875, 0.8, 0.85, 0.7625, 0.7875, 0.84375, 0.83125]",0.80925,0.03965673019803827,"[0.78125, 0.7625, 0.83125, 0.80625, 0.8375, 0.83125, 0.8125, 0.84375, 0.8374999999999999, 0.79375, 0.8374999999999999, 0.7749999999999999, 0.83125, 0.88125, 0.81875, 0.80625, 0.68125, 0.8, 0.7875000000000001, 0.8, 0.85, 0.7625, 0.7875, 0.84375, 0.83125]",0.8079130995105408,0.04250458945832103,"[0.7802111542839201, 0.7623514696685428, 0.8310850439882698, 0.806060606060606, 0.8375, 0.8282920624826107, 0.8124706985466478, 0.843743896245947, 0.837092731829574, 0.7901347430343019, 0.8374746054070948, 0.7744360902255639, 0.8311906529639327, 0.8806860551826995, 0.8181746933657275, 0.8056350170461226, 0.6611154948295195, 0.7988686360779385, 0.7874667916862009, 0.7998749218261413, 0.849906191369606, 0.7615686274509803, 0.7875, 0.843743896245947, 0.8312434079456228]",0.80925,0.03965673019803824,"[0.7812500000000001, 0.7625000000000001, 0.8312500000000002, 0.80625, 0.8374999999999999, 0.8312499999999999, 0.8124999999999999, 0.84375, 0.8374999999999999, 0.7937500000000001, 0.8374999999999999, 0.7749999999999999, 0.8312499999999999, 0.8812499999999999, 0.81875, 0.80625, 0.68125, 0.8, 0.7875, 0.7999999999999999, 0.85, 0.7625, 0.7875, 0.84375, 0.8312499999999999]","[{'classregularizerotmappingadapter__max_inner_iter': [1000], 'classregularizerotmappingadapter__max_iter': [10], 'classregularizerotmappingadapter__metric': ['sqeuclidean', 'cosine', 'cityblock'], 'classregularizerotmappingadapter__norm': ['lpl1'], 'classregularizerotmappingadapter__reg_cl': [0.1], 'classregularizerotmappingadapter__reg_e': [0.1], 'classregularizerotmappingadapter__tol': [1e-06], 'finalestimator__estimator_name': ['SVC']}, {'classregularizerotmappingadapter__max_inner_iter': [1000], 'classregularizerotmappingadapter__max_iter': [10], 'classregularizerotmappingadapter__metric': ['sqeuclidean', 'cosine', 'cityblock'], 'classregularizerotmappingadapter__norm': ['lpl1'], 'classregularizerotmappingadapter__reg_cl': [0.5], 'classregularizerotmappingadapter__reg_e': [0.5], 'classregularizerotmappingadapter__tol': [1e-06], 'finalestimator__estimator_name': ['SVC']}, {'classregularizerotmappingadapter__max_inner_iter': [1000], 'classregularizerotmappingadapter__max_iter': [10], 'classregularizerotmappingadapter__metric': ['sqeuclidean', 'cosine', 'cityblock'], 'classregularizerotmappingadapter__norm': ['lpl1'], 'classregularizerotmappingadapter__reg_cl': [1.0], 'classregularizerotmappingadapter__reg_e': [1.0], 'classregularizerotmappingadapter__tol': [1e-06], 'finalestimator__estimator_name': ['SVC']}]"
Simulated,concept_drift,Dens. RW,deep_embedded_validation,Reweighting,0.65275,0.025711237005117665,"[0.6625, 0.65625, 0.7, 0.60625, 0.6625, 0.6625, 0.7, 0.6875, 0.64375, 0.66875, 0.6125, 0.65, 0.63125, 0.66875, 0.675, 0.6375, 0.625, 0.63125, 0.66875, 0.6375, 0.65, 0.6125, 0.64375, 0.68125, 0.64375]",0.65275,0.025711237005117668,"[0.6625, 0.65625, 0.7, 0.60625, 0.6625000000000001, 0.6625000000000001, 0.7, 0.6875, 0.64375, 0.66875, 0.6125, 0.65, 0.6312500000000001, 0.66875, 0.675, 0.6375, 0.625, 0.63125, 0.66875, 0.6375, 0.65, 0.6125, 0.64375, 0.68125, 0.64375]",0.6105080850933822,0.036246811986206474,"[0.625974025974026, 0.6173746684638463, 0.6754563894523326, 0.5340021265775969, 0.6226415094339622, 0.6226415094339622, 0.6799999999999999, 0.6565934065934066, 0.6034610200443498, 0.6312883168833427, 0.5584045584045583, 0.6121212121212121, 0.5776475325488792, 0.6279233030582247, 0.6428571428571429, 0.5946890286512928, 0.5726495726495726, 0.5818383167220377, 0.6344670028880556, 0.5909010756480338, 0.6086652690426275, 0.5538765965101637, 0.5960132890365448, 0.6452019653028392, 0.5960132890365448]",0.65275,0.0257112370051177,"[0.6625000000000001, 0.65625, 0.7000000000000001, 0.60625, 0.6625, 0.6625, 0.7, 0.6875, 0.64375, 0.6687500000000001, 0.6124999999999999, 0.65, 0.63125, 0.66875, 0.6749999999999999, 0.6375000000000001, 0.6249999999999999, 0.63125, 0.66875, 0.6375000000000001, 0.6499999999999999, 0.6125, 0.64375, 0.68125, 0.64375]","{'densityreweightadapter__weight_estimator__bandwidth': [0.01, 0.1, 1.0, 10.0, 100.0, 'scott', 'silverman'], 'finalestimator__estimator_name': ['SVC']}"
Simulated,concept_drift,Disc. RW,deep_embedded_validation,Reweighting,0.6992499999999999,0.03645773809037893,"[0.7125, 0.7375, 0.75625, 0.65625, 0.73125, 0.73125, 0.71875, 0.71875, 0.675, 0.7125, 0.625, 0.7125, 0.65625, 0.75, 0.7, 0.74375, 0.7125, 0.70625, 0.6875, 0.73125, 0.6625, 0.64375, 0.65, 0.68125, 0.66875]",0.6992499999999999,0.03645773809037893,"[0.7125, 0.7375, 0.75625, 0.65625, 0.73125, 0.73125, 0.71875, 0.71875, 0.675, 0.7125, 0.625, 0.7125, 0.65625, 0.75, 0.7, 0.7437499999999999, 0.7125, 0.70625, 0.6875, 0.73125, 0.6625, 0.64375, 0.65, 0.68125, 0.66875]",0.6754725919487268,0.046720551464812445,"[0.6933333333333334, 0.7250859106529208, 0.7467429684646293, 0.6138826729849501, 0.7142738485817517, 0.7123625569630837, 0.7028599727621642, 0.6989840712404365, 0.6457162323283938, 0.6912233596240981, 0.5879120879120879, 0.6989036164293896, 0.6173746684638463, 0.7350554727603908, 0.6754563894523326, 0.7323650605850436, 0.6971691902567478, 0.6914871794871795, 0.6708360763660304, 0.7177435897435898, 0.625974025974026, 0.6034610200443498, 0.6121212121212121, 0.6452019653028392, 0.6312883168833427]",0.6992499999999999,0.036457738090378916,"[0.7125, 0.7374999999999999, 0.75625, 0.65625, 0.7312500000000001, 0.7312500000000001, 0.71875, 0.7187499999999999, 0.675, 0.7124999999999999, 0.625, 0.7125000000000001, 0.65625, 0.75, 0.7000000000000001, 0.74375, 0.7125, 0.70625, 0.6875, 0.73125, 0.6625000000000001, 0.64375, 0.65, 0.68125, 0.6687500000000001]","{'discriminatorreweightadapter__domain_classifier__estimator_name': ['LR', 'SVC', 'KNN', 'XGB'], 'finalestimator__estimator_name': ['SVC']}"
Simulated,concept_drift,EntOT,deep_embedded_validation,Mapping,0.7827500000000001,0.052331077446070864,"[0.6125, 0.79375, 0.775, 0.80625, 0.76875, 0.78125, 0.80625, 0.8625, 0.83125, 0.83125, 0.825, 0.79375, 0.8375, 0.6875, 0.76875, 0.8125, 0.775, 0.79375, 0.7125, 0.80625, 0.825, 0.7625, 0.78125, 0.76875, 0.75]",0.7827500000000001,0.05233107744607085,"[0.6125, 0.79375, 0.775, 0.8062499999999999, 0.76875, 0.78125, 0.8062499999999999, 0.8625, 0.83125, 0.83125, 0.825, 0.79375, 0.8375, 0.6875, 0.76875, 0.8125, 0.7749999999999999, 0.79375, 0.7125, 0.80625, 0.825, 0.7625, 0.78125, 0.76875, 0.75]",0.7793386497915649,0.05819043415263751,"[0.5838227890585668, 0.7930953407265176, 0.7688974482426577, 0.8061818608104412, 0.7646965300687626, 0.7793103448275862, 0.8058784392000312, 0.8624140087554721, 0.8311906529639327, 0.8312434079456228, 0.824313725490196, 0.7936774647336954, 0.8375, 0.6708360763660304, 0.7619717743556753, 0.8123827392120073, 0.7737272155876808, 0.7930953407265176, 0.7079365079365079, 0.8062424313449743, 0.825, 0.7606676113997796, 0.7811730686569497, 0.7661095966180712, 0.7421018697614443]",0.7827500000000001,0.05233107744607088,"[0.6125, 0.7937500000000001, 0.775, 0.8062499999999999, 0.7687499999999999, 0.78125, 0.80625, 0.8625, 0.83125, 0.8312499999999999, 0.825, 0.7937500000000001, 0.8374999999999999, 0.6875, 0.7687499999999999, 0.8125, 0.7749999999999999, 0.7937500000000001, 0.7125, 0.8062500000000001, 0.825, 0.7625000000000001, 0.78125, 0.76875, 0.7499999999999999]","{'entropicotmappingadapter__max_iter': [1000], 'entropicotmappingadapter__metric': ['sqeuclidean', 'cosine', 'cityblock'], 'entropicotmappingadapter__norm': ['median'], 'entropicotmappingadapter__reg_e': [0.1, 0.5, 1.0], 'entropicotmappingadapter__tol': [1e-06], 'finalestimator__estimator_name': ['SVC']}"
Simulated,concept_drift,Gauss. RW,deep_embedded_validation,Reweighting,0.6489999999999999,0.023640096587507143,"[0.65, 0.6375, 0.7, 0.6375, 0.66875, 0.6625, 0.66875, 0.6875, 0.63125, 0.66875, 0.6125, 0.6375, 0.61875, 0.66875, 0.65625, 0.6625, 0.6375, 0.64375, 0.6625, 0.6625, 0.63125, 0.59375, 0.6375, 0.65625, 0.63125]",0.649,0.023640096587507136,"[0.65, 0.6375, 0.7, 0.6375, 0.66875, 0.6625, 0.66875, 0.6875, 0.63125, 0.66875, 0.6125, 0.6375, 0.61875, 0.66875, 0.65625, 0.6625, 0.6375, 0.64375, 0.6625, 0.6625, 0.63125, 0.59375, 0.6375, 0.65625, 0.6312500000000001]",0.6052990021703298,0.033144170487533854,"[0.6086652690426275, 0.586894586894587, 0.6754563894523326, 0.586894586894587, 0.6312883168833427, 0.6191147945688591, 0.6402969247083774, 0.6565934065934066, 0.5858014128384011, 0.6279233030582247, 0.5584045584045583, 0.5946890286512928, 0.558750395587504, 0.6312883168833427, 0.6173746684638463, 0.6291208791208792, 0.5909010756480338, 0.5998420429116756, 0.625974025974026, 0.625974025974026, 0.5818383167220377, 0.52465834818776, 0.586894586894587, 0.6101882613510521, 0.5776475325488792]",0.649,0.023640096587507157,"[0.6499999999999999, 0.6375000000000001, 0.7000000000000001, 0.6375000000000001, 0.6687500000000001, 0.6625, 0.66875, 0.6875, 0.63125, 0.66875, 0.6124999999999999, 0.6375000000000001, 0.61875, 0.6687500000000001, 0.65625, 0.6625000000000001, 0.6375000000000001, 0.6437499999999999, 0.6625000000000001, 0.6625000000000001, 0.63125, 0.59375, 0.6375000000000001, 0.65625, 0.63125]","{'finalestimator__estimator_name': ['SVC'], 'gaussianreweightadapter__reg': ['auto', 1e-05, 0.01, 0.5]}"
Simulated,concept_drift,LinOT,deep_embedded_validation,Mapping,0.794,0.04955794167773045,"[0.75, 0.775, 0.83125, 0.65625, 0.83125, 0.825, 0.7375, 0.8375, 0.83125, 0.825, 0.7375, 0.78125, 0.78125, 0.9, 0.8125, 0.8375, 0.79375, 0.7875, 0.79375, 0.80625, 0.825, 0.74375, 0.75, 0.84375, 0.75625]",0.794,0.04955794167773044,"[0.75, 0.7749999999999999, 0.83125, 0.65625, 0.83125, 0.825, 0.7375, 0.8374999999999999, 0.83125, 0.825, 0.7375, 0.78125, 0.78125, 0.9, 0.8125, 0.8375, 0.79375, 0.7875000000000001, 0.79375, 0.8062499999999999, 0.825, 0.74375, 0.75, 0.84375, 0.7562500000000001]",0.7907007680760293,0.05572636839028872,"[0.7467953790156671, 0.7744360902255639, 0.8309263825290595, 0.6173746684638463, 0.8312434079456228, 0.8249726519768714, 0.7250859106529208, 0.8374746054070948, 0.8311906529639327, 0.8249726519768714, 0.731457800511509, 0.7810361681329423, 0.7766343584220813, 0.8999374609130708, 0.8095238095238095, 0.8375, 0.7937419430446502, 0.7874667916862009, 0.7937419430446502, 0.8061818608104412, 0.824313725490196, 0.7414778325123152, 0.745182353878006, 0.843743896245947, 0.751106856527462]",0.794,0.04955794167773045,"[0.75, 0.7749999999999999, 0.83125, 0.65625, 0.8312499999999999, 0.8250000000000001, 0.7374999999999999, 0.8375, 0.8312499999999999, 0.8250000000000001, 0.7374999999999999, 0.78125, 0.78125, 0.9, 0.8125, 0.8374999999999999, 0.79375, 0.7875, 0.79375, 0.8062499999999999, 0.825, 0.74375, 0.75, 0.84375, 0.7562500000000001]","{'finalestimator__estimator_name': ['SVC'], 'linearotmappingadapter__bias': [True, False], 'linearotmappingadapter__reg': [1e-08, 1e-06, 0.1, 1, 10]}"
Simulated,concept_drift,NN RW,deep_embedded_validation,Reweighting,0.66675,0.02587781788198793,"[0.64375, 0.675, 0.70625, 0.63125, 0.69375, 0.68125, 0.70625, 0.71875, 0.65625, 0.65625, 0.6375, 0.6625, 0.6375, 0.66875, 0.6875, 0.675, 0.65625, 0.65, 0.6875, 0.69375, 0.65625, 0.61875, 0.65625, 0.675, 0.6375]",0.66675,0.025877817881987928,"[0.64375, 0.675, 0.70625, 0.6312500000000001, 0.6937500000000001, 0.68125, 0.70625, 0.71875, 0.65625, 0.65625, 0.6375, 0.6625, 0.6375, 0.66875, 0.6875, 0.675, 0.65625, 0.65, 0.6875, 0.69375, 0.65625, 0.61875, 0.65625, 0.675, 0.6375]",0.6311549310211493,0.03512545517983334,"[0.5998420429116756, 0.6428571428571429, 0.6856055855177892, 0.5776475325488792, 0.6648283527852593, 0.6482607008922798, 0.6876946717056356, 0.6968548692686625, 0.6206733048838312, 0.6138826729849501, 0.6016483516483516, 0.6320899335717935, 0.586894586894587, 0.6312883168833427, 0.6593425310849941, 0.6457162323283938, 0.6173746684638463, 0.6121212121212121, 0.6643732169827152, 0.6674443266171792, 0.6173746684638463, 0.5676633444075304, 0.6138826729849501, 0.636617749825297, 0.586894586894587]",0.66675,0.025877817881987945,"[0.6437499999999999, 0.6749999999999999, 0.7062499999999999, 0.63125, 0.69375, 0.68125, 0.7062499999999999, 0.71875, 0.6562500000000001, 0.65625, 0.6375, 0.6625, 0.6375000000000001, 0.6687500000000001, 0.6875, 0.675, 0.65625, 0.65, 0.6875, 0.69375, 0.65625, 0.6187499999999999, 0.65625, 0.675, 0.6375000000000001]","{'finalestimator__estimator_name': ['SVC'], 'nearestneighborreweightadapter__laplace_smoothing': [True, False], 'nearestneighborreweightadapter__n_neighbors': [1]}"
Simulated,concept_drift,MapOT,deep_embedded_validation,Mapping,0.81,0.04110295761864347,"[0.71875, 0.7875, 0.8375, 0.8, 0.83125, 0.825, 0.80625, 0.85, 0.83125, 0.83125, 0.73125, 0.78125, 0.8375, 0.925, 0.81875, 0.8, 0.78125, 0.8, 0.7875, 0.80625, 0.85, 0.76875, 0.78125, 0.83125, 0.83125]",0.81,0.04110295761864348,"[0.71875, 0.7875000000000001, 0.8375, 0.8, 0.83125, 0.825, 0.8062499999999999, 0.85, 0.83125, 0.83125, 0.73125, 0.78125, 0.8375, 0.925, 0.81875, 0.8, 0.78125, 0.8, 0.7875, 0.80625, 0.85, 0.76875, 0.78125, 0.83125, 0.83125]",0.8097096952131284,0.041372879407753534,"[0.716880972041996, 0.7869674185463659, 0.8372711625723674, 0.7994987468671679, 0.8312434079456228, 0.825, 0.8061818608104412, 0.85, 0.8311906529639327, 0.8312434079456228, 0.7309872922776148, 0.7802111542839201, 0.8375, 0.9249882794186592, 0.8181746933657275, 0.7999687451164245, 0.7811730686569497, 0.7988686360779385, 0.7875, 0.8062424313449743, 0.849906191369606, 0.7680159880873074, 0.7812414547443259, 0.8312434079456228, 0.8312434079456228]",0.81,0.04110295761864346,"[0.71875, 0.7875000000000001, 0.8375, 0.8, 0.8312499999999999, 0.825, 0.8062499999999999, 0.85, 0.8312499999999999, 0.8312499999999999, 0.73125, 0.7812500000000001, 0.8374999999999999, 0.925, 0.81875, 0.7999999999999999, 0.78125, 0.8, 0.7875, 0.8062500000000001, 0.85, 0.7687499999999999, 0.78125, 0.8312499999999999, 0.8312499999999999]","{'finalestimator__estimator_name': ['SVC'], 'otmappingadapter__max_iter': [1000000], 'otmappingadapter__metric': ['sqeuclidean', 'cosine', 'cityblock'], 'otmappingadapter__norm': ['median']}"
Simulated,concept_drift,SA,deep_embedded_validation,Subspace,0.80125,0.028867513459481298,"[0.75625, 0.76875, 0.825, 0.8, 0.81875, 0.8125, 0.78125, 0.825, 0.825, 0.825, 0.775, 0.7875, 0.8125, 0.86875, 0.8125, 0.81875, 0.7625, 0.7875, 0.7875, 0.825, 0.81875, 0.7625, 0.75, 0.83125, 0.79375]",0.80125,0.028867513459481298,"[0.7562500000000001, 0.76875, 0.825, 0.8, 0.8187500000000001, 0.8125, 0.78125, 0.825, 0.825, 0.825, 0.775, 0.7875000000000001, 0.8125, 0.86875, 0.8125, 0.81875, 0.7625, 0.7875, 0.7875, 0.825, 0.81875, 0.7625, 0.75, 0.83125, 0.79375]",0.8003213389758819,0.029141453925512834,"[0.7557825525419749, 0.7687409664440018, 0.8249726519768714, 0.7994987468671679, 0.818686256887187, 0.8117647058823529, 0.7802111542839201, 0.8240100565681961, 0.8240100565681961, 0.8240100565681961, 0.7732640529050544, 0.7874667916862009, 0.8106060606060606, 0.8675862068965519, 0.8114393463230674, 0.818572825024438, 0.7615686274509803, 0.7875, 0.7866666666666667, 0.8247535596933186, 0.8178892421209623, 0.7587301587301587, 0.7474747474747474, 0.8304486047333098, 0.7923793794974637]",0.80125,0.028867513459481305,"[0.7562500000000001, 0.76875, 0.825, 0.8, 0.8187500000000001, 0.8125, 0.78125, 0.825, 0.825, 0.825, 0.775, 0.7875, 0.8124999999999999, 0.86875, 0.8125, 0.8187500000000001, 0.7625, 0.7875, 0.7875, 0.8250000000000002, 0.81875, 0.7625, 0.7499999999999999, 0.8312499999999999, 0.79375]","{'finalestimator__estimator_name': ['SVC'], 'subspacealignmentadapter__n_components': [1, 2, 5, 10, 20, 50, 100]}"
Simulated,concept_drift,TCA,deep_embedded_validation,Subspace,0.50575,0.09558822822398164,"[0.5, 0.58125, 0.51875, 0.375, 0.5875, 0.6625, 0.40625, 0.59375, 0.36875, 0.5, 0.475, 0.65, 0.36875, 0.425, 0.5, 0.41875, 0.41875, 0.525, 0.4375, 0.625, 0.51875, 0.5375, 0.4, 0.68125, 0.56875]",0.50575,0.09558822822398162,"[0.5, 0.58125, 0.51875, 0.375, 0.5874999999999999, 0.6625, 0.40625, 0.59375, 0.36875, 0.5, 0.475, 0.65, 0.36875, 0.425, 0.5, 0.4187499999999999, 0.41875, 0.525, 0.4375, 0.625, 0.51875, 0.5375, 0.4, 0.68125, 0.56875]",0.49991540374736987,0.09926074684824875,"[0.4992958848380535, 0.581102731429018, 0.5155518854940819, 0.3522267206477733, 0.574468085106383, 0.6625, 0.4034302759134974, 0.5937341302394625, 0.3687253408336263, 0.4999218627910611, 0.4607607125662012, 0.6464646464646464, 0.324386471006313, 0.420563690757361, 0.497171590194846, 0.4169050511383675, 0.414887342220125, 0.5243310905961508, 0.4318181818181818, 0.6235294117647059, 0.5178270909162068, 0.5339316643048339, 0.3984962406015037, 0.6732732732732734, 0.5625817187685724]",0.50575,0.09558822822398164,"[0.5, 0.58125, 0.51875, 0.375, 0.5874999999999999, 0.6625, 0.40625, 0.59375, 0.36875, 0.5, 0.475, 0.6500000000000001, 0.36875, 0.4249999999999999, 0.5, 0.41875, 0.4187499999999999, 0.525, 0.4375, 0.625, 0.51875, 0.5375, 0.4, 0.6812499999999999, 0.56875]","{'finalestimator__estimator_name': ['SVC'], 'transfercomponentanalysisadapter__kernel': ['rbf'], 'transfercomponentanalysisadapter__mu': [10, 100], 'transfercomponentanalysisadapter__n_components': [1, 2, 5, 10, 20, 50, 100]}"
Simulated,concept_drift,TSL,deep_embedded_validation,Subspace,0.66175,0.0238211653087473,"[0.6625, 0.65625, 0.7, 0.65, 0.66875, 0.6625, 0.7, 0.69375, 0.65625, 0.66875, 0.6125, 0.64375, 0.63125, 0.68125, 0.675, 0.69375, 0.65, 0.65625, 0.66875, 0.68125, 0.6625, 0.6125, 0.6375, 0.675, 0.64375]",0.66175,0.023821165308747297,"[0.6625, 0.65625, 0.7, 0.65, 0.66875, 0.6625000000000001, 0.7, 0.6937500000000001, 0.65625, 0.66875, 0.6125, 0.64375, 0.6312500000000001, 0.68125, 0.675, 0.69375, 0.65, 0.65625, 0.66875, 0.68125, 0.6625, 0.6125, 0.6375, 0.675, 0.64375]",0.624267149182694,0.0325497333707863,"[0.625974025974026, 0.6173746684638463, 0.6777982883034066, 0.6050079351084465, 0.6312883168833427, 0.6226415094339622, 0.6799999999999999, 0.6648283527852593, 0.6206733048838312, 0.6312883168833427, 0.5626873567272086, 0.6101064511991792, 0.5776475325488792, 0.6482607008922798, 0.6428571428571429, 0.6699086354258769, 0.6086652690426275, 0.6206733048838312, 0.6344670028880556, 0.6511478773887391, 0.625974025974026, 0.5538765965101637, 0.5909010756480338, 0.636617749825297, 0.5960132890365448]",0.66175,0.023821165308747314,"[0.6625000000000001, 0.65625, 0.7, 0.65, 0.6687500000000001, 0.6625, 0.7, 0.69375, 0.6562500000000001, 0.6687500000000001, 0.6124999999999999, 0.64375, 0.63125, 0.68125, 0.6749999999999999, 0.69375, 0.6499999999999999, 0.6562500000000001, 0.66875, 0.68125, 0.6625000000000001, 0.6125, 0.6375000000000001, 0.675, 0.64375]","{'finalestimator__estimator_name': ['SVC'], 'transfersubspacelearningadapter__base_method': ['flda'], 'transfersubspacelearningadapter__length_scale': [2], 'transfersubspacelearningadapter__max_iter': [300], 'transfersubspacelearningadapter__mu': [0.1, 1, 10], 'transfersubspacelearningadapter__n_components': [1, 2, 5, 10, 20, 50, 100], 'transfersubspacelearningadapter__reg': [0.0001], 'transfersubspacelearningadapter__tol': [0.0001]}"
Simulated,covariate_shift,CORAL,deep_embedded_validation,Mapping,0.66475,0.04223107317682878,"[0.65625, 0.6375, 0.65, 0.76875, 0.65625, 0.71875, 0.64375, 0.66875, 0.7125, 0.6875, 0.6, 0.63125, 0.6125, 0.6125, 0.65, 0.6125, 0.6875, 0.60625, 0.65625, 0.7125, 0.7, 0.70625, 0.68125, 0.7, 0.65]",0.6825289493221918,0.041552403823940036,"[0.6802325581395349, 0.6627906976744187, 0.6734758013827782, 0.7839409176618479, 0.6802325581395349, 0.7383720930232558, 0.6686046511627907, 0.6918604651162791, 0.7325581395348837, 0.7093023255813954, 0.6144578313253012, 0.6445783132530121, 0.6260366139884213, 0.6260366139884213, 0.6626506024096386, 0.6345098039215686, 0.7058823529411764, 0.6286274509803922, 0.6764705882352942, 0.7286274509803922, 0.7108433734939759, 0.7168674698795181, 0.6927710843373494, 0.7108433734939759, 0.6626506024096386]",0.6295139057859559,0.05631810379707713,"[0.6220211780556608, 0.5963166411173566, 0.6166974324551099, 0.7613248374616091, 0.6220211780556608, 0.7017104565297213, 0.6049893955461293, 0.6386565073790711, 0.694104892816233, 0.662920185461169, 0.5332254002518438, 0.580656289763503, 0.5571526185857874, 0.5571526185857874, 0.6075757575757575, 0.5621753246753247, 0.6614583333333334, 0.5529887169007348, 0.6201617179215271, 0.6949046800850924, 0.6746266152038933, 0.6825844516911241, 0.6502200424178155, 0.6746266152038933, 0.6075757575757575]",0.6825289493221918,0.04155240382394004,"[0.6802325581395349, 0.6627906976744187, 0.6734758013827782, 0.7839409176618478, 0.6802325581395349, 0.7383720930232558, 0.6686046511627908, 0.6918604651162791, 0.7325581395348837, 0.7093023255813953, 0.6144578313253012, 0.6445783132530121, 0.6260366139884211, 0.6260366139884211, 0.6626506024096386, 0.6345098039215686, 0.7058823529411764, 0.6286274509803922, 0.6764705882352942, 0.7286274509803922, 0.7108433734939759, 0.7168674698795181, 0.6927710843373494, 0.7108433734939759, 0.6626506024096386]","{'coraladapter__reg': ['auto'], 'finalestimator__estimator_name': ['SVC']}"
Simulated,covariate_shift,DASVM,deep_embedded_validation,Other,0.89,0.022821773229381923,"[0.875, 0.8875, 0.8875, 0.875, 0.90625, 0.8875, 0.925, 0.9375, 0.93125, 0.86875, 0.89375, 0.89375, 0.86875, 0.91875, 0.89375, 0.8625, 0.8875, 0.8625, 0.9, 0.85, 0.89375, 0.91875, 0.875, 0.86875, 0.88125]",0.8933204428534939,0.02254026167509771,"[0.8799497171590195, 0.8915776241357637, 0.8925204274041483, 0.8790069138906349, 0.9099622878692646, 0.8925204274041483, 0.9292897548711504, 0.9399748585795098, 0.9351037083595224, 0.8760213702074168, 0.8975903614457832, 0.8957127210139258, 0.8730245657956501, 0.9207479267720232, 0.8966515412298545, 0.8674509803921568, 0.8909803921568628, 0.8650980392156862, 0.9027450980392157, 0.8533333333333333, 0.8943044906900328, 0.9202785166640588, 0.8762322015334063, 0.8706775152558285, 0.8822562979189486]",0.8898873586502567,0.022909739450212678,"[0.875, 0.8875879043600563, 0.8875, 0.8750976715111737, 0.9063489117267788, 0.8875, 0.9250586029067044, 0.9375880143952432, 0.9313225352663046, 0.8683137829912024, 0.8929701911377996, 0.8936379000429838, 0.8674752270850536, 0.9186642765034584, 0.8933715901530273, 0.8621990306441525, 0.8875, 0.8625859509298326, 0.9000625097671511, 0.85, 0.8937873666523387, 0.9187277823352474, 0.875, 0.8686115235825096, 0.8812731942654011]",0.8933204428534939,0.022540261675097692,"[0.8799497171590196, 0.8915776241357636, 0.8925204274041483, 0.8790069138906349, 0.9099622878692646, 0.8925204274041483, 0.9292897548711502, 0.9399748585795098, 0.9351037083595224, 0.8760213702074169, 0.8975903614457832, 0.8957127210139258, 0.8730245657956501, 0.9207479267720232, 0.8966515412298545, 0.867450980392157, 0.8909803921568628, 0.8650980392156862, 0.9027450980392158, 0.8533333333333334, 0.8943044906900329, 0.9202785166640588, 0.8762322015334064, 0.8706775152558284, 0.8822562979189486]","{'dasvmclassifier__base_estimator__estimator_name': ['SVC'], 'dasvmclassifier__max_iter': [200]}"
Simulated,covariate_shift,JDOT,deep_embedded_validation,Other,0.71825,0.04021912635799042,"[0.66875, 0.71875, 0.70625, 0.71875, 0.6375, 0.68125, 0.73125, 0.7875, 0.75625, 0.7625, 0.7375, 0.7125, 0.73125, 0.7375, 0.6125, 0.71875, 0.7875, 0.70625, 0.7375, 0.725, 0.675, 0.725, 0.73125, 0.7125, 0.7375]",0.7192786984759888,0.0400493406926532,"[0.6664047768698931, 0.7176304211187932, 0.7078881206788183, 0.7204588309239472, 0.6382778126964174, 0.6884035197988687, 0.7292583280955374, 0.7891263356379636, 0.7581709616593337, 0.7630421118793211, 0.7375997496479425, 0.7125645438898451, 0.7320450633703646, 0.7390079799718354, 0.6166484118291347, 0.7203921568627452, 0.7890196078431373, 0.7047058823529412, 0.7388235294117647, 0.7301960784313726, 0.6740729150367705, 0.7232045063370365, 0.7315756532624003, 0.7149115944296667, 0.7385385698638711]",0.718009718594181,0.040788200475731694,"[0.6685806692619245, 0.718871423525256, 0.7066520039100684, 0.7191348973607038, 0.6380104834924112, 0.6795908183632735, 0.7311126184577876, 0.7877992489438272, 0.75658357771261, 0.7627976190476191, 0.7375820825515947, 0.7125898999374609, 0.7313024922848548, 0.7373359118612284, 0.6082290190521178, 0.7189807940291508, 0.7876993433395872, 0.7061231798736214, 0.7377462476547842, 0.7239672977624785, 0.674796365914787, 0.7242221873035827, 0.7313445156500332, 0.7116902675637615, 0.7375]",0.7192786984759888,0.040049340692653194,"[0.6664047768698931, 0.7176304211187932, 0.7078881206788183, 0.7204588309239472, 0.6382778126964173, 0.6884035197988685, 0.7292583280955374, 0.7891263356379636, 0.7581709616593337, 0.7630421118793211, 0.7375997496479425, 0.7125645438898451, 0.7320450633703646, 0.7390079799718354, 0.6166484118291348, 0.720392156862745, 0.7890196078431373, 0.7047058823529413, 0.7388235294117647, 0.7301960784313726, 0.6740729150367705, 0.7232045063370365, 0.7315756532624003, 0.7149115944296667, 0.7385385698638711]","{'jdotclassifier__alpha': [0.1, 0.3, 0.5, 0.7, 0.9], 'jdotclassifier__base_estimator__estimator_name': ['SVC'], 'jdotclassifier__n_iter_max': [100], 'jdotclassifier__thr_weights': [1e-07], 'jdotclassifier__tol': [1e-06]}"
Simulated,covariate_shift,KLIEP,deep_embedded_validation,Reweighting,0.8825,0.02700308624336608,"[0.85, 0.85, 0.88125, 0.8375, 0.8875, 0.8875, 0.91875, 0.925, 0.9375, 0.86875, 0.8875, 0.86875, 0.875, 0.93125, 0.9125, 0.86875, 0.875, 0.85625, 0.8875, 0.85, 0.875, 0.9125, 0.88125, 0.8625, 0.875]",0.8863554611044071,0.02623803044933161,"[0.8566939032055312, 0.8576367064739158, 0.8876492771841609, 0.8441231929604023, 0.893463230672533, 0.890634820867379, 0.9225329981143936, 0.9274041483343808, 0.9418604651162792, 0.8760213702074168, 0.891566265060241, 0.8711469253637929, 0.8790486621811924, 0.9327961195431076, 0.914723830386481, 0.8733333333333333, 0.8792156862745097, 0.8592156862745097, 0.8909803921568628, 0.8533333333333333, 0.8767016116413706, 0.9142544202785168, 0.8827257080269129, 0.8646534188702863, 0.8771710217493349]",0.8822960736163601,0.02712306905506956,"[0.8496247654784241, 0.849366296354248, 0.8810411863545777, 0.8370934959349594, 0.8873769338959212, 0.887640712945591, 0.9188357234965416, 0.925105617274292, 0.9375488357555868, 0.8683137829912024, 0.8865454116907605, 0.8684677419354838, 0.8739393463230674, 0.9312312004375172, 0.912363195747342, 0.8685499785080693, 0.8748827941865918, 0.856300539083558, 0.8875, 0.85, 0.8749218627910611, 0.9124453039537428, 0.8812175280284386, 0.8622850218886804, 0.8748045653533459]",0.8863554611044071,0.026238030449331574,"[0.8566939032055312, 0.8576367064739158, 0.8876492771841609, 0.8441231929604023, 0.8934632306725331, 0.890634820867379, 0.9225329981143936, 0.9274041483343808, 0.9418604651162792, 0.8760213702074169, 0.891566265060241, 0.8711469253637929, 0.8790486621811923, 0.9327961195431074, 0.914723830386481, 0.8733333333333334, 0.8792156862745099, 0.8592156862745098, 0.8909803921568628, 0.8533333333333334, 0.8767016116413706, 0.9142544202785168, 0.8827257080269129, 0.8646534188702863, 0.8771710217493349]","{'finalestimator__estimator_name': ['SVC'], 'kliepreweightadapter__cv': [5], 'kliepreweightadapter__gamma': [0.0001, 0.001, 0.01, 0.1, 1.0, 10.0, 100.0, 1000.0, 'auto', 'scale'], 'kliepreweightadapter__max_iter': [1000], 'kliepreweightadapter__n_centers': [100], 'kliepreweightadapter__random_state': [0], 'kliepreweightadapter__tol': [1e-06]}"
Simulated,covariate_shift,KMM,deep_embedded_validation,Reweighting,0.8845000000000001,0.026646313847635036,"[0.85, 0.85625, 0.86875, 0.85, 0.8875, 0.8875, 0.90625, 0.93125, 0.9125, 0.86875, 0.90625, 0.8875, 0.9, 0.9375, 0.9125, 0.8625, 0.8875, 0.83125, 0.88125, 0.8625, 0.8875, 0.91875, 0.88125, 0.8625, 0.875]",0.8884976761954068,0.025806739255048037,"[0.8566939032055312, 0.8625078566939033, 0.8731929604022628, 0.8557510999371465, 0.893463230672533, 0.8953488372093024, 0.9127906976744188, 0.9351037083595224, 0.917661847894406, 0.8741357636706474, 0.9096385542168676, 0.8882803943044907, 0.9031450477233608, 0.9388202159286496, 0.914723830386481, 0.8674509803921568, 0.8886274509803922, 0.8372549019607843, 0.884313725490196, 0.8690196078431373, 0.888749804412455, 0.9207479267720232, 0.8817868878109842, 0.8646534188702863, 0.878579252073228]",0.8842885054033328,0.0267685522040193,"[0.8496247654784241, 0.8559972255871205, 0.8688063986874488, 0.8498359118612283, 0.8873769338959212, 0.8870247222656861, 0.9060851471220348, 0.9313225352663046, 0.9125, 0.8686833470057425, 0.9057540460049374, 0.8875351617440224, 0.8995614035087719, 0.9375, 0.912363195747342, 0.8621990306441525, 0.8876056172742921, 0.8304640718562875, 0.8812917496777217, 0.8617246240601503, 0.8875, 0.9186642765034584, 0.8812917627290844, 0.8622850218886804, 0.8742156862745099]",0.8884976761954068,0.02580673925504802,"[0.8566939032055312, 0.8625078566939033, 0.8731929604022628, 0.8557510999371465, 0.8934632306725331, 0.8953488372093023, 0.9127906976744188, 0.9351037083595224, 0.917661847894406, 0.8741357636706474, 0.9096385542168676, 0.8882803943044907, 0.9031450477233608, 0.9388202159286496, 0.914723830386481, 0.867450980392157, 0.8886274509803922, 0.8372549019607844, 0.8843137254901962, 0.8690196078431373, 0.888749804412455, 0.9207479267720232, 0.8817868878109842, 0.8646534188702863, 0.878579252073228]","{'finalestimator__estimator_name': ['SVC'], 'kmmreweightadapter__B': [1000.0], 'kmmreweightadapter__gamma': [0.0001, 0.001, 0.01, 0.1, 1.0, 10.0, 100.0, 1000.0, None], 'kmmreweightadapter__max_iter': [1000], 'kmmreweightadapter__smooth_weights': [False], 'kmmreweightadapter__tol': [1e-06]}"
Simulated,covariate_shift,MMD-LS,deep_embedded_validation,Mapping,0.65375,0.07508675537891708,"[0.6375, 0.675, 0.6625, 0.69375, 0.65, 0.75625, 0.64375, 0.70625, 0.71875, 0.55625, 0.76875, 0.71875, 0.7375, 0.7625, 0.6625, 0.4875, 0.61875, 0.59375, 0.7, 0.55, 0.5125, 0.61875, 0.61875, 0.675, 0.61875]",0.6452677146400682,0.07964876830311746,"[0.633563796354494, 0.6533626649905719, 0.6653048397234445, 0.6915461973601509, 0.6319924575738529, 0.743086109365179, 0.6412633563796355, 0.7031741043368951, 0.7157448145820239, 0.5221558768070396, 0.7681896416836176, 0.7167109998435299, 0.7380691597559068, 0.7631043655140041, 0.6643717728055077, 0.4933333333333333, 0.5949019607843137, 0.5737254901960784, 0.6831372549019608, 0.5247058823529411, 0.4963229541542794, 0.6057737443279612, 0.6090596150837115, 0.6759505554686278, 0.6231419183226412]",0.6285768521853441,0.103212020155111,"[0.6365845959595959, 0.6425057309116557, 0.6627637130801688, 0.6935934489402698, 0.6266905126894907, 0.746945029094961, 0.643567889583579, 0.7057290640394089, 0.7182512315270936, 0.4349230332145254, 0.7686866463152127, 0.7177436003303056, 0.7375820440693859, 0.7625742303484919, 0.6619723264540338, 0.4834803921568628, 0.5497815120079579, 0.5450567088720863, 0.674025974025974, 0.458695652173913, 0.3990301724137931, 0.5648520502735205, 0.5903685047720042, 0.675, 0.6140172413793105]",0.6452677146400682,0.07964876830311744,"[0.6335637963544941, 0.6533626649905719, 0.6653048397234443, 0.6915461973601509, 0.6319924575738529, 0.743086109365179, 0.6412633563796354, 0.7031741043368951, 0.7157448145820239, 0.5221558768070396, 0.7681896416836176, 0.71671099984353, 0.7380691597559068, 0.7631043655140041, 0.6643717728055077, 0.4933333333333333, 0.5949019607843138, 0.5737254901960784, 0.6831372549019606, 0.5247058823529411, 0.4963229541542794, 0.6057737443279612, 0.6090596150837115, 0.6759505554686278, 0.6231419183226412]","{'finalestimator__estimator_name': ['SVC'], 'mmdlsconsmappingadapter__gamma': [0.1, 1, 10], 'mmdlsconsmappingadapter__max_iter': [100], 'mmdlsconsmappingadapter__reg_k': [1e-10, 1e-08], 'mmdlsconsmappingadapter__reg_m': [1e-10, 1e-08], 'mmdlsconsmappingadapter__tol': [1e-05]}"
Simulated,covariate_shift,Train Src,deep_embedded_validation,NO DA,0.88075,0.025953183009668247,"[0.85, 0.85, 0.88125, 0.8375, 0.8875, 0.875, 0.91875, 0.91875, 0.925, 0.86875, 0.8875, 0.86875, 0.875, 0.93125, 0.9125, 0.86875, 0.875, 0.85625, 0.88125, 0.84375, 0.875, 0.9125, 0.88125, 0.8625, 0.875]",0.8848478147083457,0.02518293214344884,"[0.8566939032055312, 0.8576367064739158, 0.8876492771841609, 0.8441231929604023, 0.893463230672533, 0.8818353236957888, 0.9225329981143936, 0.9215901948460088, 0.9302325581395348, 0.8760213702074168, 0.891566265060241, 0.8711469253637929, 0.8790486621811924, 0.9327961195431076, 0.914723830386481, 0.8733333333333333, 0.8792156862745097, 0.8592156862745097, 0.8850980392156862, 0.8482352941176471, 0.8767016116413706, 0.9142544202785168, 0.8827257080269129, 0.8646534188702863, 0.8767016116413706]",0.8805193328319945,0.026072761919467925,"[0.8496247654784241, 0.849366296354248, 0.8810411863545777, 0.8370934959349594, 0.8873769338959212, 0.8746873045653534, 0.9188357234965416, 0.91886119257087, 0.925, 0.8683137829912024, 0.8865454116907605, 0.8684677419354838, 0.8739393463230674, 0.9312312004375172, 0.912363195747342, 0.8685499785080693, 0.8748827941865918, 0.856300539083558, 0.8811989726161178, 0.8435118791762729, 0.8749218627910611, 0.9124453039537428, 0.8812175280284386, 0.8622850218886804, 0.8749218627910611]",0.8848478147083457,0.02518293214344882,"[0.8566939032055312, 0.8576367064739158, 0.8876492771841609, 0.8441231929604023, 0.8934632306725331, 0.8818353236957888, 0.9225329981143936, 0.9215901948460088, 0.9302325581395348, 0.8760213702074169, 0.891566265060241, 0.8711469253637929, 0.8790486621811923, 0.9327961195431074, 0.914723830386481, 0.8733333333333334, 0.8792156862745099, 0.8592156862745098, 0.8850980392156862, 0.8482352941176471, 0.8767016116413706, 0.9142544202785168, 0.8827257080269129, 0.8646534188702863, 0.8767016116413706]",{'finalestimator__estimator_name': ['SVC']}
Simulated,covariate_shift,NO_DA_SOURCE_ONLY_BASE_ESTIM,deep_embedded_validation,Unknown,,,"[NaN, NaN, NaN, NaN, NaN, NaN, NaN, NaN, NaN, NaN, NaN, NaN, NaN, NaN, NaN, NaN, NaN, NaN, NaN, NaN, NaN, NaN, NaN, NaN, NaN]",,,"[NaN, NaN, NaN, NaN, NaN, NaN, NaN, NaN, NaN, NaN, NaN, NaN, NaN, NaN, NaN, NaN, NaN, NaN, NaN, NaN, NaN, NaN, NaN, NaN, NaN]",,,"[NaN, NaN, NaN, NaN, NaN, NaN, NaN, NaN, NaN, NaN, NaN, NaN, NaN, NaN, NaN, NaN, NaN, NaN, NaN, NaN, NaN, NaN, NaN, NaN, NaN]",,,"[NaN, NaN, NaN, NaN, NaN, NaN, NaN, NaN, NaN, NaN, NaN, NaN, NaN, NaN, NaN, NaN, NaN, NaN, NaN, NaN, NaN, NaN, NaN, NaN, NaN]",{'finalestimator__estimator_name': ['SVC']}
Simulated,covariate_shift,Train Tgt,deep_embedded_validation,NO DA,0.915,0.020885351724753545,"[0.9, 0.91875, 0.91875, 0.9, 0.90625, 0.9, 0.9375, 0.94375, 0.95, 0.88125, 0.95625, 0.925, 0.9125, 0.925, 0.9375, 0.90625, 0.89375, 0.88125, 0.9125, 0.8875, 0.91875, 0.94375, 0.9125, 0.9, 0.90625]",0.915359763322877,0.02066174349767348,"[0.9003771213073539, 0.91781898177247, 0.9197045883092394, 0.8994343180389692, 0.9071338780641108, 0.9003771213073539, 0.9380892520427404, 0.9439032055311124, 0.9497171590194846, 0.884820867379007, 0.9573619151932404, 0.9239555625097792, 0.9151932404944454, 0.9244249726177436, 0.9374119856047568, 0.9070588235294118, 0.8952941176470588, 0.8811764705882352, 0.9129411764705884, 0.8878431372549019, 0.9184008762322016, 0.9443749022062276, 0.9114379596307308, 0.8998591769676108, 0.9058832733531528]",0.9150111693514508,0.02086261365550337,"[0.900078431372549, 0.9187084660453776, 0.918835965359144, 0.9, 0.9063491907990128, 0.900078431372549, 0.9375490196078432, 0.9437742847050512, 0.95, 0.8813752881872533, 0.956258545255674, 0.9248823529411766, 0.9122535596933188, 0.9249530075187968, 0.9375, 0.9063270517787952, 0.8938538611925709, 0.8812918805595832, 0.9125548245614036, 0.8875704887218046, 0.9187277405972368, 0.9437697823453558, 0.9123627450980392, 0.9, 0.9062243160737348]",0.915359763322877,0.020661743497673503,"[0.9003771213073538, 0.91781898177247, 0.9197045883092396, 0.8994343180389692, 0.9071338780641108, 0.9003771213073538, 0.9380892520427404, 0.9439032055311124, 0.9497171590194848, 0.8848208673790069, 0.9573619151932404, 0.9239555625097792, 0.9151932404944452, 0.9244249726177436, 0.9374119856047566, 0.9070588235294118, 0.8952941176470589, 0.8811764705882352, 0.912941176470588, 0.8878431372549018, 0.9184008762322016, 0.9443749022062274, 0.9114379596307306, 0.8998591769676106, 0.9058832733531528]",{'finalestimator__estimator_name': ['SVC']}
Simulated,covariate_shift,OTLabelProp,deep_embedded_validation,Other,0.755,0.08707112155205841,"[0.66875, 0.9125, 0.74375, 0.725, 0.69375, 0.88125, 0.725, 0.66875, 0.75625, 0.76875, 0.84375, 0.825, 0.85, 0.6125, 0.7375, 0.625, 0.8125, 0.83125, 0.80625, 0.74375, 0.675, 0.90625, 0.74375, 0.63125, 0.6875]",0.7534075912359433,0.08751620914456519,"[0.6673475801382778, 0.9129478315524828, 0.7352294154619736, 0.7262727844123193, 0.6840037712130735, 0.8791640477686988, 0.72438717787555, 0.6673475801382778, 0.7581709616593337, 0.7688560653676932, 0.8400093882021593, 0.8252229698012831, 0.8469723048036302, 0.6110154905335627, 0.7338444687842278, 0.6211764705882353, 0.8117647058823529, 0.8309803921568628, 0.8011764705882353, 0.7509803921568627, 0.6740729150367705, 0.9054138632451884, 0.7445626662494133, 0.630026599906118, 0.6842434673759975]",0.7540227975308563,0.08735631239585136,"[0.668893009929746, 0.9125686274509804, 0.7395772184471875, 0.7253872633390707, 0.6876519649420413, 0.8810394088669952, 0.7252156862745098, 0.668893009929746, 0.75658357771261, 0.7689946706375641, 0.8417936921181287, 0.8250547217010631, 0.8487181516062667, 0.6118921568627451, 0.7345833333333334, 0.6235795454545455, 0.8125, 0.8313095144794076, 0.8044710640327517, 0.7414267632167666, 0.674796365914787, 0.9061508092009876, 0.7438000507832336, 0.6308598495238842, 0.6848294825130559]",0.7534075912359433,0.08751620914456519,"[0.6673475801382778, 0.9129478315524828, 0.7352294154619735, 0.7262727844123192, 0.6840037712130735, 0.8791640477686989, 0.72438717787555, 0.6673475801382778, 0.7581709616593337, 0.7688560653676932, 0.8400093882021592, 0.8252229698012831, 0.8469723048036302, 0.6110154905335629, 0.7338444687842278, 0.6211764705882353, 0.8117647058823529, 0.8309803921568627, 0.8011764705882353, 0.7509803921568627, 0.6740729150367705, 0.9054138632451884, 0.7445626662494134, 0.630026599906118, 0.6842434673759975]","{'finalestimator__estimator_name': ['SVC'], 'otlabelpropadapter__metric': ['sqeuclidean', 'cosine', 'cityblock'], 'otlabelpropadapter__reg': [None, 0.1, 1.0]}"
Simulated,covariate_shift,JPCA,deep_embedded_validation,Subspace,0.87575,0.03188521078284831,"[0.85, 0.85, 0.88125, 0.8375, 0.84375, 0.79375, 0.91875, 0.91875, 0.925, 0.86875, 0.8875, 0.86875, 0.875, 0.93125, 0.9125, 0.86875, 0.875, 0.85625, 0.88125, 0.84375, 0.875, 0.9125, 0.88125, 0.8625, 0.875]",0.8799703791332358,0.03054411553017052,"[0.8566939032055312, 0.8576367064739158, 0.8876492771841609, 0.8441231929604023, 0.8499371464487744, 0.8034255185417976, 0.9225329981143936, 0.9215901948460088, 0.9302325581395348, 0.8760213702074168, 0.891566265060241, 0.8711469253637929, 0.8790486621811924, 0.9327961195431076, 0.914723830386481, 0.8733333333333333, 0.8792156862745097, 0.8592156862745097, 0.8850980392156862, 0.8482352941176471, 0.8767016116413706, 0.9142544202785168, 0.8827257080269129, 0.8646534188702863, 0.8767016116413706]",0.8754438526966397,0.03217832284435243,"[0.8496247654784241, 0.849366296354248, 0.8810411863545777, 0.8370934959349594, 0.8434752452033918, 0.7917019898740139, 0.9188357234965416, 0.91886119257087, 0.925, 0.8683137829912024, 0.8865454116907605, 0.8684677419354838, 0.8739393463230674, 0.9312312004375172, 0.912363195747342, 0.8685499785080693, 0.8748827941865918, 0.856300539083558, 0.8811989726161178, 0.8435118791762729, 0.8749218627910611, 0.9124453039537428, 0.8812175280284386, 0.8622850218886804, 0.8749218627910611]",0.8799703791332358,0.030544115530170505,"[0.8566939032055312, 0.8576367064739158, 0.8876492771841609, 0.8441231929604023, 0.8499371464487744, 0.8034255185417976, 0.9225329981143936, 0.9215901948460088, 0.9302325581395348, 0.8760213702074169, 0.891566265060241, 0.8711469253637929, 0.8790486621811923, 0.9327961195431074, 0.914723830386481, 0.8733333333333334, 0.8792156862745099, 0.8592156862745098, 0.8850980392156862, 0.8482352941176471, 0.8767016116413706, 0.9142544202785168, 0.8827257080269129, 0.8646534188702863, 0.8767016116413706]","{'finalestimator__estimator_name': ['SVC'], 'pca__n_components': [1, 2, 5, 10, 20, 50, 100]}"
Simulated,covariate_shift,MMDTarS,deep_embedded_validation,Reweighting,0.8695,0.02927731986253752,"[0.825, 0.8125, 0.86875, 0.81875, 0.86875, 0.85, 0.9125, 0.9125, 0.8875, 0.86875, 0.88125, 0.86875, 0.86875, 0.90625, 0.9125, 0.84375, 0.875, 0.84375, 0.875, 0.8375, 0.88125, 0.91875, 0.86875, 0.8625, 0.86875]",0.8748225618904307,0.027619795775645755,"[0.8334380892520428, 0.8227529855436833, 0.8760213702074168, 0.8276241357636707, 0.8760213702074168, 0.8604651162790697, 0.917661847894406, 0.9167190446260214, 0.8953488372093024, 0.8760213702074168, 0.8855421686746988, 0.8711469253637929, 0.8730245657956501, 0.9086997340009388, 0.914723830386481, 0.8498039215686275, 0.8792156862745097, 0.8490196078431372, 0.8792156862745097, 0.843921568627451, 0.8831951181348772, 0.9207479267720232, 0.8716163354717572, 0.865592239086215, 0.8730245657956501]",0.8688634164379634,0.02970543314997889,"[0.8239035087719297, 0.8103786926461345, 0.8683137829912024, 0.8174076178533642, 0.8683137829912024, 0.8483029541169076, 0.9125, 0.9125683700578214, 0.8870247222656861, 0.8683137829912024, 0.8800966340293342, 0.8684677419354838, 0.8674752270850536, 0.9060483870967742, 0.912363195747342, 0.8430222887558217, 0.8748827941865918, 0.8432917888563051, 0.8748827941865918, 0.8365836466165414, 0.8811247118127467, 0.9186642765034584, 0.8682825525419748, 0.8618969298245613, 0.8674752270850536]",0.8748225618904307,0.02761979577564577,"[0.8334380892520428, 0.8227529855436833, 0.8760213702074169, 0.8276241357636707, 0.8760213702074169, 0.8604651162790697, 0.917661847894406, 0.9167190446260214, 0.8953488372093023, 0.8760213702074169, 0.8855421686746988, 0.8711469253637929, 0.8730245657956501, 0.9086997340009388, 0.914723830386481, 0.8498039215686275, 0.8792156862745099, 0.8490196078431371, 0.8792156862745099, 0.843921568627451, 0.8831951181348772, 0.9207479267720232, 0.8716163354717571, 0.865592239086215, 0.8730245657956501]","{'finalestimator__estimator_name': ['SVC'], 'mmdtarsreweightadapter__gamma': [0.0001, 0.001, 0.01, 0.1, 1.0, 10.0, 100.0, 1000.0, None], 'mmdtarsreweightadapter__max_iter': [1000], 'mmdtarsreweightadapter__reg': [1e-06], 'mmdtarsreweightadapter__tol': [1e-06]}"
Simulated,covariate_shift,ClassRegOT,deep_embedded_validation,Mapping,0.7490000000000001,0.08829032954784272,"[0.64375, 0.71875, 0.7, 0.71875, 0.61875, 0.64375, 0.725, 0.78125, 0.73125, 0.8625, 0.75, 0.8625, 0.725, 0.725, 0.59375, 0.89375, 0.775, 0.69375, 0.73125, 0.8625, 0.65625, 0.925, 0.8125, 0.84375, 0.73125]",0.7501811243389013,0.08829243087280833,"[0.6412633563796355, 0.7176304211187932, 0.7020741671904462, 0.7204588309239472, 0.6189503456945318, 0.6525769956002514, 0.7225015713387806, 0.7833123821495915, 0.7349151477058453, 0.8654934003771213, 0.751525582850884, 0.8618369582225003, 0.7260209669848224, 0.726959787200751, 0.5976373024565795, 0.8968627450980392, 0.7772549019607844, 0.692156862745098, 0.7321568627450981, 0.8635294117647059, 0.6545923955562509, 0.926302613049601, 0.8122359568142701, 0.8442340791738382, 0.7320450633703646]",0.7487261129259494,0.08878472629697341,"[0.643567889583579, 0.718871423525256, 0.7003752345215759, 0.7191348973607038, 0.6192722398340573, 0.6402125279642058, 0.7246968981262792, 0.7815493646138807, 0.7313654830266807, 0.8626719824890557, 0.7498437255821223, 0.8624138471177945, 0.725, 0.7245700437773609, 0.5898042743108804, 0.8937873549748037, 0.77514064697609, 0.6936177832724989, 0.7315127077223851, 0.86262908777969, 0.6555079673456572, 0.925, 0.8125, 0.8438049509593217, 0.7313024922848548]",0.7501811243389013,0.08829243087280836,"[0.6412633563796354, 0.7176304211187932, 0.7020741671904462, 0.7204588309239472, 0.6189503456945317, 0.6525769956002514, 0.7225015713387806, 0.7833123821495915, 0.7349151477058454, 0.8654934003771213, 0.751525582850884, 0.8618369582225004, 0.7260209669848224, 0.726959787200751, 0.5976373024565795, 0.8968627450980393, 0.7772549019607844, 0.692156862745098, 0.732156862745098, 0.8635294117647059, 0.654592395556251, 0.926302613049601, 0.8122359568142701, 0.8442340791738383, 0.7320450633703646]","[{'classregularizerotmappingadapter__max_inner_iter': [1000], 'classregularizerotmappingadapter__max_iter': [10], 'classregularizerotmappingadapter__metric': ['sqeuclidean', 'cosine', 'cityblock'], 'classregularizerotmappingadapter__norm': ['lpl1'], 'classregularizerotmappingadapter__reg_cl': [0.1], 'classregularizerotmappingadapter__reg_e': [0.1], 'classregularizerotmappingadapter__tol': [1e-06], 'finalestimator__estimator_name': ['SVC']}, {'classregularizerotmappingadapter__max_inner_iter': [1000], 'classregularizerotmappingadapter__max_iter': [10], 'classregularizerotmappingadapter__metric': ['sqeuclidean', 'cosine', 'cityblock'], 'classregularizerotmappingadapter__norm': ['lpl1'], 'classregularizerotmappingadapter__reg_cl': [0.5], 'classregularizerotmappingadapter__reg_e': [0.5], 'classregularizerotmappingadapter__tol': [1e-06], 'finalestimator__estimator_name': ['SVC']}, {'classregularizerotmappingadapter__max_inner_iter': [1000], 'classregularizerotmappingadapter__max_iter': [10], 'classregularizerotmappingadapter__metric': ['sqeuclidean', 'cosine', 'cityblock'], 'classregularizerotmappingadapter__norm': ['lpl1'], 'classregularizerotmappingadapter__reg_cl': [1.0], 'classregularizerotmappingadapter__reg_e': [1.0], 'classregularizerotmappingadapter__tol': [1e-06], 'finalestimator__estimator_name': ['SVC']}]"
Simulated,covariate_shift,Dens. RW,deep_embedded_validation,Reweighting,0.884,0.026704887973303063,"[0.85, 0.825, 0.89375, 0.8625, 0.8875, 0.88125, 0.91875, 0.91875, 0.9375, 0.86875, 0.8875, 0.86875, 0.875, 0.93125, 0.9125, 0.875, 0.875, 0.8625, 0.8875, 0.85, 0.89375, 0.9125, 0.88125, 0.86875, 0.875]",0.8876831079508976,0.026152882650512823,"[0.8566939032055312, 0.8306096794468887, 0.8983343808925204, 0.8673790069138907, 0.893463230672533, 0.8876492771841609, 0.9225329981143936, 0.9215901948460088, 0.9418604651162792, 0.8760213702074168, 0.891566265060241, 0.8711469253637929, 0.8790486621811924, 0.9327961195431076, 0.914723830386481, 0.8792156862745097, 0.8792156862745097, 0.8650980392156862, 0.8909803921568628, 0.8525490196078431, 0.8947739007979971, 0.9142544202785168, 0.8827257080269129, 0.8711469253637929, 0.8767016116413706]",0.8838408812008783,0.026780187465890396,"[0.8496247654784241, 0.8248085638380998, 0.8937956560803156, 0.8625, 0.8873769338959212, 0.8810411863545777, 0.9188357234965416, 0.91886119257087, 0.9375488357555868, 0.8683137829912024, 0.8865454116907605, 0.8684677419354838, 0.8739393463230674, 0.9312312004375172, 0.912363195747342, 0.8748827941865918, 0.8748827941865918, 0.8625859509298326, 0.8875, 0.8500937646507266, 0.8937707527637798, 0.9124453039537428, 0.8812175280284386, 0.8684677419354838, 0.8749218627910611]",0.8876831079508976,0.026152882650512806,"[0.8566939032055312, 0.8306096794468887, 0.8983343808925204, 0.8673790069138907, 0.8934632306725331, 0.8876492771841609, 0.9225329981143936, 0.9215901948460088, 0.9418604651162792, 0.8760213702074169, 0.891566265060241, 0.8711469253637929, 0.8790486621811923, 0.9327961195431074, 0.914723830386481, 0.8792156862745099, 0.8792156862745099, 0.8650980392156862, 0.8909803921568628, 0.8525490196078431, 0.8947739007979972, 0.9142544202785168, 0.8827257080269129, 0.8711469253637929, 0.8767016116413706]","{'densityreweightadapter__weight_estimator__bandwidth': [0.01, 0.1, 1.0, 10.0, 100.0, 'scott', 'silverman'], 'finalestimator__estimator_name': ['SVC']}"
Simulated,covariate_shift,Disc. RW,deep_embedded_validation,Reweighting,0.836,0.04554645064839487,"[0.7625, 0.85625, 0.8625, 0.7875, 0.8125, 0.775, 0.9, 0.75625, 0.8625, 0.8, 0.86875, 0.85625, 0.8125, 0.9, 0.8875, 0.85625, 0.78125, 0.75625, 0.825, 0.85, 0.875, 0.875, 0.8625, 0.84375, 0.875]",0.8436964101458819,0.04140015567450349,"[0.7781269641734758, 0.8634506599622879, 0.86926461345066, 0.7985543683218101, 0.8246385920804525, 0.7906976744186047, 0.9050911376492772, 0.7723130106851037, 0.872093023255814, 0.8130106851037084, 0.8734939759036144, 0.8595681427006728, 0.8188076983257706, 0.9026756376153966, 0.8910968549522766, 0.8615686274509804, 0.7933333333333333, 0.7698039215686274, 0.8329411764705883, 0.8572549019607844, 0.878579252073228, 0.8767016116413706, 0.8651228289782507, 0.8475199499295885, 0.8767016116413706]",0.8332834722561465,0.04848123088376233,"[0.7542998721227621, 0.855772238514174, 0.8621560350218885, 0.7844552039048969, 0.8091856060606061, 0.7672314578005116, 0.9, 0.7472222222222223, 0.8613137254901961, 0.7957271720208894, 0.8671206896551725, 0.8554895372075709, 0.8079013377926423, 0.8997183539352214, 0.8867941176470587, 0.8558284457478006, 0.7746275577360298, 0.7464592296248643, 0.8231851037083595, 0.8488235294117648, 0.8742156862745099, 0.8749218627910611, 0.8621127366609294, 0.8426032222614701, 0.8749218627910611]",0.8436964101458819,0.04140015567450351,"[0.7781269641734758, 0.863450659962288, 0.86926461345066, 0.7985543683218103, 0.8246385920804526, 0.7906976744186046, 0.9050911376492772, 0.7723130106851037, 0.872093023255814, 0.8130106851037083, 0.8734939759036144, 0.8595681427006729, 0.8188076983257706, 0.9026756376153966, 0.8910968549522766, 0.8615686274509805, 0.7933333333333333, 0.7698039215686275, 0.8329411764705881, 0.8572549019607844, 0.878579252073228, 0.8767016116413706, 0.8651228289782507, 0.8475199499295885, 0.8767016116413706]","{'discriminatorreweightadapter__domain_classifier__estimator_name': ['LR', 'SVC', 'KNN', 'XGB'], 'finalestimator__estimator_name': ['SVC']}"
Simulated,covariate_shift,EntOT,deep_embedded_validation,Mapping,0.6927500000000001,0.09851898082772342,"[0.64375, 0.74375, 0.69375, 0.7125, 0.60625, 0.84375, 0.725, 0.76875, 0.7125, 0.7375, 0.54375, 0.49375, 0.73125, 0.725, 0.6125, 0.6625, 0.79375, 0.64375, 0.71875, 0.825, 0.6625, 0.45, 0.69375, 0.85, 0.725]",0.6963062655320365,0.09818715414252263,"[0.6422061596480201, 0.7484286612193589, 0.6962602137020741, 0.7193588937774984, 0.6158076681332495, 0.8489943431803897, 0.72438717787555, 0.7716844751728473, 0.7203016970458831, 0.7416719044626021, 0.5485057111563136, 0.4965576592082616, 0.7329838835862932, 0.726959787200751, 0.6208731028008136, 0.6713725490196079, 0.7956862745098039, 0.6490196078431372, 0.7211764705882353, 0.8282352941176471, 0.6620247222656861, 0.4515725238616804, 0.6963698951650759, 0.8507275856673446, 0.7264903770927867]",0.6909123902358454,0.10026019070924337,"[0.643903803131991, 0.7436198679635923, 0.6940731116408111, 0.7112854013456423, 0.6012180016515277, 0.8436706511973124, 0.7252156862745098, 0.7689939822593882, 0.7106986215538846, 0.7375, 0.5367019280154874, 0.4910718484266624, 0.7309664530499003, 0.7245700437773609, 0.5933268229166667, 0.6569602272727273, 0.7939192489547107, 0.6420908183632734, 0.7188488808156569, 0.825, 0.6625, 0.4491400875547217, 0.6926592892646081, 0.8500468823253634, 0.7248280981403343]",0.6963062655320365,0.09818715414252263,"[0.6422061596480201, 0.7484286612193589, 0.6962602137020742, 0.7193588937774984, 0.6158076681332495, 0.8489943431803897, 0.72438717787555, 0.7716844751728473, 0.7203016970458831, 0.7416719044626021, 0.5485057111563136, 0.4965576592082616, 0.7329838835862932, 0.726959787200751, 0.6208731028008136, 0.6713725490196079, 0.7956862745098039, 0.6490196078431373, 0.7211764705882353, 0.828235294117647, 0.6620247222656861, 0.4515725238616804, 0.696369895165076, 0.8507275856673446, 0.7264903770927867]","{'entropicotmappingadapter__max_iter': [1000], 'entropicotmappingadapter__metric': ['sqeuclidean', 'cosine', 'cityblock'], 'entropicotmappingadapter__norm': ['median'], 'entropicotmappingadapter__reg_e': [0.1, 0.5, 1.0], 'entropicotmappingadapter__tol': [1e-06], 'finalestimator__estimator_name': ['SVC']}"
Simulated,covariate_shift,Gauss. RW,deep_embedded_validation,Reweighting,0.8902500000000001,0.025328570001745727,"[0.8625, 0.85, 0.8875, 0.86875, 0.90625, 0.8875, 0.91875, 0.925, 0.9375, 0.8625, 0.9125, 0.8875, 0.875, 0.9375, 0.9125, 0.875, 0.8875, 0.8625, 0.89375, 0.85625, 0.88125, 0.925, 0.88125, 0.8875, 0.875]",0.8936317644721251,0.024583338415763597,"[0.8683218101822753, 0.8576367064739158, 0.8925204274041483, 0.8731929604022628, 0.9099622878692646, 0.8925204274041483, 0.9225329981143936, 0.9274041483343808, 0.9418604651162792, 0.86926461345066, 0.9156626506024096, 0.888749804412455, 0.8790486621811924, 0.9388202159286496, 0.914723830386481, 0.8792156862745097, 0.8901960784313725, 0.8650980392156862, 0.8952941176470588, 0.8592156862745097, 0.8831951181348772, 0.926302613049601, 0.8827257080269129, 0.8892192145204194, 0.8781098419652636]",0.8901341325579947,0.02542934785737085,"[0.8623495858727926, 0.849366296354248, 0.8875, 0.8688063986874488, 0.9063489117267788, 0.8875, 0.9188357234965416, 0.925105617274292, 0.9375488357555868, 0.8621560350218885, 0.9121162280701752, 0.8875, 0.8739393463230674, 0.9375, 0.912363195747342, 0.8748827941865918, 0.8875703234880451, 0.8625859509298326, 0.8938538611925709, 0.856300539083558, 0.8811247118127467, 0.925, 0.8812175280284386, 0.8874296765119549, 0.8744517543859649]",0.8936317644721251,0.02458333841576359,"[0.8683218101822753, 0.8576367064739158, 0.8925204274041483, 0.8731929604022628, 0.9099622878692646, 0.8925204274041483, 0.9225329981143936, 0.9274041483343808, 0.9418604651162792, 0.86926461345066, 0.9156626506024096, 0.888749804412455, 0.8790486621811923, 0.9388202159286496, 0.914723830386481, 0.8792156862745099, 0.8901960784313726, 0.8650980392156862, 0.8952941176470589, 0.8592156862745098, 0.8831951181348772, 0.926302613049601, 0.8827257080269129, 0.8892192145204193, 0.8781098419652636]","{'finalestimator__estimator_name': ['SVC'], 'gaussianreweightadapter__reg': ['auto', 1e-05, 0.01, 0.5]}"
Simulated,covariate_shift,LinOT,deep_embedded_validation,Mapping,0.79425,0.07699009000081332,"[0.68125, 0.7625, 0.70625, 0.88125, 0.625, 0.88125, 0.71875, 0.78125, 0.83125, 0.8625, 0.8, 0.875, 0.775, 0.75, 0.9125, 0.8625, 0.80625, 0.85625, 0.76875, 0.7625, 0.6875, 0.7375, 0.7625, 0.88125, 0.8875]",0.7925072112947774,0.07944256948302848,"[0.6723758642363293, 0.7479572595851666, 0.7050597108736643, 0.8829352608422376, 0.6247642991829039, 0.8857636706473916, 0.7157448145820239, 0.7804839723444374, 0.8269956002514143, 0.8683218101822753, 0.8001877640431858, 0.875762791425442, 0.7728055077452668, 0.751525582850884, 0.9142544202785168, 0.8658823529411765, 0.8058823529411765, 0.856078431372549, 0.7580392156862745, 0.7552941176470589, 0.6856516976998905, 0.7343138788921921, 0.7560632138945391, 0.8822562979189486, 0.8882803943044907]",0.7925994328866863,0.07797201922089259,"[0.6760594668489406, 0.7514166666666668, 0.7063768201263786, 0.8814126648663457, 0.6254699248120301, 0.8813010273838822, 0.7182512315270936, 0.7813444405196436, 0.8303607512183525, 0.8623495858727926, 0.8000625390869294, 0.8750390686044694, 0.7740080302314596, 0.7498437255821223, 0.9124453039537428, 0.8625, 0.8063183314393196, 0.8563006975194952, 0.7604487179487179, 0.7585359492858288, 0.6866161219358894, 0.7352567653109668, 0.7544596354166667, 0.8812731942654011, 0.8875351617440224]",0.7925072112947774,0.0794425694830285,"[0.6723758642363293, 0.7479572595851666, 0.7050597108736643, 0.8829352608422375, 0.6247642991829039, 0.8857636706473916, 0.7157448145820239, 0.7804839723444374, 0.8269956002514142, 0.8683218101822753, 0.8001877640431858, 0.875762791425442, 0.7728055077452668, 0.751525582850884, 0.9142544202785168, 0.8658823529411764, 0.8058823529411765, 0.8560784313725491, 0.7580392156862745, 0.7552941176470589, 0.6856516976998905, 0.7343138788921921, 0.7560632138945391, 0.8822562979189486, 0.8882803943044907]","{'finalestimator__estimator_name': ['SVC'], 'linearotmappingadapter__bias': [True, False], 'linearotmappingadapter__reg': [1e-08, 1e-06, 0.1, 1, 10]}"
Simulated,covariate_shift,NN RW,deep_embedded_validation,Reweighting,0.8859999999999999,0.02634901958960399,"[0.84375, 0.8375, 0.88125, 0.85, 0.88125, 0.89375, 0.925, 0.925, 0.9375, 0.8625, 0.89375, 0.8875, 0.8875, 0.90625, 0.91875, 0.875, 0.9, 0.8625, 0.89375, 0.85625, 0.8875, 0.91875, 0.88125, 0.86875, 0.875]",0.8896734688305107,0.025339836281036726,"[0.8508799497171591, 0.8469516027655563, 0.8867064739157762, 0.8557510999371465, 0.8876492771841609, 0.8992771841609051, 0.9292897548711504, 0.9274041483343808, 0.9418604651162792, 0.86926461345066, 0.8975903614457832, 0.887341574088562, 0.8910968549522766, 0.9086997340009388, 0.9207479267720232, 0.8792156862745097, 0.9019607843137256, 0.8650980392156862, 0.8945098039215686, 0.8600000000000001, 0.8892192145204194, 0.9207479267720232, 0.8827257080269129, 0.8711469253637929, 0.8767016116413706]",0.8858090730964733,0.026517990628335732,"[0.8432306940371456, 0.8360980392156863, 0.8811896949099574, 0.8498359118612283, 0.8810411863545777, 0.8936960428141724, 0.9250586029067044, 0.925105617274292, 0.9375488357555868, 0.8621560350218885, 0.8929701911377996, 0.8875, 0.8867941176470587, 0.9060483870967742, 0.9186642765034584, 0.8748827941865918, 0.900093808630394, 0.8625859509298326, 0.8938373253493014, 0.8561882300089847, 0.8874296765119549, 0.9186642765034584, 0.8812175280284386, 0.8684677419354838, 0.8749218627910611]",0.8896734688305107,0.025339836281036678,"[0.8508799497171591, 0.8469516027655563, 0.8867064739157763, 0.8557510999371465, 0.8876492771841609, 0.8992771841609051, 0.9292897548711502, 0.9274041483343808, 0.9418604651162792, 0.86926461345066, 0.8975903614457832, 0.887341574088562, 0.8910968549522766, 0.9086997340009388, 0.9207479267720232, 0.8792156862745099, 0.9019607843137256, 0.8650980392156862, 0.8945098039215686, 0.86, 0.8892192145204193, 0.9207479267720232, 0.8827257080269129, 0.8711469253637929, 0.8767016116413706]","{'finalestimator__estimator_name': ['SVC'], 'nearestneighborreweightadapter__laplace_smoothing': [True, False], 'nearestneighborreweightadapter__n_neighbors': [1]}"
Simulated,covariate_shift,MapOT,deep_embedded_validation,Mapping,0.7282500000000001,0.06799107631397909,"[0.6, 0.71875, 0.65, 0.71875, 0.6375, 0.68125, 0.73125, 0.7875, 0.75625, 0.7625, 0.7375, 0.7125, 0.73125, 0.7375, 0.6125, 0.71875, 0.7875, 0.70625, 0.85625, 0.84375, 0.675, 0.725, 0.73125, 0.7125, 0.875]",0.728240201908575,0.0690372072503035,"[0.5873664362036455, 0.7176304211187932, 0.6433060967944688, 0.7204588309239472, 0.6382778126964174, 0.6884035197988687, 0.7292583280955374, 0.7891263356379636, 0.7581709616593337, 0.7630421118793211, 0.7375997496479425, 0.7125645438898451, 0.7320450633703646, 0.7390079799718354, 0.6166484118291347, 0.7203921568627452, 0.7890196078431373, 0.7047058823529412, 0.8552941176470588, 0.8450980392156863, 0.6740729150367705, 0.7232045063370365, 0.7315756532624003, 0.7149115944296667, 0.8748239712095134]",0.7274232570018342,0.06950442390600743,"[0.587759777450499, 0.718871423525256, 0.6469342251950948, 0.7191348973607038, 0.6380104834924112, 0.6795908183632735, 0.7311126184577876, 0.7877992489438272, 0.75658357771261, 0.7627976190476191, 0.7375820825515947, 0.7125898999374609, 0.7313024922848548, 0.7373359118612284, 0.6082290190521178, 0.7189807940291508, 0.7876993433395872, 0.7061231798736214, 0.8561879390870913, 0.8439027370478984, 0.674796365914787, 0.7242221873035827, 0.7313445156500332, 0.7116902675637615, 0.875]",0.728240201908575,0.06903720725030346,"[0.5873664362036455, 0.7176304211187932, 0.6433060967944688, 0.7204588309239472, 0.6382778126964173, 0.6884035197988685, 0.7292583280955374, 0.7891263356379636, 0.7581709616593337, 0.7630421118793211, 0.7375997496479425, 0.7125645438898451, 0.7320450633703646, 0.7390079799718354, 0.6166484118291348, 0.720392156862745, 0.7890196078431373, 0.7047058823529413, 0.8552941176470588, 0.8450980392156862, 0.6740729150367705, 0.7232045063370365, 0.7315756532624003, 0.7149115944296667, 0.8748239712095134]","{'finalestimator__estimator_name': ['SVC'], 'otmappingadapter__max_iter': [1000000], 'otmappingadapter__metric': ['sqeuclidean', 'cosine', 'cityblock'], 'otmappingadapter__norm': ['median']}"
Simulated,covariate_shift,SA,deep_embedded_validation,Subspace,0.742,0.03782498072262124,"[0.69375, 0.76875, 0.75, 0.7875, 0.7125, 0.75625, 0.7375, 0.7625, 0.76875, 0.75, 0.775, 0.6875, 0.80625, 0.775, 0.73125, 0.6875, 0.78125, 0.66875, 0.7625, 0.75625, 0.675, 0.70625, 0.74375, 0.775, 0.73125]",0.7309079024580285,0.03931261454514261,"[0.6736329352608422, 0.7518856065367693, 0.7382149591451916, 0.7759270898805782, 0.6986172218730358, 0.7468573224387178, 0.7209302325581395, 0.7498428661219358, 0.7547140163419233, 0.7344437460716531, 0.7685808167735879, 0.6804881865122829, 0.8005789391331559, 0.7681114066656235, 0.7245345016429354, 0.672156862745098, 0.7690196078431373, 0.6529411764705882, 0.7513725490196079, 0.7478431372549019, 0.6651541229854483, 0.6971522453450164, 0.7361132843060554, 0.7695196369895165, 0.724065091534971]",0.7296678857074339,0.04336197920636679,"[0.6672648810817862, 0.7541834570519617, 0.7423498609065619, 0.7809973817705776, 0.7007410167246233, 0.7513964618926451, 0.7218813387423936, 0.7540569453587886, 0.7586371942356409, 0.7367846954186945, 0.7673828125, 0.6753293241695303, 0.8010304333777615, 0.7662371134020619, 0.7214806617437068, 0.6654637199795606, 0.7709752273765522, 0.6441232739087683, 0.7533533574720211, 0.7508254574094269, 0.6495358541986034, 0.6865726706243948, 0.7316201353637901, 0.7694148936170213, 0.7200589743589744]",0.7309079024580285,0.03931261454514259,"[0.6736329352608422, 0.7518856065367693, 0.7382149591451918, 0.7759270898805781, 0.6986172218730359, 0.7468573224387177, 0.7209302325581396, 0.749842866121936, 0.7547140163419234, 0.7344437460716531, 0.7685808167735878, 0.6804881865122829, 0.8005789391331559, 0.7681114066656235, 0.7245345016429354, 0.6721568627450981, 0.7690196078431373, 0.6529411764705881, 0.7513725490196078, 0.7478431372549019, 0.6651541229854483, 0.6971522453450164, 0.7361132843060554, 0.7695196369895165, 0.724065091534971]","{'finalestimator__estimator_name': ['SVC'], 'subspacealignmentadapter__n_components': [1, 2, 5, 10, 20, 50, 100]}"
Simulated,covariate_shift,TCA,deep_embedded_validation,Subspace,0.46025,0.23057954610791767,"[0.8625, 0.375, 0.70625, 0.73125, 0.34375, 0.8125, 0.20625, 0.46875, 0.1375, 0.1875, 0.1125, 0.5125, 0.21875, 0.475, 0.21875, 0.28125, 0.49375, 0.8625, 0.51875, 0.58125, 0.5125, 0.46875, 0.74375, 0.45, 0.225]",0.4593912063916909,0.23154768566249356,"[0.866436203645506, 0.3733500942803268, 0.7078881206788183, 0.7302011313639221, 0.353708359522313, 0.8086109365179133, 0.194688874921433, 0.4765870521684475, 0.13073538654934, 0.1970458830923947, 0.1164137067751525, 0.5160381786887811, 0.2113127836019402, 0.4784853700516351, 0.2178845251134407, 0.2749019607843137, 0.4913725490196078, 0.8650980392156862, 0.5109803921568628, 0.5807843137254902, 0.5075887967454232, 0.4569707401032702, 0.7431544359255202, 0.4543889845094664, 0.2201533406352683]",0.452409561402394,0.23504014311572813,"[0.8626074386622911, 0.3757832080200501, 0.7066520039100684, 0.7313660269241335, 0.3309677610525068, 0.8116988447539167, 0.1933245547022636, 0.463474822402763, 0.1353219696969697, 0.1701416363348631, 0.1001736111111111, 0.5083634506599622, 0.1903507608828689, 0.4705452545568825, 0.2189027370478983, 0.2763803042909782, 0.493531437654539, 0.8625859509298326, 0.511524024024024, 0.5815941646119526, 0.5040840792838874, 0.410685687332719, 0.7436797972682087, 0.4423611111111111, 0.21413839783405]",0.4593912063916909,0.23154768566249356,"[0.866436203645506, 0.3733500942803268, 0.7078881206788183, 0.7302011313639221, 0.3537083595223129, 0.8086109365179133, 0.194688874921433, 0.4765870521684475, 0.13073538654934, 0.1970458830923947, 0.1164137067751525, 0.5160381786887811, 0.2113127836019402, 0.4784853700516351, 0.2178845251134407, 0.2749019607843137, 0.4913725490196078, 0.8650980392156862, 0.5109803921568628, 0.5807843137254902, 0.5075887967454232, 0.4569707401032702, 0.7431544359255203, 0.4543889845094664, 0.2201533406352683]","{'finalestimator__estimator_name': ['SVC'], 'transfercomponentanalysisadapter__kernel': ['rbf'], 'transfercomponentanalysisadapter__mu': [10, 100], 'transfercomponentanalysisadapter__n_components': [1, 2, 5, 10, 20, 50, 100]}"
Simulated,covariate_shift,TSL,deep_embedded_validation,Subspace,0.8734999999999999,0.03759882810673757,"[0.85, 0.85, 0.88125, 0.8375, 0.8875, 0.875, 0.91875, 0.7375, 0.925, 0.86875, 0.8875, 0.86875, 0.875, 0.93125, 0.9125, 0.86875, 0.875, 0.85625, 0.88125, 0.84375, 0.875, 0.9125, 0.88125, 0.8625, 0.875]",0.8779527801388926,0.03598508005636442,"[0.8566939032055312, 0.8576367064739158, 0.8876492771841609, 0.8441231929604023, 0.893463230672533, 0.8818353236957888, 0.9225329981143936, 0.7492143306096795, 0.9302325581395348, 0.8760213702074168, 0.891566265060241, 0.8711469253637929, 0.8790486621811924, 0.9327961195431076, 0.914723830386481, 0.8733333333333333, 0.8792156862745097, 0.8592156862745097, 0.8850980392156862, 0.8482352941176471, 0.8767016116413706, 0.9142544202785168, 0.8827257080269129, 0.8646534188702863, 0.8767016116413706]",0.8730792790685536,0.03833204656244964,"[0.8496247654784241, 0.849366296354248, 0.8810411863545777, 0.8370934959349594, 0.8873769338959212, 0.8746873045653534, 0.9188357234965416, 0.7328598484848485, 0.925, 0.8683137829912024, 0.8865454116907605, 0.8684677419354838, 0.8739393463230674, 0.9312312004375172, 0.912363195747342, 0.8685499785080693, 0.8748827941865918, 0.856300539083558, 0.8811989726161178, 0.8435118791762729, 0.8749218627910611, 0.9124453039537428, 0.8812175280284386, 0.8622850218886804, 0.8749218627910611]",0.8779527801388926,0.03598508005636444,"[0.8566939032055312, 0.8576367064739158, 0.8876492771841609, 0.8441231929604023, 0.8934632306725331, 0.8818353236957888, 0.9225329981143936, 0.7492143306096793, 0.9302325581395348, 0.8760213702074169, 0.891566265060241, 0.8711469253637929, 0.8790486621811923, 0.9327961195431074, 0.914723830386481, 0.8733333333333334, 0.8792156862745099, 0.8592156862745098, 0.8850980392156862, 0.8482352941176471, 0.8767016116413706, 0.9142544202785168, 0.8827257080269129, 0.8646534188702863, 0.8767016116413706]","{'finalestimator__estimator_name': ['SVC'], 'transfersubspacelearningadapter__base_method': ['flda'], 'transfersubspacelearningadapter__length_scale': [2], 'transfersubspacelearningadapter__max_iter': [300], 'transfersubspacelearningadapter__mu': [0.1, 1, 10], 'transfersubspacelearningadapter__n_components': [1, 2, 5, 10, 20, 50, 100], 'transfersubspacelearningadapter__reg': [0.0001], 'transfersubspacelearningadapter__tol': [0.0001]}"
Simulated,subspace,CORAL,deep_embedded_validation,Mapping,0.18666666666666665,0.028514534955066402,"[0.1625, 0.1666666666666666, 0.2083333333333333, 0.1583333333333333, 0.1791666666666666, 0.1875, 0.1583333333333333, 0.225, 0.2291666666666666, 0.2166666666666666, 0.1875, 0.1458333333333333, 0.1416666666666666, 0.15, 0.175, 0.2, 0.2125, 0.1583333333333333, 0.2, 0.1916666666666666, 0.1875, 0.1958333333333333, 0.2041666666666666, 0.2541666666666666, 0.1708333333333333]",0.18666666666666665,0.02851453495506639,"[0.1625, 0.1666666666666666, 0.2083333333333333, 0.1583333333333333, 0.1791666666666666, 0.1875, 0.1583333333333333, 0.225, 0.2291666666666666, 0.2166666666666666, 0.1875, 0.1458333333333333, 0.1416666666666667, 0.15, 0.175, 0.2, 0.2125, 0.1583333333333333, 0.1999999999999999, 0.1916666666666666, 0.1875, 0.1958333333333333, 0.2041666666666667, 0.2541666666666666, 0.1708333333333333]",0.16530344875705968,0.02340296197432424,"[0.1463608854913203, 0.1474850809889173, 0.1833225875779067, 0.1449735449735449, 0.1633487285661198, 0.1654630075429305, 0.1389599317988065, 0.1898366606170599, 0.2036017291169665, 0.1894222477723484, 0.1605531739340998, 0.1313405957026077, 0.126131221719457, 0.1382709096029287, 0.1560102301790281, 0.1721759126185685, 0.1911410688493018, 0.1467192340185863, 0.1771428571428571, 0.1730605285592497, 0.1654630075429305, 0.1716590067776605, 0.1777725960072465, 0.2217250312505661, 0.1506464405754832]",0.18666666666666665,0.028514534955066402,"[0.1625, 0.1666666666666666, 0.2083333333333333, 0.1583333333333333, 0.1791666666666666, 0.1875, 0.1583333333333333, 0.225, 0.2291666666666666, 0.2166666666666666, 0.1874999999999999, 0.1458333333333333, 0.1416666666666666, 0.15, 0.175, 0.2, 0.2125, 0.1583333333333333, 0.1999999999999999, 0.1916666666666666, 0.1875, 0.1958333333333333, 0.2041666666666667, 0.2541666666666666, 0.1708333333333333]","{'coraladapter__reg': ['auto'], 'finalestimator__estimator_name': ['SVC']}"
Simulated,subspace,DASVM,deep_embedded_validation,Other,0.1363333333333333,0.042534708049884254,"[0.1041666666666666, 0.2, 0.2166666666666666, 0.1291666666666666, 0.1, 0.1666666666666666, 0.1125, 0.1125, 0.1291666666666666, 0.2, 0.1125, 0.075, 0.1125, 0.1125, 0.0625, 0.1166666666666666, 0.1583333333333333, 0.175, 0.1291666666666666, 0.1291666666666666, 0.0958333333333333, 0.1583333333333333, 0.1875, 0.2083333333333333, 0.1041666666666666]",0.1363333333333333,0.04253470804988425,"[0.1041666666666666, 0.2, 0.2166666666666666, 0.1291666666666666, 0.0999999999999999, 0.1666666666666666, 0.1125, 0.1125, 0.1291666666666666, 0.1999999999999999, 0.1125, 0.075, 0.1125, 0.1124999999999999, 0.0625, 0.1166666666666666, 0.1583333333333333, 0.175, 0.1291666666666666, 0.1291666666666666, 0.0958333333333333, 0.1583333333333333, 0.1875, 0.2083333333333333, 0.1041666666666666]",0.12400813482281046,0.035255171401012135,"[0.0943396226415094, 0.1721759126185685, 0.1840277777777777, 0.1210947766816772, 0.0937062937062937, 0.1474850809889173, 0.1027643703378674, 0.1027643703378674, 0.1210947766816772, 0.1771428571428571, 0.1042736240822834, 0.0708705357142857, 0.1027643703378674, 0.108024637504144, 0.0597412547230589, 0.1077441077441077, 0.1467192340185863, 0.1581036071150166, 0.1196138657305836, 0.1210947766816772, 0.0888573977851257, 0.1449735449735449, 0.1654630075429305, 0.1857142857142857, 0.099649281987751]",0.1363333333333333,0.04253470804988428,"[0.1041666666666666, 0.2, 0.2166666666666667, 0.1291666666666666, 0.1, 0.1666666666666666, 0.1124999999999999, 0.1124999999999999, 0.1291666666666666, 0.1999999999999999, 0.1125, 0.0749999999999999, 0.1124999999999999, 0.1124999999999999, 0.0624999999999999, 0.1166666666666667, 0.1583333333333333, 0.175, 0.1291666666666666, 0.1291666666666666, 0.0958333333333333, 0.1583333333333333, 0.1875, 0.2083333333333333, 0.1041666666666666]","{'dasvmclassifier__base_estimator__estimator_name': ['SVC'], 'dasvmclassifier__max_iter': [200]}"
Simulated,subspace,JDOT,deep_embedded_validation,Other,0.14299999999999996,0.024137913929933724,"[0.15, 0.1208333333333333, 0.1583333333333333, 0.1458333333333333, 0.1291666666666666, 0.1541666666666666, 0.1541666666666666, 0.15, 0.1708333333333333, 0.1791666666666666, 0.125, 0.0875, 0.1125, 0.1083333333333333, 0.1083333333333333, 0.1458333333333333, 0.1791666666666666, 0.1625, 0.1666666666666666, 0.1708333333333333, 0.1208333333333333, 0.1541666666666666, 0.1416666666666666, 0.15, 0.1291666666666666]",0.14299999999999996,0.024137913929933724,"[0.15, 0.1208333333333333, 0.1583333333333333, 0.1458333333333333, 0.1291666666666666, 0.1541666666666666, 0.1541666666666666, 0.15, 0.1708333333333333, 0.1791666666666666, 0.125, 0.0875, 0.1125, 0.1083333333333333, 0.1083333333333333, 0.1458333333333333, 0.1791666666666666, 0.1625, 0.1666666666666666, 0.1708333333333333, 0.1208333333333333, 0.1541666666666666, 0.1416666666666666, 0.15, 0.1291666666666666]",0.14236052853955697,0.02400432494134806,"[0.1485217391304347, 0.1204515848892748, 0.1580994720755765, 0.145106079824851, 0.1290305776944314, 0.1537993920972644, 0.1534465083143646, 0.1497638232842456, 0.1707037557951763, 0.1788102475032566, 0.1247568769102528, 0.0873573995936865, 0.1124845917463845, 0.1077756931415468, 0.108085579327591, 0.1456998489347293, 0.1788102475032566, 0.1613206071037396, 0.1652173913043478, 0.1690878407766314, 0.1195952641735774, 0.1523860888324431, 0.1414281744929147, 0.1499409681227863, 0.1273334609161606]",0.14299999999999996,0.02413791392993372,"[0.15, 0.1208333333333333, 0.1583333333333333, 0.1458333333333333, 0.1291666666666667, 0.1541666666666666, 0.1541666666666666, 0.1499999999999999, 0.1708333333333333, 0.1791666666666666, 0.1249999999999999, 0.0875, 0.1125, 0.1083333333333333, 0.1083333333333333, 0.1458333333333333, 0.1791666666666666, 0.1624999999999999, 0.1666666666666666, 0.1708333333333333, 0.1208333333333333, 0.1541666666666666, 0.1416666666666666, 0.15, 0.1291666666666666]","{'jdotclassifier__alpha': [0.1, 0.3, 0.5, 0.7, 0.9], 'jdotclassifier__base_estimator__estimator_name': ['SVC'], 'jdotclassifier__n_iter_max': [100], 'jdotclassifier__thr_weights': [1e-07], 'jdotclassifier__tol': [1e-06]}"
Simulated,subspace,KLIEP,deep_embedded_validation,Reweighting,0.19149999999999995,0.03266429271419358,"[0.1625, 0.1666666666666666, 0.2041666666666666, 0.1541666666666666, 0.1791666666666666, 0.225, 0.1583333333333333, 0.225, 0.2416666666666666, 0.2333333333333333, 0.1833333333333333, 0.1416666666666666, 0.1416666666666666, 0.1583333333333333, 0.175, 0.2, 0.2166666666666666, 0.1583333333333333, 0.2125, 0.2, 0.1916666666666666, 0.2041666666666666, 0.2166666666666666, 0.2625, 0.175]",0.19149999999999998,0.03266429271419356,"[0.1625, 0.1666666666666666, 0.2041666666666666, 0.1541666666666666, 0.1791666666666666, 0.225, 0.1583333333333333, 0.225, 0.2416666666666666, 0.2333333333333333, 0.1833333333333333, 0.1416666666666666, 0.1416666666666667, 0.1583333333333333, 0.175, 0.2, 0.2166666666666666, 0.1583333333333333, 0.2125, 0.2, 0.1916666666666666, 0.2041666666666667, 0.2166666666666666, 0.2625, 0.175]",0.16840401216141365,0.026117059502260488,"[0.1463608854913203, 0.1474850809889173, 0.1751686909581646, 0.1416339258972145, 0.165239499284945, 0.1927083333333333, 0.1389599317988065, 0.1898366606170599, 0.2127460168697282, 0.2013888888888889, 0.1575327745540511, 0.128042328042328, 0.126131221719457, 0.1449735449735449, 0.1560102301790281, 0.1721759126185685, 0.1919191919191919, 0.1467192340185863, 0.1810944016175913, 0.1794287342403305, 0.1685714285714286, 0.1777725960072465, 0.1867925888544445, 0.2276223204058255, 0.1537858821853408]",0.19149999999999998,0.03266429271419357,"[0.1625, 0.1666666666666666, 0.2041666666666667, 0.1541666666666666, 0.1791666666666667, 0.225, 0.1583333333333333, 0.225, 0.2416666666666667, 0.2333333333333333, 0.1833333333333333, 0.1416666666666667, 0.1416666666666666, 0.1583333333333333, 0.175, 0.2, 0.2166666666666666, 0.1583333333333333, 0.2125, 0.1999999999999999, 0.1916666666666666, 0.2041666666666667, 0.2166666666666666, 0.2625, 0.175]","{'finalestimator__estimator_name': ['SVC'], 'kliepreweightadapter__cv': [5], 'kliepreweightadapter__gamma': [0.0001, 0.001, 0.01, 0.1, 1.0, 10.0, 100.0, 1000.0, 'auto', 'scale'], 'kliepreweightadapter__max_iter': [1000], 'kliepreweightadapter__n_centers': [100], 'kliepreweightadapter__random_state': [0], 'kliepreweightadapter__tol': [1e-06]}"
Simulated,subspace,KMM,deep_embedded_validation,Reweighting,0.16099999999999998,0.04595753373939256,"[0.15, 0.175, 0.2083333333333333, 0.1125, 0.0916666666666666, 0.2166666666666666, 0.1333333333333333, 0.1416666666666666, 0.1, 0.1833333333333333, 0.1541666666666666, 0.0791666666666666, 0.1125, 0.15, 0.1625, 0.1541666666666666, 0.1708333333333333, 0.125, 0.2375, 0.1375, 0.175, 0.2125, 0.2166666666666666, 0.2583333333333333, 0.1666666666666666]",0.16099999999999998,0.04595753373939257,"[0.15, 0.175, 0.2083333333333333, 0.1125, 0.0916666666666666, 0.2166666666666666, 0.1333333333333333, 0.1416666666666666, 0.0999999999999999, 0.1833333333333333, 0.1541666666666666, 0.0791666666666666, 0.1125, 0.15, 0.1625, 0.1541666666666666, 0.1708333333333333, 0.125, 0.2375, 0.1375, 0.175, 0.2125, 0.2166666666666666, 0.2583333333333333, 0.1666666666666666]",0.14562169584280724,0.03746099469878386,"[0.1470977632220751, 0.1537858821853408, 0.1753472222222222, 0.106902636314401, 0.0865283888539702, 0.1867925888544445, 0.1259892149310175, 0.1329966329966329, 0.0949088623507228, 0.1645353793691389, 0.1357871396895787, 0.074523215438572, 0.1027643703378674, 0.1382709096029287, 0.1463608854913203, 0.1378669639539204, 0.1617376042123738, 0.117585265074585, 0.2014400261822942, 0.1280386134269416, 0.1560102301790281, 0.1888266957563618, 0.1867925888544445, 0.2300483022132506, 0.1596050143567476]",0.16099999999999998,0.045957533739392584,"[0.15, 0.175, 0.2083333333333333, 0.1125, 0.0916666666666666, 0.2166666666666666, 0.1333333333333333, 0.1416666666666666, 0.1, 0.1833333333333333, 0.1541666666666666, 0.0791666666666666, 0.1124999999999999, 0.15, 0.1625, 0.1541666666666667, 0.1708333333333333, 0.125, 0.2375, 0.1374999999999999, 0.175, 0.2125, 0.2166666666666666, 0.2583333333333333, 0.1666666666666666]","{'finalestimator__estimator_name': ['SVC'], 'kmmreweightadapter__B': [1000.0], 'kmmreweightadapter__gamma': [0.0001, 0.001, 0.01, 0.1, 1.0, 10.0, 100.0, 1000.0, None], 'kmmreweightadapter__max_iter': [1000], 'kmmreweightadapter__smooth_weights': [False], 'kmmreweightadapter__tol': [1e-06]}"
Simulated,subspace,MMD-LS,deep_embedded_validation,Mapping,0.5195,0.27162736167608575,"[0.4125, 0.425, 0.4458333333333333, 0.425, 0.4083333333333333, 0.4583333333333333, 0.0958333333333333, 0.1166666666666666, 0.9458333333333332, 0.1083333333333333, 0.1291666666666666, 0.7291666666666666, 0.3833333333333333, 0.475, 0.7666666666666667, 0.7375, 0.4208333333333333, 0.475, 0.9625, 0.4666666666666667, 0.9833333333333332, 0.75, 0.9791666666666666, 0.45, 0.4375]",0.5195,0.2716273616760858,"[0.4125, 0.425, 0.4458333333333333, 0.425, 0.4083333333333333, 0.4583333333333333, 0.0958333333333333, 0.1166666666666666, 0.9458333333333332, 0.1083333333333333, 0.1291666666666666, 0.7291666666666666, 0.3833333333333333, 0.475, 0.7666666666666666, 0.7375, 0.4208333333333334, 0.475, 0.9625, 0.4666666666666667, 0.9833333333333334, 0.75, 0.9791666666666666, 0.4499999999999999, 0.4375]",0.5140378489682201,0.2731409426564103,"[0.4124081887794967, 0.4217473287240729, 0.4397542781921896, 0.4243604004449388, 0.407304347826087, 0.453743259331886, 0.0874524714828897, 0.1044776119402985, 0.945809813287017, 0.0977443609022556, 0.1143911439114391, 0.7104623322630339, 0.3812277890042505, 0.4732074419901052, 0.7542242703533026, 0.7287941023479401, 0.4154649471710676, 0.47265625, 0.9624941397093296, 0.4636496962078357, 0.9833287024173384, 0.7366688610928241, 0.9791663049705724, 0.4481220820848721, 0.4322860997704614]",0.5195,0.2716273616760858,"[0.4125, 0.4249999999999999, 0.4458333333333334, 0.425, 0.4083333333333333, 0.4583333333333333, 0.0958333333333333, 0.1166666666666666, 0.9458333333333334, 0.1083333333333333, 0.1291666666666666, 0.7291666666666666, 0.3833333333333333, 0.4749999999999999, 0.7666666666666666, 0.7374999999999999, 0.4208333333333333, 0.475, 0.9625, 0.4666666666666667, 0.9833333333333334, 0.75, 0.9791666666666669, 0.45, 0.4375]","{'finalestimator__estimator_name': ['SVC'], 'mmdlsconsmappingadapter__gamma': [0.1, 1, 10], 'mmdlsconsmappingadapter__max_iter': [100], 'mmdlsconsmappingadapter__reg_k': [1e-10, 1e-08], 'mmdlsconsmappingadapter__reg_m': [1e-10, 1e-08], 'mmdlsconsmappingadapter__tol': [1e-05]}"
Simulated,subspace,Train Src,deep_embedded_validation,NO DA,0.18966666666666665,0.03270059179439576,"[0.1666666666666666, 0.1583333333333333, 0.2125, 0.15, 0.1791666666666666, 0.2083333333333333, 0.1583333333333333, 0.2375, 0.2416666666666666, 0.2333333333333333, 0.1833333333333333, 0.1416666666666666, 0.1416666666666666, 0.15, 0.175, 0.2, 0.2166666666666666, 0.1583333333333333, 0.2083333333333333, 0.1875, 0.1875, 0.2041666666666666, 0.2125, 0.2541666666666666, 0.175]",0.18966666666666665,0.03270059179439575,"[0.1666666666666666, 0.1583333333333333, 0.2125, 0.15, 0.1791666666666666, 0.2083333333333333, 0.1583333333333333, 0.2375, 0.2416666666666666, 0.2333333333333333, 0.1833333333333333, 0.1416666666666666, 0.1416666666666667, 0.15, 0.175, 0.2, 0.2166666666666666, 0.1583333333333333, 0.2083333333333333, 0.1875, 0.1875, 0.2041666666666667, 0.2125, 0.2541666666666666, 0.175]",0.16730773004612762,0.0261212594575898,"[0.1515837104072398, 0.1410955991779462, 0.1838056680161943, 0.1382709096029287, 0.165239499284945, 0.1807990801954584, 0.1389599317988065, 0.1984084977459801, 0.2127460168697282, 0.2013888888888889, 0.1575327745540511, 0.128042328042328, 0.126131221719457, 0.1382709096029287, 0.1560102301790281, 0.1721759126185685, 0.1919191919191919, 0.1467192340185863, 0.1833225875779067, 0.1677188739307499, 0.1654630075429305, 0.1777725960072465, 0.1838056680161943, 0.2217250312505661, 0.1537858821853408]",0.18966666666666665,0.03270059179439576,"[0.1666666666666666, 0.1583333333333333, 0.2125, 0.15, 0.1791666666666667, 0.2083333333333333, 0.1583333333333333, 0.2375, 0.2416666666666667, 0.2333333333333333, 0.1833333333333333, 0.1416666666666667, 0.1416666666666666, 0.15, 0.175, 0.2, 0.2166666666666666, 0.1583333333333333, 0.2083333333333333, 0.1875, 0.1875, 0.2041666666666667, 0.2125, 0.2541666666666666, 0.175]",{'finalestimator__estimator_name': ['SVC']}
Simulated,subspace,NO_DA_SOURCE_ONLY_BASE_ESTIM,deep_embedded_validation,Unknown,,,"[NaN, NaN, NaN, NaN, NaN, NaN, NaN, NaN, NaN, NaN, NaN, NaN, NaN, NaN, NaN, NaN, NaN, NaN, NaN, NaN, NaN, NaN, NaN, NaN, NaN]",,,"[NaN, NaN, NaN, NaN, NaN, NaN, NaN, NaN, NaN, NaN, NaN, NaN, NaN, NaN, NaN, NaN, NaN, NaN, NaN, NaN, NaN, NaN, NaN, NaN, NaN]",,,"[NaN, NaN, NaN, NaN, NaN, NaN, NaN, NaN, NaN, NaN, NaN, NaN, NaN, NaN, NaN, NaN, NaN, NaN, NaN, NaN, NaN, NaN, NaN, NaN, NaN]",,,"[NaN, NaN, NaN, NaN, NaN, NaN, NaN, NaN, NaN, NaN, NaN, NaN, NaN, NaN, NaN, NaN, NaN, NaN, NaN, NaN, NaN, NaN, NaN, NaN, NaN]",{'finalestimator__estimator_name': ['SVC']}
Simulated,subspace,Train Tgt,deep_embedded_validation,NO DA,0.9846666666666667,0.008395600699837451,"[0.9916666666666668, 0.9833333333333332, 0.9833333333333332, 0.9875, 0.9875, 0.9958333333333332, 0.9791666666666666, 0.9833333333333332, 0.9666666666666668, 0.9791666666666666, 0.9791666666666666, 0.9958333333333332, 0.9958333333333332, 0.9625, 0.9958333333333332, 0.9916666666666668, 0.9833333333333332, 0.9916666666666668, 0.9791666666666666, 0.9791666666666666, 0.9875, 0.9875, 0.9791666666666666, 0.9875, 0.9833333333333332]",0.9846666666666667,0.008395600699837425,"[0.9916666666666668, 0.9833333333333334, 0.9833333333333334, 0.9875, 0.9875, 0.9958333333333332, 0.9791666666666669, 0.9833333333333334, 0.9666666666666668, 0.9791666666666669, 0.9791666666666666, 0.9958333333333332, 0.9958333333333332, 0.9625, 0.9958333333333332, 0.9916666666666668, 0.9833333333333334, 0.9916666666666668, 0.9791666666666669, 0.9791666666666669, 0.9875, 0.9875, 0.9791666666666666, 0.9875, 0.9833333333333334]",0.9846641600001927,0.008398578186465482,"[0.9916660879227724, 0.9833321758455448, 0.9833321758455448, 0.9874980465697764, 0.9874997829823436, 0.9958332609941144, 0.9791634109496276, 0.9833321758455448, 0.966645820304357, 0.9791634109496276, 0.9791663049705724, 0.9958332609941144, 0.9958332609941144, 0.9624941397093296, 0.9958332609941144, 0.9916666666666668, 0.9833287024173384, 0.9916666666666668, 0.9791634109496276, 0.9791576204950064, 0.9874980465697764, 0.9874980465697764, 0.9791663049705724, 0.9874997829823436, 0.9833321758455448]",0.9846666666666667,0.008395600699837405,"[0.9916666666666666, 0.9833333333333334, 0.9833333333333334, 0.9875, 0.9875, 0.9958333333333332, 0.9791666666666669, 0.9833333333333334, 0.9666666666666668, 0.9791666666666669, 0.9791666666666669, 0.9958333333333332, 0.9958333333333332, 0.9625, 0.9958333333333332, 0.9916666666666668, 0.9833333333333334, 0.9916666666666668, 0.9791666666666669, 0.9791666666666669, 0.9875, 0.9875, 0.9791666666666669, 0.9875, 0.9833333333333334]",{'finalestimator__estimator_name': ['SVC']}
Simulated,subspace,OTLabelProp,deep_embedded_validation,Other,0.11749999999999997,0.03884546186374166,"[0.15, 0.0916666666666666, 0.1416666666666666, 0.1416666666666666, 0.0583333333333333, 0.1625, 0.0291666666666666, 0.1458333333333333, 0.1333333333333333, 0.15, 0.1125, 0.0791666666666666, 0.1, 0.0916666666666666, 0.1083333333333333, 0.0291666666666666, 0.15, 0.1625, 0.1666666666666666, 0.1458333333333333, 0.1083333333333333, 0.1333333333333333, 0.0958333333333333, 0.1375, 0.1125]",0.11749999999999997,0.03884546186374166,"[0.15, 0.0916666666666666, 0.1416666666666666, 0.1416666666666666, 0.0583333333333333, 0.1624999999999999, 0.0291666666666666, 0.1458333333333333, 0.1333333333333333, 0.15, 0.1124999999999999, 0.0791666666666666, 0.1, 0.0916666666666666, 0.1083333333333333, 0.0291666666666666, 0.15, 0.1625, 0.1666666666666666, 0.1458333333333333, 0.1083333333333333, 0.1333333333333333, 0.0958333333333333, 0.1375, 0.1124999999999999]",0.11674596828258373,0.038610185886492794,"[0.1485217391304347, 0.0910986032937252, 0.1416666666666666, 0.1407119021134594, 0.057285873192436, 0.1621363438992618, 0.0287451150673035, 0.1456998489347293, 0.1332731439683311, 0.1497638232842456, 0.1121146330872774, 0.0790227639735375, 0.1, 0.0914142817449291, 0.108085579327591, 0.0287451150673035, 0.1485217391304347, 0.1600355208859326, 0.1652173913043478, 0.1446304699316747, 0.1077756931415468, 0.1303741899519197, 0.0956920352138354, 0.1374850257816975, 0.1106317089719723]",0.11749999999999997,0.03884546186374167,"[0.15, 0.0916666666666666, 0.1416666666666667, 0.1416666666666667, 0.0583333333333333, 0.1625, 0.0291666666666666, 0.1458333333333333, 0.1333333333333333, 0.1499999999999999, 0.1125, 0.0791666666666666, 0.1, 0.0916666666666666, 0.1083333333333333, 0.0291666666666666, 0.15, 0.1625, 0.1666666666666666, 0.1458333333333333, 0.1083333333333333, 0.1333333333333333, 0.0958333333333333, 0.1375, 0.1124999999999999]","{'finalestimator__estimator_name': ['SVC'], 'otlabelpropadapter__metric': ['sqeuclidean', 'cosine', 'cityblock'], 'otlabelpropadapter__reg': [None, 0.1, 1.0]}"
Simulated,subspace,JPCA,deep_embedded_validation,Subspace,0.18833333333333332,0.031891562508902856,"[0.1625, 0.1625, 0.2125, 0.15, 0.1791666666666666, 0.2041666666666666, 0.1583333333333333, 0.2375, 0.2416666666666666, 0.2291666666666666, 0.1833333333333333, 0.1416666666666666, 0.1375, 0.1625, 0.175, 0.1958333333333333, 0.2125, 0.1583333333333333, 0.2, 0.1916666666666666, 0.1875, 0.2083333333333333, 0.2, 0.2541666666666666, 0.1625]",0.18833333333333332,0.03189156250890286,"[0.1625, 0.1625, 0.2125, 0.15, 0.1791666666666666, 0.2041666666666667, 0.1583333333333333, 0.2375, 0.2416666666666666, 0.2291666666666666, 0.1833333333333333, 0.1416666666666666, 0.1375, 0.1625, 0.175, 0.1958333333333333, 0.2125, 0.1583333333333333, 0.1999999999999999, 0.1916666666666666, 0.1875, 0.2083333333333333, 0.2, 0.2541666666666666, 0.1625]",0.16645931624780247,0.025747454002975786,"[0.1463608854913203, 0.1443015521064301, 0.1838056680161943, 0.1382709096029287, 0.165239499284945, 0.1777725960072465, 0.1389599317988065, 0.1984084977459801, 0.2127460168697282, 0.198425737033092, 0.1575327745540511, 0.128042328042328, 0.1228658698070234, 0.1482900474937763, 0.1560102301790281, 0.1691628849706731, 0.1888266957563618, 0.1467192340185863, 0.1771428571428571, 0.1730605285592497, 0.1654630075429305, 0.1833225875779067, 0.1747259832366215, 0.2217250312505661, 0.1443015521064301]",0.18833333333333332,0.03189156250890287,"[0.1625, 0.1625, 0.2125, 0.15, 0.1791666666666667, 0.2041666666666667, 0.1583333333333333, 0.2375, 0.2416666666666667, 0.2291666666666666, 0.1833333333333333, 0.1416666666666667, 0.1374999999999999, 0.1625, 0.175, 0.1958333333333333, 0.2125, 0.1583333333333333, 0.1999999999999999, 0.1916666666666666, 0.1875, 0.2083333333333333, 0.2, 0.2541666666666666, 0.1625]","{'finalestimator__estimator_name': ['SVC'], 'pca__n_components': [1, 2, 5, 10, 20, 50, 100]}"
Simulated,subspace,MMDTarS,deep_embedded_validation,Reweighting,0.22583333333333327,0.0487992391410024,"[0.2, 0.2125, 0.2666666666666666, 0.1791666666666666, 0.1875, 0.2041666666666666, 0.1958333333333333, 0.2666666666666666, 0.2958333333333333, 0.2208333333333333, 0.1791666666666666, 0.1416666666666666, 0.1375, 0.2375, 0.175, 0.2291666666666666, 0.2208333333333333, 0.1875, 0.2125, 0.2916666666666667, 0.2916666666666667, 0.2958333333333333, 0.2583333333333333, 0.2541666666666666, 0.3041666666666666]",0.22583333333333327,0.048799239141002385,"[0.2, 0.2125, 0.2666666666666666, 0.1791666666666666, 0.1875, 0.2041666666666667, 0.1958333333333333, 0.2666666666666666, 0.2958333333333333, 0.2208333333333333, 0.1791666666666666, 0.1416666666666666, 0.1375, 0.2375, 0.175, 0.2291666666666666, 0.2208333333333333, 0.1875, 0.2125, 0.2916666666666666, 0.2916666666666666, 0.2958333333333333, 0.2583333333333333, 0.2541666666666666, 0.3041666666666666]",0.18947372731090964,0.03229293712912922,"[0.169490303510922, 0.1810944016175913, 0.2142272490512687, 0.161330376940133, 0.1698447893569844, 0.1777725960072465, 0.1665317139001349, 0.2142272490512687, 0.2323851700448532, 0.192442645074224, 0.1544913177989592, 0.128042328042328, 0.1228658698070234, 0.2014400261822942, 0.1560102301790281, 0.189647934879816, 0.1949920180803932, 0.1677188739307499, 0.1863823070438198, 0.2298399275143461, 0.2298399275143461, 0.2323851700448532, 0.2088888888888889, 0.2217250312505661, 0.2332268370607028]",0.22583333333333327,0.04879923914100239,"[0.1999999999999999, 0.2125, 0.2666666666666666, 0.1791666666666666, 0.1874999999999999, 0.2041666666666667, 0.1958333333333333, 0.2666666666666666, 0.2958333333333333, 0.2208333333333333, 0.1791666666666666, 0.1416666666666667, 0.1374999999999999, 0.2375, 0.175, 0.2291666666666666, 0.2208333333333333, 0.1875, 0.2125, 0.2916666666666666, 0.2916666666666666, 0.2958333333333333, 0.2583333333333333, 0.2541666666666666, 0.3041666666666666]","{'finalestimator__estimator_name': ['SVC'], 'mmdtarsreweightadapter__gamma': [0.0001, 0.001, 0.01, 0.1, 1.0, 10.0, 100.0, 1000.0, None], 'mmdtarsreweightadapter__max_iter': [1000], 'mmdtarsreweightadapter__reg': [1e-06], 'mmdtarsreweightadapter__tol': [1e-06]}"
Simulated,subspace,ClassRegOT,deep_embedded_validation,Mapping,0.11199999999999996,0.056829830455752996,"[0.0166666666666666, 0.0666666666666666, 0.1916666666666666, 0.1375, 0.1166666666666666, 0.1583333333333333, 0.0333333333333333, 0.1666666666666666, 0.1666666666666666, 0.175, 0.15, 0.0958333333333333, 0.1083333333333333, 0.1041666666666666, 0.0375, 0.0416666666666666, 0.175, 0.1708333333333333, 0.0208333333333333, 0.1791666666666666, 0.0666666666666666, 0.075, 0.0583333333333333, 0.1541666666666666, 0.1333333333333333]",0.11199999999999996,0.056829830455752996,"[0.0166666666666666, 0.0666666666666666, 0.1916666666666666, 0.1375, 0.1166666666666666, 0.1583333333333333, 0.0333333333333333, 0.1666666666666666, 0.1666666666666666, 0.175, 0.15, 0.0958333333333333, 0.1083333333333333, 0.1041666666666666, 0.0375, 0.0416666666666666, 0.175, 0.1708333333333333, 0.0208333333333333, 0.1791666666666666, 0.0666666666666666, 0.075, 0.0583333333333333, 0.1541666666666666, 0.1333333333333333]",0.11016681757937277,0.05579078933835203,"[0.0165983748871449, 0.0650434782608695, 0.1848168639260452, 0.1367656513353373, 0.1166666666666666, 0.1578069626850115, 0.0332661990416001, 0.1661455076089222, 0.1666087922772414, 0.1721831231273082, 0.1451917033312382, 0.093929957027784, 0.1067826086956521, 0.1040266708339844, 0.0366805094611735, 0.04, 0.1740823136818687, 0.1675816993464052, 0.020816333616903, 0.1701623519087319, 0.0625, 0.0747429841622673, 0.0582679352732828, 0.1516776653723598, 0.1318260869565217]",0.11199999999999996,0.05682983045575299,"[0.0166666666666666, 0.0666666666666666, 0.1916666666666666, 0.1374999999999999, 0.1166666666666667, 0.1583333333333333, 0.0333333333333333, 0.1666666666666666, 0.1666666666666666, 0.175, 0.1499999999999999, 0.0958333333333333, 0.1083333333333333, 0.1041666666666666, 0.0374999999999999, 0.0416666666666666, 0.175, 0.1708333333333333, 0.0208333333333333, 0.1791666666666666, 0.0666666666666666, 0.075, 0.0583333333333333, 0.1541666666666666, 0.1333333333333333]","[{'classregularizerotmappingadapter__max_inner_iter': [1000], 'classregularizerotmappingadapter__max_iter': [10], 'classregularizerotmappingadapter__metric': ['sqeuclidean', 'cosine', 'cityblock'], 'classregularizerotmappingadapter__norm': ['lpl1'], 'classregularizerotmappingadapter__reg_cl': [0.1], 'classregularizerotmappingadapter__reg_e': [0.1], 'classregularizerotmappingadapter__tol': [1e-06], 'finalestimator__estimator_name': ['SVC']}, {'classregularizerotmappingadapter__max_inner_iter': [1000], 'classregularizerotmappingadapter__max_iter': [10], 'classregularizerotmappingadapter__metric': ['sqeuclidean', 'cosine', 'cityblock'], 'classregularizerotmappingadapter__norm': ['lpl1'], 'classregularizerotmappingadapter__reg_cl': [0.5], 'classregularizerotmappingadapter__reg_e': [0.5], 'classregularizerotmappingadapter__tol': [1e-06], 'finalestimator__estimator_name': ['SVC']}, {'classregularizerotmappingadapter__max_inner_iter': [1000], 'classregularizerotmappingadapter__max_iter': [10], 'classregularizerotmappingadapter__metric': ['sqeuclidean', 'cosine', 'cityblock'], 'classregularizerotmappingadapter__norm': ['lpl1'], 'classregularizerotmappingadapter__reg_cl': [1.0], 'classregularizerotmappingadapter__reg_e': [1.0], 'classregularizerotmappingadapter__tol': [1e-06], 'finalestimator__estimator_name': ['SVC']}]"
Simulated,subspace,Dens. RW,deep_embedded_validation,Reweighting,0.17699999999999996,0.03391676904161454,"[0.1625, 0.1583333333333333, 0.2166666666666666, 0.15, 0.1541666666666666, 0.2083333333333333, 0.1416666666666666, 0.1416666666666666, 0.1291666666666666, 0.2125, 0.1833333333333333, 0.1291666666666666, 0.1416666666666666, 0.1541666666666666, 0.175, 0.1958333333333333, 0.2166666666666666, 0.1583333333333333, 0.2125, 0.1625, 0.2041666666666666, 0.1916666666666666, 0.2125, 0.2583333333333333, 0.1541666666666666]",0.17699999999999996,0.033916769041614524,"[0.1625, 0.1583333333333333, 0.2166666666666666, 0.15, 0.1541666666666666, 0.2083333333333333, 0.1416666666666667, 0.1416666666666667, 0.1291666666666666, 0.2125, 0.1833333333333333, 0.1291666666666666, 0.1416666666666667, 0.1541666666666666, 0.175, 0.1958333333333333, 0.2166666666666666, 0.1583333333333333, 0.2125, 0.1625, 0.2041666666666666, 0.1916666666666666, 0.2125, 0.2583333333333333, 0.1541666666666666]",0.15817357078557942,0.026816075542706458,"[0.1463608854913203, 0.1410955991779462, 0.1867925888544445, 0.1382709096029287, 0.1433243656696734, 0.1807990801954584, 0.126131221719457, 0.1298225851872712, 0.1236744177920648, 0.1863823070438198, 0.1575327745540511, 0.1180039035712401, 0.126131221719457, 0.1416339258972145, 0.1560102301790281, 0.1691628849706731, 0.1919191919191919, 0.1535721768279908, 0.1863823070438198, 0.1500907345090646, 0.1802428512670112, 0.1708811168886672, 0.1838056680161943, 0.2246823956442831, 0.1416339258972145]",0.17699999999999996,0.033916769041614545,"[0.1625, 0.1583333333333333, 0.2166666666666666, 0.15, 0.1541666666666666, 0.2083333333333333, 0.1416666666666666, 0.1416666666666667, 0.1291666666666666, 0.2125, 0.1833333333333333, 0.1291666666666666, 0.1416666666666666, 0.1541666666666666, 0.175, 0.1958333333333333, 0.2166666666666666, 0.1583333333333333, 0.2125, 0.1624999999999999, 0.2041666666666666, 0.1916666666666666, 0.2125, 0.2583333333333333, 0.1541666666666666]","{'densityreweightadapter__weight_estimator__bandwidth': [0.01, 0.1, 1.0, 10.0, 100.0, 'scott', 'silverman'], 'finalestimator__estimator_name': ['SVC']}"
Simulated,subspace,Disc. RW,deep_embedded_validation,Reweighting,0.19749999999999995,0.041805324842478925,"[0.1625, 0.15, 0.275, 0.2291666666666666, 0.1625, 0.1958333333333333, 0.1916666666666666, 0.2666666666666666, 0.2625, 0.2041666666666666, 0.1791666666666666, 0.1291666666666666, 0.175, 0.15, 0.1708333333333333, 0.2166666666666666, 0.2, 0.2125, 0.2458333333333333, 0.1875, 0.1666666666666666, 0.225, 0.2333333333333333, 0.225, 0.1208333333333333]",0.19749999999999995,0.04180532484247891,"[0.1625, 0.15, 0.2749999999999999, 0.2291666666666666, 0.1625, 0.1958333333333333, 0.1916666666666666, 0.2666666666666666, 0.2625, 0.2041666666666666, 0.1791666666666666, 0.1291666666666666, 0.175, 0.15, 0.1708333333333333, 0.2166666666666666, 0.2, 0.2125, 0.2458333333333333, 0.1875, 0.1666666666666666, 0.225, 0.2333333333333333, 0.225, 0.1208333333333333]",0.17137089356479063,0.03039783719247668,"[0.1482900474937763, 0.1346153846153846, 0.2194976076555024, 0.198425737033092, 0.1517645197024845, 0.1716590067776605, 0.1635527450416786, 0.2142272490512687, 0.2216216216216216, 0.1802428512670112, 0.1544913177989592, 0.1180039035712401, 0.1514285714285714, 0.1382709096029287, 0.1528159645232816, 0.181125226860254, 0.1794287342403305, 0.1863823070438198, 0.2040311497938617, 0.1677188739307499, 0.1495996031464815, 0.1868259982512387, 0.1985480943738657, 0.2005157962604771, 0.1111891180342255]",0.19749999999999995,0.041805324842478904,"[0.1625, 0.15, 0.2749999999999999, 0.2291666666666666, 0.1625, 0.1958333333333333, 0.1916666666666666, 0.2666666666666666, 0.2624999999999999, 0.2041666666666666, 0.1791666666666666, 0.1291666666666666, 0.175, 0.15, 0.1708333333333333, 0.2166666666666666, 0.1999999999999999, 0.2125, 0.2458333333333333, 0.1875, 0.1666666666666666, 0.2249999999999999, 0.2333333333333333, 0.225, 0.1208333333333333]","{'discriminatorreweightadapter__domain_classifier__estimator_name': ['LR', 'SVC', 'KNN', 'XGB'], 'finalestimator__estimator_name': ['SVC']}"
Simulated,subspace,EntOT,deep_embedded_validation,Mapping,0.15716666666666662,0.12296091482285774,"[0.0291666666666666, 0.1041666666666666, 0.1208333333333333, 0.1458333333333333, 0.1333333333333333, 0.1333333333333333, 0.0958333333333333, 0.4125, 0.4958333333333333, 0.0666666666666666, 0.1166666666666666, 0.075, 0.1166666666666666, 0.1125, 0.1208333333333333, 0.1458333333333333, 0.1833333333333333, 0.175, 0.0291666666666666, 0.1625, 0.1208333333333333, 0.2166666666666666, 0.1208333333333333, 0.0291666666666666, 0.4666666666666667]",0.15716666666666662,0.12296091482285774,"[0.0291666666666666, 0.1041666666666666, 0.1208333333333333, 0.1458333333333333, 0.1333333333333333, 0.1333333333333333, 0.0958333333333333, 0.4125, 0.4958333333333333, 0.0666666666666666, 0.1166666666666666, 0.075, 0.1166666666666666, 0.1125, 0.1208333333333333, 0.1458333333333333, 0.1833333333333333, 0.175, 0.0291666666666666, 0.1625, 0.1208333333333333, 0.2166666666666666, 0.1208333333333333, 0.0291666666666666, 0.4666666666666667]",0.14201726744989862,0.08969453969342778,"[0.0283400809716599, 0.1029051270015125, 0.1189825849440665, 0.1415260595697161, 0.132369299221357, 0.1318260869565217, 0.0958176357228424, 0.3138547010280013, 0.3764895330112721, 0.0666666666666666, 0.1144527986633249, 0.0739710789766407, 0.1136506166817643, 0.1123613064541334, 0.1189825849440665, 0.1456998489347293, 0.1812865497076023, 0.1747707696582384, 0.0290149502526436, 0.1547370818804646, 0.1182462433180686, 0.2006236269576926, 0.12008479435631, 0.0291498116286741, 0.3546218487394958]",0.15716666666666662,0.12296091482285774,"[0.0291666666666666, 0.1041666666666666, 0.1208333333333333, 0.1458333333333333, 0.1333333333333333, 0.1333333333333333, 0.0958333333333333, 0.4125, 0.4958333333333333, 0.0666666666666666, 0.1166666666666666, 0.0749999999999999, 0.1166666666666666, 0.1124999999999999, 0.1208333333333333, 0.1458333333333333, 0.1833333333333333, 0.175, 0.0291666666666666, 0.1625, 0.1208333333333333, 0.2166666666666666, 0.1208333333333333, 0.0291666666666666, 0.4666666666666667]","{'entropicotmappingadapter__max_iter': [1000], 'entropicotmappingadapter__metric': ['sqeuclidean', 'cosine', 'cityblock'], 'entropicotmappingadapter__norm': ['median'], 'entropicotmappingadapter__reg_e': [0.1, 0.5, 1.0], 'entropicotmappingadapter__tol': [1e-06], 'finalestimator__estimator_name': ['SVC']}"
Simulated,subspace,Gauss. RW,deep_embedded_validation,Reweighting,0.20616666666666664,0.0348010216963685,"[0.175, 0.1666666666666666, 0.2166666666666666, 0.175, 0.175, 0.2333333333333333, 0.1625, 0.25, 0.2666666666666666, 0.2541666666666666, 0.1875, 0.1458333333333333, 0.1541666666666666, 0.175, 0.1833333333333333, 0.2083333333333333, 0.2375, 0.2, 0.2416666666666666, 0.2125, 0.225, 0.2208333333333333, 0.2166666666666666, 0.2583333333333333, 0.2125]",0.20616666666666664,0.0348010216963685,"[0.175, 0.1666666666666666, 0.2166666666666666, 0.175, 0.175, 0.2333333333333333, 0.1625, 0.25, 0.2666666666666666, 0.2541666666666666, 0.1875, 0.1458333333333333, 0.1541666666666666, 0.175, 0.1833333333333333, 0.2083333333333333, 0.2375, 0.1999999999999999, 0.2416666666666666, 0.2125, 0.225, 0.2208333333333333, 0.2166666666666666, 0.2583333333333333, 0.2125]",0.17936102402655899,0.027575123512206947,"[0.1560102301790281, 0.1474850809889173, 0.1867925888544445, 0.1581036071150166, 0.1600678733031673, 0.1985480943738657, 0.1421102238978499, 0.2068155111633372, 0.2305450306033226, 0.2159296234783085, 0.1605531739340998, 0.1313405957026077, 0.1357871396895787, 0.1581036071150166, 0.162333499537004, 0.1781414461826833, 0.2070914047408424, 0.1771428571428571, 0.2072595281306715, 0.1888266957563618, 0.1927083333333333, 0.1897600693253416, 0.1867925888544445, 0.2246823956442831, 0.1810944016175913]",0.20616666666666664,0.03480102169636852,"[0.175, 0.1666666666666666, 0.2166666666666666, 0.175, 0.175, 0.2333333333333333, 0.1624999999999999, 0.25, 0.2666666666666667, 0.2541666666666666, 0.1874999999999999, 0.1458333333333333, 0.1541666666666666, 0.175, 0.1833333333333333, 0.2083333333333333, 0.2375, 0.1999999999999999, 0.2416666666666666, 0.2125, 0.225, 0.2208333333333333, 0.2166666666666666, 0.2583333333333333, 0.2125]","{'finalestimator__estimator_name': ['SVC'], 'gaussianreweightadapter__reg': ['auto', 1e-05, 0.01, 0.5]}"
Simulated,subspace,LinOT,deep_embedded_validation,Mapping,0.15466666666666662,0.05410413056730921,"[0.1625, 0.1666666666666666, 0.2166666666666666, 0.1125, 0.1916666666666666, 0.1916666666666666, 0.0958333333333333, 0.2208333333333333, 0.2291666666666666, 0.1375, 0.0791666666666666, 0.075, 0.15, 0.0916666666666666, 0.0833333333333333, 0.1166666666666666, 0.2166666666666666, 0.1541666666666666, 0.2, 0.0916666666666666, 0.1, 0.15, 0.2, 0.2541666666666666, 0.1791666666666666]",0.15466666666666662,0.05410413056730921,"[0.1625, 0.1666666666666666, 0.2166666666666666, 0.1125, 0.1916666666666666, 0.1916666666666666, 0.0958333333333333, 0.2208333333333333, 0.2291666666666666, 0.1375, 0.0791666666666666, 0.075, 0.15, 0.0916666666666666, 0.0833333333333333, 0.1166666666666666, 0.2166666666666666, 0.1541666666666666, 0.1999999999999999, 0.0916666666666666, 0.1, 0.15, 0.2, 0.2541666666666666, 0.1791666666666666]",0.14004944160153449,0.04367297508583396,"[0.1463608854913203, 0.1474850809889173, 0.1867925888544445, 0.105652653125492, 0.1730605285592497, 0.1685714285714286, 0.0922875816993464, 0.1869417924237758, 0.2036017291169665, 0.1362854013456423, 0.0764569657502046, 0.073391304347826, 0.1325915952094111, 0.0885652567765312, 0.0810359231411863, 0.1136506166817643, 0.1919191919191919, 0.1378669639539204, 0.1771428571428571, 0.0885652567765312, 0.09974993053626, 0.139905839364767, 0.1747259832366215, 0.2217250312505661, 0.15690365377414]",0.15466666666666662,0.05410413056730921,"[0.1625, 0.1666666666666666, 0.2166666666666666, 0.1124999999999999, 0.1916666666666666, 0.1916666666666666, 0.0958333333333333, 0.2208333333333333, 0.2291666666666666, 0.1375, 0.0791666666666666, 0.075, 0.15, 0.0916666666666666, 0.0833333333333333, 0.1166666666666667, 0.2166666666666666, 0.1541666666666666, 0.1999999999999999, 0.0916666666666666, 0.1, 0.15, 0.2, 0.2541666666666666, 0.1791666666666667]","{'finalestimator__estimator_name': ['SVC'], 'linearotmappingadapter__bias': [True, False], 'linearotmappingadapter__reg': [1e-08, 1e-06, 0.1, 1, 10]}"
Simulated,subspace,NN RW,deep_embedded_validation,Reweighting,0.14949999999999997,0.03998914783343657,"[0.1333333333333333, 0.1166666666666666, 0.2, 0.0916666666666666, 0.0833333333333333, 0.1375, 0.1333333333333333, 0.1208333333333333, 0.125, 0.1708333333333333, 0.1583333333333333, 0.1166666666666666, 0.1, 0.1375, 0.1291666666666666, 0.2, 0.1666666666666666, 0.1458333333333333, 0.1208333333333333, 0.1625, 0.225, 0.2, 0.1708333333333333, 0.2375, 0.1541666666666666]",0.14949999999999997,0.03998914783343657,"[0.1333333333333333, 0.1166666666666666, 0.2, 0.0916666666666666, 0.0833333333333333, 0.1375, 0.1333333333333333, 0.1208333333333333, 0.125, 0.1708333333333333, 0.1583333333333333, 0.1166666666666666, 0.1, 0.1375, 0.1291666666666666, 0.1999999999999999, 0.1666666666666666, 0.1458333333333333, 0.1208333333333333, 0.1625, 0.225, 0.1999999999999999, 0.1708333333333333, 0.2375, 0.1541666666666666]",0.13655949104607396,0.033032644697169364,"[0.1259892149310175, 0.1091813152181525, 0.1721759126185685, 0.0885652567765312, 0.0817391304347826, 0.1264440576040512, 0.1195767195767195, 0.109563749538429, 0.1200502828409805, 0.15485480702872, 0.1389599317988065, 0.1077441077441077, 0.0923734155052874, 0.1280386134269416, 0.1180039035712401, 0.1771428571428571, 0.1596050143567476, 0.1348842116368623, 0.1152885270532329, 0.1500907345090646, 0.1927083333333333, 0.1771428571428571, 0.1567647733893607, 0.2122114401535398, 0.1448881088196577]",0.14949999999999997,0.039989147833436565,"[0.1333333333333333, 0.1166666666666666, 0.2, 0.0916666666666666, 0.0833333333333333, 0.1375, 0.1333333333333333, 0.1208333333333333, 0.125, 0.1708333333333333, 0.1583333333333333, 0.1166666666666667, 0.0999999999999999, 0.1374999999999999, 0.1291666666666666, 0.1999999999999999, 0.1666666666666666, 0.1458333333333333, 0.1208333333333333, 0.1624999999999999, 0.225, 0.1999999999999999, 0.1708333333333333, 0.2375, 0.1541666666666667]","{'finalestimator__estimator_name': ['SVC'], 'nearestneighborreweightadapter__laplace_smoothing': [True, False], 'nearestneighborreweightadapter__n_neighbors': [1]}"
Simulated,subspace,MapOT,deep_embedded_validation,Mapping,0.05233333333333331,0.058148019137625226,"[0.0125, 0.0125, 0.0125, 0.0166666666666666, 0.1041666666666666, 0.0208333333333333, 0.0125, 0.15, 0.1708333333333333, 0.1791666666666666, 0.025, 0.0208333333333333, 0.0083333333333333, 0.05, 0.0041666666666666, 0.0083333333333333, 0.025, 0.0166666666666666, 0.0291666666666666, 0.025, 0.0125, 0.1333333333333333, 0.1291666666666666, 0.0166666666666666, 0.1125]",0.0523333333333333,0.05814801913762522,"[0.0125, 0.0125, 0.0125, 0.0166666666666666, 0.1041666666666666, 0.0208333333333333, 0.0125, 0.15, 0.1708333333333333, 0.1791666666666666, 0.025, 0.0208333333333333, 0.0083333333333333, 0.05, 0.0041666666666666, 0.0083333333333333, 0.0249999999999999, 0.0166666666666666, 0.0291666666666666, 0.025, 0.0125, 0.1333333333333333, 0.1291666666666666, 0.0166666666666666, 0.1124999999999999]",0.0520630816615885,0.05786617543957327,"[0.012482855605132, 0.012482855605132, 0.012482855605132, 0.0165983748871449, 0.1041511137346134, 0.020816333616903, 0.012482855605132, 0.1497638232842456, 0.1707037557951763, 0.1788102475032566, 0.0249322869643725, 0.0206803146324946, 0.0082644628099173, 0.05, 0.0041493775933609, 0.0082644628099173, 0.0247290914142817, 0.0165983748871449, 0.0291498116286741, 0.0249322869643725, 0.0123456790123456, 0.1303741899519197, 0.1291515477699265, 0.0165983748871449, 0.1106317089719723]",0.05233333333333329,0.05814801913762522,"[0.0125, 0.0125, 0.0125, 0.0166666666666666, 0.1041666666666666, 0.0208333333333333, 0.0124999999999999, 0.1499999999999999, 0.1708333333333333, 0.1791666666666666, 0.025, 0.0208333333333333, 0.0083333333333333, 0.05, 0.0041666666666666, 0.0083333333333333, 0.0249999999999999, 0.0166666666666666, 0.0291666666666666, 0.0249999999999999, 0.0125, 0.1333333333333333, 0.1291666666666666, 0.0166666666666666, 0.1124999999999999]","{'finalestimator__estimator_name': ['SVC'], 'otmappingadapter__max_iter': [1000000], 'otmappingadapter__metric': ['sqeuclidean', 'cosine', 'cityblock'], 'otmappingadapter__norm': ['median']}"
Simulated,subspace,SA,deep_embedded_validation,Subspace,0.11333333333333329,0.03404194716326707,"[0.1, 0.0583333333333333, 0.0958333333333333, 0.1125, 0.0791666666666666, 0.1083333333333333, 0.2125, 0.1208333333333333, 0.1375, 0.1333333333333333, 0.0791666666666666, 0.0708333333333333, 0.0833333333333333, 0.1, 0.0791666666666666, 0.1166666666666666, 0.1166666666666666, 0.1583333333333333, 0.1541666666666666, 0.0916666666666666, 0.1041666666666666, 0.1541666666666666, 0.1458333333333333, 0.1125, 0.1083333333333333]",0.11333333333333329,0.03404194716326707,"[0.0999999999999999, 0.0583333333333333, 0.0958333333333333, 0.1125, 0.0791666666666666, 0.1083333333333333, 0.2125, 0.1208333333333333, 0.1374999999999999, 0.1333333333333333, 0.0791666666666666, 0.0708333333333333, 0.0833333333333333, 0.0999999999999999, 0.0791666666666666, 0.1166666666666666, 0.1166666666666666, 0.1583333333333333, 0.1541666666666666, 0.0916666666666666, 0.1041666666666666, 0.1541666666666666, 0.1458333333333333, 0.1124999999999999, 0.1083333333333333]",0.10838259821701447,0.0322096076847121,"[0.0937062937062937, 0.056695652173913, 0.0931726767773502, 0.105652653125492, 0.0755555555555555, 0.10734149054505, 0.2064241851676901, 0.116399993020537, 0.1356843368882548, 0.1327913279132791, 0.0764569657502046, 0.0688773291115016, 0.0792410714285714, 0.0969270434116089, 0.0764569657502046, 0.1136506166817643, 0.1061766565947579, 0.1410955991779462, 0.1416339258972145, 0.0885652567765312, 0.1029051270015125, 0.1433243656696734, 0.1424836601307189, 0.1090196078431372, 0.0993265993265993]",0.1133333333333333,0.03404194716326709,"[0.0999999999999999, 0.0583333333333333, 0.0958333333333333, 0.1124999999999999, 0.0791666666666666, 0.1083333333333333, 0.2125, 0.1208333333333333, 0.1375, 0.1333333333333333, 0.0791666666666666, 0.0708333333333333, 0.0833333333333333, 0.1, 0.0791666666666666, 0.1166666666666667, 0.1166666666666666, 0.1583333333333333, 0.1541666666666667, 0.0916666666666666, 0.1041666666666666, 0.1541666666666667, 0.1458333333333333, 0.1125, 0.1083333333333333]","{'finalestimator__estimator_name': ['SVC'], 'subspacealignmentadapter__n_components': [1, 2, 5, 10, 20, 50, 100]}"
Simulated,subspace,TCA,deep_embedded_validation,Subspace,0.5576666666666666,0.1988271455216724,"[0.4875, 0.5041666666666667, 0.4, 0.2, 0.7875, 0.4125, 0.5375, 0.3375, 0.6875, 0.8958333333333334, 0.4083333333333333, 0.7041666666666667, 0.425, 0.7583333333333333, 0.8666666666666667, 0.3333333333333333, 0.4583333333333333, 0.6375, 0.4833333333333333, 0.8708333333333333, 0.3291666666666666, 0.5041666666666667, 0.4333333333333333, 0.6166666666666667, 0.8625]",0.5576666666666666,0.1988271455216724,"[0.4875, 0.5041666666666667, 0.4, 0.2, 0.7875, 0.4125, 0.5375000000000001, 0.3375, 0.6875, 0.8958333333333334, 0.4083333333333333, 0.7041666666666666, 0.425, 0.7583333333333333, 0.8666666666666667, 0.3333333333333333, 0.4583333333333333, 0.6375, 0.4833333333333333, 0.8708333333333333, 0.3291666666666666, 0.5041666666666667, 0.4333333333333333, 0.6166666666666667, 0.8625]",0.5461384713718718,0.20539376879171814,"[0.4057851406026691, 0.4745266876414418, 0.3476291150709755, 0.1944055944055944, 0.7797570850202429, 0.4095374360942925, 0.5372991749891445, 0.30353525213995, 0.6821977789155882, 0.8954248366013071, 0.4079633104023347, 0.6952735206280513, 0.4224330357142857, 0.7575081875827469, 0.8657342657342657, 0.3196796825171851, 0.4519007799873515, 0.6341399309631861, 0.4830102147175317, 0.8698367711121607, 0.3177845654054626, 0.4892612528836353, 0.4323478260869565, 0.6166400444475311, 0.8598502946329032]",0.5576666666666666,0.1988271455216724,"[0.4875, 0.5041666666666667, 0.4, 0.2, 0.7875, 0.4125, 0.5375, 0.3374999999999999, 0.6875, 0.8958333333333335, 0.4083333333333333, 0.7041666666666666, 0.425, 0.7583333333333333, 0.8666666666666665, 0.3333333333333333, 0.4583333333333333, 0.6375, 0.4833333333333333, 0.8708333333333333, 0.3291666666666667, 0.5041666666666667, 0.4333333333333333, 0.6166666666666667, 0.8625]","{'finalestimator__estimator_name': ['SVC'], 'transfercomponentanalysisadapter__kernel': ['rbf'], 'transfercomponentanalysisadapter__mu': [10, 100], 'transfercomponentanalysisadapter__n_components': [1, 2, 5, 10, 20, 50, 100]}"
Simulated,subspace,TSL,deep_embedded_validation,Subspace,0.18966666666666665,0.03270059179439576,"[0.1666666666666666, 0.1583333333333333, 0.2125, 0.15, 0.1791666666666666, 0.2083333333333333, 0.1583333333333333, 0.2375, 0.2416666666666666, 0.2333333333333333, 0.1833333333333333, 0.1416666666666666, 0.1416666666666666, 0.15, 0.175, 0.2, 0.2166666666666666, 0.1583333333333333, 0.2083333333333333, 0.1875, 0.1875, 0.2041666666666666, 0.2125, 0.2541666666666666, 0.175]",0.18966666666666665,0.03270059179439575,"[0.1666666666666666, 0.1583333333333333, 0.2125, 0.15, 0.1791666666666666, 0.2083333333333333, 0.1583333333333333, 0.2375, 0.2416666666666666, 0.2333333333333333, 0.1833333333333333, 0.1416666666666666, 0.1416666666666667, 0.15, 0.175, 0.2, 0.2166666666666666, 0.1583333333333333, 0.2083333333333333, 0.1875, 0.1875, 0.2041666666666667, 0.2125, 0.2541666666666666, 0.175]",0.16730773004612762,0.0261212594575898,"[0.1515837104072398, 0.1410955991779462, 0.1838056680161943, 0.1382709096029287, 0.165239499284945, 0.1807990801954584, 0.1389599317988065, 0.1984084977459801, 0.2127460168697282, 0.2013888888888889, 0.1575327745540511, 0.128042328042328, 0.126131221719457, 0.1382709096029287, 0.1560102301790281, 0.1721759126185685, 0.1919191919191919, 0.1467192340185863, 0.1833225875779067, 0.1677188739307499, 0.1654630075429305, 0.1777725960072465, 0.1838056680161943, 0.2217250312505661, 0.1537858821853408]",0.18966666666666665,0.03270059179439576,"[0.1666666666666666, 0.1583333333333333, 0.2125, 0.15, 0.1791666666666667, 0.2083333333333333, 0.1583333333333333, 0.2375, 0.2416666666666667, 0.2333333333333333, 0.1833333333333333, 0.1416666666666667, 0.1416666666666666, 0.15, 0.175, 0.2, 0.2166666666666666, 0.1583333333333333, 0.2083333333333333, 0.1875, 0.1875, 0.2041666666666667, 0.2125, 0.2541666666666666, 0.175]","{'finalestimator__estimator_name': ['SVC'], 'transfersubspacelearningadapter__base_method': ['flda'], 'transfersubspacelearningadapter__length_scale': [2], 'transfersubspacelearningadapter__max_iter': [300], 'transfersubspacelearningadapter__mu': [0.1, 1, 10], 'transfersubspacelearningadapter__n_components': [1, 2, 5, 10, 20, 50, 100], 'transfersubspacelearningadapter__reg': [0.0001], 'transfersubspacelearningadapter__tol': [0.0001]}"
Simulated,target_shift,CORAL,deep_embedded_validation,Mapping,0.8384999999999999,0.03996580569687041,"[0.8, 0.85625, 0.85, 0.8375, 0.8375, 0.80625, 0.90625, 0.8, 0.79375, 0.80625, 0.8375, 0.8625, 0.81875, 0.81875, 0.7625, 0.825, 0.8, 0.85, 0.825, 0.83125, 0.9, 0.875, 0.91875, 0.9125, 0.83125]",0.8713888888888889,0.042896116828819955,"[0.8055555555555556, 0.8090277777777778, 0.8888888888888888, 0.7986111111111112, 0.8541666666666667, 0.8368055555555556, 0.9479166666666669, 0.8611111111111112, 0.8854166666666667, 0.8368055555555556, 0.9097222222222222, 0.8958333333333333, 0.8993055555555556, 0.8993055555555556, 0.8402777777777778, 0.875, 0.8611111111111112, 0.9166666666666669, 0.8194444444444444, 0.90625, 0.9166666666666669, 0.875, 0.8715277777777778, 0.9513888888888888, 0.8229166666666667]",0.8653631958017464,0.030390181012137182,"[0.8349039220847592, 0.8752396539630581, 0.8743525480367585, 0.8613333333333333, 0.8638819270398217, 0.8405610753945062, 0.9186345569324292, 0.8367591897974493, 0.8327601809954752, 0.8405610753945062, 0.8658594366938667, 0.8838117106773822, 0.8516868156212419, 0.8516868156212419, 0.8084033613445378, 0.8555409318241644, 0.8367591897974493, 0.8753246753246753, 0.853411306042885, 0.8611338398597311, 0.9126626467788004, 0.8921568627450981, 0.92502965599051, 0.9235798159314502, 0.8580453678185288]",0.8713888888888889,0.042896116828819976,"[0.8055555555555557, 0.8090277777777778, 0.8888888888888888, 0.798611111111111, 0.8541666666666666, 0.8368055555555556, 0.9479166666666669, 0.8611111111111112, 0.8854166666666667, 0.8368055555555556, 0.9097222222222222, 0.8958333333333333, 0.8993055555555556, 0.8993055555555556, 0.8402777777777777, 0.875, 0.8611111111111112, 0.9166666666666669, 0.8194444444444443, 0.90625, 0.9166666666666669, 0.875, 0.8715277777777778, 0.951388888888889, 0.8229166666666667]","{'coraladapter__reg': ['auto'], 'finalestimator__estimator_name': ['SVC']}"
Simulated,target_shift,DASVM,deep_embedded_validation,Other,0.8590000000000001,0.029705586595790392,"[0.8375, 0.85625, 0.875, 0.8625, 0.84375, 0.85625, 0.88125, 0.8375, 0.8625, 0.83125, 0.8625, 0.84375, 0.8625, 0.84375, 0.79375, 0.80625, 0.83125, 0.8625, 0.8625, 0.8625, 0.91875, 0.89375, 0.91875, 0.9, 0.86875]",0.8772222222222222,0.03723381608410806,"[0.8541666666666667, 0.8090277777777778, 0.9027777777777778, 0.8402777777777778, 0.8576388888888888, 0.8645833333333333, 0.9340277777777778, 0.8541666666666667, 0.8680555555555556, 0.8229166666666667, 0.9236111111111112, 0.8854166666666667, 0.9236111111111112, 0.9131944444444444, 0.8576388888888888, 0.8368055555555556, 0.8784722222222222, 0.9236111111111112, 0.8125, 0.8680555555555556, 0.9270833333333331, 0.8854166666666667, 0.8993055555555556, 0.9166666666666669, 0.8715277777777778]",0.8805909116769525,0.022784424433537318,"[0.8638819270398217, 0.8752396539630581, 0.8933333333333333, 0.8813725490196077, 0.868560525757897, 0.8779502879218601, 0.8991763248050149, 0.8638819270398217, 0.8826666666666666, 0.8580453678185288, 0.8848231690336952, 0.869639794168096, 0.8848231690336952, 0.8705890200787139, 0.8320548452844173, 0.8405610753945062, 0.8602361416850111, 0.8848231690336952, 0.8799111393208505, 0.8826666666666666, 0.9275291747124506, 0.9065858585858584, 0.9263571990558616, 0.9126626467788004, 0.8874011597258831]",0.8772222222222222,0.037233816084108064,"[0.8541666666666666, 0.8090277777777778, 0.9027777777777778, 0.8402777777777778, 0.8576388888888888, 0.8645833333333334, 0.9340277777777778, 0.8541666666666666, 0.8680555555555556, 0.8229166666666667, 0.9236111111111112, 0.8854166666666667, 0.9236111111111112, 0.9131944444444444, 0.8576388888888888, 0.8368055555555556, 0.8784722222222222, 0.9236111111111112, 0.8125, 0.8680555555555556, 0.9270833333333331, 0.8854166666666666, 0.8993055555555556, 0.9166666666666669, 0.8715277777777778]","{'dasvmclassifier__base_estimator__estimator_name': ['SVC'], 'dasvmclassifier__max_iter': [200]}"
Simulated,target_shift,JDOT,deep_embedded_validation,Other,0.574,0.036518402894978826,"[0.60625, 0.6625, 0.5875, 0.525, 0.6375, 0.54375, 0.58125, 0.58125, 0.49375, 0.575, 0.5875, 0.625, 0.5625, 0.59375, 0.51875, 0.56875, 0.5375, 0.5625, 0.56875, 0.55625, 0.58125, 0.55, 0.58125, 0.575, 0.5875]",0.7633333333333333,0.020288001608321587,"[0.78125, 0.8125, 0.7708333333333333, 0.7361111111111112, 0.7986111111111112, 0.7465277777777778, 0.7673611111111112, 0.7673611111111112, 0.71875, 0.7638888888888888, 0.7708333333333333, 0.7916666666666667, 0.7569444444444444, 0.7743055555555556, 0.7326388888888888, 0.7604166666666667, 0.7430555555555556, 0.7569444444444444, 0.7604166666666667, 0.7534722222222222, 0.7673611111111112, 0.75, 0.7673611111111112, 0.7638888888888888, 0.7708333333333333]",0.6522191354616913,0.033173897676018416,"[0.6816842105263158, 0.7295169946332737, 0.6650854936569223, 0.6069881201956674, 0.7085990338164251, 0.6248947951273534, 0.6594725535902006, 0.6594725535902006, 0.5761446710273181, 0.6538181818181819, 0.6650854936569223, 0.6979405034324941, 0.6423817233315344, 0.6706578521566271, 0.6009217792077917, 0.6481215244812153, 0.6189737259742549, 0.6423817233315344, 0.6481215244812153, 0.6365979150820993, 0.6594725535902006, 0.6307692307692307, 0.6594725535902006, 0.6538181818181819, 0.6650854936569223]",0.7633333333333333,0.020288001608321574,"[0.78125, 0.8125, 0.7708333333333334, 0.7361111111111112, 0.7986111111111112, 0.7465277777777778, 0.7673611111111112, 0.7673611111111112, 0.71875, 0.7638888888888888, 0.7708333333333334, 0.7916666666666666, 0.7569444444444444, 0.7743055555555556, 0.7326388888888888, 0.7604166666666666, 0.7430555555555556, 0.7569444444444444, 0.7604166666666666, 0.7534722222222222, 0.7673611111111112, 0.75, 0.7673611111111112, 0.7638888888888888, 0.7708333333333334]","{'jdotclassifier__alpha': [0.1, 0.3, 0.5, 0.7, 0.9], 'jdotclassifier__base_estimator__estimator_name': ['SVC'], 'jdotclassifier__n_iter_max': [100], 'jdotclassifier__thr_weights': [1e-07], 'jdotclassifier__tol': [1e-06]}"
Simulated,target_shift,KLIEP,deep_embedded_validation,Reweighting,0.8534999999999999,0.039117877413445294,"[0.8, 0.85625, 0.8875, 0.85625, 0.8375, 0.85, 0.90625, 0.825, 0.85, 0.8375, 0.8625, 0.85625, 0.8375, 0.81875, 0.7625, 0.84375, 0.7875, 0.84375, 0.86875, 0.85625, 0.9125, 0.90625, 0.93125, 0.89375, 0.85]",0.8819444444444444,0.03608439182435163,"[0.8333333333333333, 0.8090277777777778, 0.9097222222222222, 0.8368055555555556, 0.8819444444444444, 0.8888888888888888, 0.9479166666666669, 0.875, 0.8888888888888888, 0.8819444444444444, 0.9236111111111112, 0.8923611111111112, 0.9097222222222222, 0.8993055555555556, 0.8402777777777778, 0.8576388888888888, 0.8541666666666667, 0.9131944444444444, 0.84375, 0.8923611111111112, 0.9236111111111112, 0.8923611111111112, 0.8784722222222222, 0.9409722222222222, 0.8333333333333333]",0.8768023289818468,0.029668340253943593,"[0.8358974358974359, 0.8752396539630581, 0.9029411764705882, 0.8766774606521576, 0.864935064935065, 0.8743525480367585, 0.9186345569324292, 0.8555409318241644, 0.8743525480367585, 0.864935064935065, 0.8848231690336952, 0.8790756836972651, 0.8658594366938667, 0.8516868156212419, 0.8084033613445378, 0.868560525757897, 0.82734375, 0.8705890200787139, 0.886088379705401, 0.8790756836972651, 0.9225296442687746, 0.9163798169759044, 0.9352879381147932, 0.908848557873334, 0.8719999999999999]",0.8819444444444444,0.036084391824351636,"[0.8333333333333334, 0.8090277777777778, 0.9097222222222222, 0.8368055555555557, 0.8819444444444444, 0.8888888888888888, 0.9479166666666669, 0.875, 0.8888888888888888, 0.8819444444444444, 0.9236111111111112, 0.8923611111111112, 0.9097222222222222, 0.8993055555555556, 0.8402777777777777, 0.8576388888888888, 0.8541666666666667, 0.9131944444444444, 0.84375, 0.8923611111111112, 0.9236111111111112, 0.8923611111111112, 0.8784722222222222, 0.9409722222222222, 0.8333333333333333]","{'finalestimator__estimator_name': ['SVC'], 'kliepreweightadapter__cv': [5], 'kliepreweightadapter__gamma': [0.0001, 0.001, 0.01, 0.1, 1.0, 10.0, 100.0, 1000.0, 'auto', 'scale'], 'kliepreweightadapter__max_iter': [1000], 'kliepreweightadapter__n_centers': [100], 'kliepreweightadapter__random_state': [0], 'kliepreweightadapter__tol': [1e-06]}"
Simulated,target_shift,KMM,deep_embedded_validation,Reweighting,0.866,0.03719844026748073,"[0.80625, 0.875, 0.875, 0.85625, 0.875, 0.8375, 0.9125, 0.8375, 0.85, 0.8625, 0.8625, 0.9375, 0.83125, 0.85, 0.79375, 0.85, 0.8375, 0.85, 0.8625, 0.85625, 0.9125, 0.9, 0.95, 0.90625, 0.8625]",0.87,0.03950151957669871,"[0.8368055555555556, 0.8194444444444444, 0.9027777777777778, 0.8368055555555556, 0.9305555555555556, 0.8541666666666667, 0.9513888888888888, 0.8541666666666667, 0.8888888888888888, 0.7847222222222222, 0.8958333333333333, 0.8819444444444444, 0.90625, 0.8888888888888888, 0.8298611111111112, 0.8611111111111112, 0.8263888888888888, 0.9166666666666669, 0.8125, 0.8645833333333333, 0.8958333333333333, 0.8888888888888888, 0.8611111111111112, 0.8923611111111112, 0.8680555555555556]",0.8856105990335561,0.028468367985209297,"[0.8405610753945062, 0.8893280632411067, 0.8933333333333333, 0.8766774606521576, 0.894374282433984, 0.8638819270398217, 0.9235798159314502, 0.8638819270398217, 0.8743525480367585, 0.8782608695652174, 0.8838117106773822, 0.9405320813771516, 0.8611338398597311, 0.8743525480367585, 0.8312298246724475, 0.8732491389207807, 0.8626865671641791, 0.8753246753246753, 0.8799111393208505, 0.8779502879218601, 0.9213429256594724, 0.9114624505928852, 0.95, 0.9163798169759044, 0.8826666666666666]",0.87,0.03950151957669872,"[0.8368055555555556, 0.8194444444444443, 0.9027777777777778, 0.8368055555555557, 0.9305555555555556, 0.8541666666666666, 0.951388888888889, 0.8541666666666666, 0.8888888888888888, 0.7847222222222222, 0.8958333333333333, 0.8819444444444443, 0.90625, 0.8888888888888888, 0.8298611111111112, 0.8611111111111112, 0.826388888888889, 0.9166666666666669, 0.8125, 0.8645833333333334, 0.8958333333333334, 0.8888888888888888, 0.861111111111111, 0.8923611111111112, 0.8680555555555556]","{'finalestimator__estimator_name': ['SVC'], 'kmmreweightadapter__B': [1000.0], 'kmmreweightadapter__gamma': [0.0001, 0.001, 0.01, 0.1, 1.0, 10.0, 100.0, 1000.0, None], 'kmmreweightadapter__max_iter': [1000], 'kmmreweightadapter__smooth_weights': [False], 'kmmreweightadapter__tol': [1e-06]}"
Simulated,target_shift,MMD-LS,deep_embedded_validation,Mapping,0.67,0.09437293044088438,"[0.61875, 0.68125, 0.64375, 0.58125, 0.6625, 0.56875, 0.61875, 0.60625, 0.69375, 0.6, 0.66875, 0.725, 0.60625, 0.625, 0.56875, 0.875, 0.55, 0.76875, 0.78125, 0.8, 0.61875, 0.84375, 0.5875, 0.825, 0.63125]",0.81,0.04584034738698726,"[0.7881944444444444, 0.8229166666666667, 0.8020833333333333, 0.7673611111111112, 0.8125, 0.7604166666666667, 0.7881944444444444, 0.78125, 0.8298611111111112, 0.7777777777777778, 0.8159722222222222, 0.8194444444444444, 0.78125, 0.7916666666666667, 0.7604166666666667, 0.9027777777777778, 0.75, 0.8715277777777778, 0.7951388888888888, 0.8888888888888888, 0.7881944444444444, 0.8854166666666667, 0.7708333333333333, 0.9027777777777778, 0.7951388888888888]",0.7327648900533202,0.07592449616973224,"[0.6925583818862204, 0.7448833307915205, 0.7138771341018532, 0.6594725535902006, 0.7295169946332737, 0.6481215244812153, 0.6925583818862204, 0.6816842105263158, 0.7549873443876234, 0.6761904761904762, 0.7346683354192741, 0.779564930784443, 0.6816842105263158, 0.6979405034324941, 0.6481215244812153, 0.8933333333333333, 0.6307692307692307, 0.8137074888850396, 0.8210013291980506, 0.8375, 0.6925583818862204, 0.869639794168096, 0.6650854936569223, 0.8564102564102564, 0.7032871059071931]",0.81,0.04584034738698726,"[0.7881944444444444, 0.8229166666666666, 0.8020833333333334, 0.7673611111111112, 0.8125, 0.7604166666666666, 0.7881944444444444, 0.78125, 0.8298611111111112, 0.7777777777777778, 0.8159722222222222, 0.8194444444444444, 0.78125, 0.7916666666666666, 0.7604166666666666, 0.9027777777777778, 0.75, 0.8715277777777778, 0.795138888888889, 0.8888888888888888, 0.7881944444444444, 0.8854166666666667, 0.7708333333333334, 0.9027777777777778, 0.7951388888888888]","{'finalestimator__estimator_name': ['SVC'], 'mmdlsconsmappingadapter__gamma': [0.1, 1, 10], 'mmdlsconsmappingadapter__max_iter': [100], 'mmdlsconsmappingadapter__reg_k': [1e-10, 1e-08], 'mmdlsconsmappingadapter__reg_m': [1e-10, 1e-08], 'mmdlsconsmappingadapter__tol': [1e-05]}"
Simulated,target_shift,Train Src,deep_embedded_validation,NO DA,0.8504999999999999,0.04062179474534988,"[0.79375, 0.85625, 0.88125, 0.85625, 0.8375, 0.85, 0.90625, 0.825, 0.84375, 0.8375, 0.85, 0.85625, 0.8375, 0.81875, 0.75, 0.84375, 0.7875, 0.84375, 0.8625, 0.83125, 0.9125, 0.90625, 0.93125, 0.89375, 0.85]",0.8813888888888889,0.036865015736983836,"[0.8298611111111112, 0.8090277777777778, 0.90625, 0.8368055555555556, 0.8819444444444444, 0.8888888888888888, 0.9479166666666669, 0.875, 0.9131944444444444, 0.8819444444444444, 0.9166666666666669, 0.8923611111111112, 0.9097222222222222, 0.8993055555555556, 0.8333333333333333, 0.8576388888888888, 0.8541666666666667, 0.9131944444444444, 0.8402777777777778, 0.8784722222222222, 0.9236111111111112, 0.8923611111111112, 0.8784722222222222, 0.9409722222222222, 0.8333333333333333]",0.8745684273119078,0.030786062208421606,"[0.8312298246724475, 0.8752396539630581, 0.8981248587996082, 0.8766774606521576, 0.864935064935065, 0.8743525480367585, 0.9186345569324292, 0.8555409318241644, 0.8705890200787139, 0.864935064935065, 0.8753246753246753, 0.8790756836972651, 0.8658594366938667, 0.8516868156212419, 0.7988571428571428, 0.868560525757897, 0.82734375, 0.8705890200787139, 0.8813725490196077, 0.8602361416850111, 0.9225296442687746, 0.9163798169759044, 0.9352879381147932, 0.908848557873334, 0.8719999999999999]",0.8813888888888889,0.03686501573698383,"[0.8298611111111112, 0.8090277777777778, 0.90625, 0.8368055555555557, 0.8819444444444444, 0.8888888888888888, 0.9479166666666669, 0.875, 0.9131944444444444, 0.8819444444444444, 0.9166666666666669, 0.8923611111111112, 0.9097222222222222, 0.8993055555555556, 0.8333333333333334, 0.8576388888888888, 0.8541666666666667, 0.9131944444444444, 0.8402777777777778, 0.8784722222222222, 0.9236111111111112, 0.8923611111111112, 0.8784722222222222, 0.9409722222222222, 0.8333333333333333]",{'finalestimator__estimator_name': ['SVC']}
Simulated,target_shift,NO_DA_SOURCE_ONLY_BASE_ESTIM,deep_embedded_validation,Unknown,,,"[NaN, NaN, NaN, NaN, NaN, NaN, NaN, NaN, NaN, NaN, NaN, NaN, NaN, NaN, NaN, NaN, NaN, NaN, NaN, NaN, NaN, NaN, NaN, NaN, NaN]",,,"[NaN, NaN, NaN, NaN, NaN, NaN, NaN, NaN, NaN, NaN, NaN, NaN, NaN, NaN, NaN, NaN, NaN, NaN, NaN, NaN, NaN, NaN, NaN, NaN, NaN]",,,"[NaN, NaN, NaN, NaN, NaN, NaN, NaN, NaN, NaN, NaN, NaN, NaN, NaN, NaN, NaN, NaN, NaN, NaN, NaN, NaN, NaN, NaN, NaN, NaN, NaN]",,,"[NaN, NaN, NaN, NaN, NaN, NaN, NaN, NaN, NaN, NaN, NaN, NaN, NaN, NaN, NaN, NaN, NaN, NaN, NaN, NaN, NaN, NaN, NaN, NaN, NaN]",{'finalestimator__estimator_name': ['SVC']}
Simulated,target_shift,Train Tgt,deep_embedded_validation,NO DA,0.9315000000000001,0.016583123951777006,"[0.91875, 0.91875, 0.925, 0.9375, 0.95625, 0.9375, 0.94375, 0.925, 0.93125, 0.90625, 0.9625, 0.9375, 0.94375, 0.9625, 0.94375, 0.93125, 0.9, 0.9125, 0.9375, 0.90625, 0.9375, 0.9375, 0.93125, 0.93125, 0.9125]",0.7319444444444444,0.08211885081049426,"[0.7326388888888888, 0.6493055555555556, 0.6805555555555556, 0.7430555555555556, 0.8368055555555556, 0.7152777777777778, 0.71875, 0.6805555555555556, 0.6840277777777778, 0.6423611111111112, 0.8680555555555556, 0.7152777777777778, 0.8298611111111112, 0.8958333333333333, 0.8298611111111112, 0.6840277777777778, 0.6111111111111112, 0.7013888888888888, 0.7152777777777778, 0.5868055555555556, 0.7152777777777778, 0.8263888888888888, 0.65625, 0.8229166666666667, 0.7569444444444444]",0.9235935322172351,0.02071882319439593,"[0.9149662282260932, 0.9040843214756258, 0.9135135135135136, 0.9309262166405023, 0.9542125844294348, 0.927927927927928, 0.933596837944664, 0.9135135135135136, 0.9188405797101448, 0.8942372881355933, 0.9613793103448276, 0.927927927927928, 0.9429400602745842, 0.9625, 0.9429400602745842, 0.9188405797101448, 0.8846846846846848, 0.9068493150684932, 0.927927927927928, 0.8834209268991879, 0.927927927927928, 0.9375, 0.914508679726071, 0.9321718931475028, 0.9125]",0.7319444444444444,0.08211885081049426,"[0.732638888888889, 0.6493055555555556, 0.6805555555555556, 0.7430555555555556, 0.8368055555555556, 0.7152777777777778, 0.71875, 0.6805555555555556, 0.6840277777777778, 0.6423611111111112, 0.8680555555555557, 0.7152777777777778, 0.8298611111111112, 0.8958333333333333, 0.8298611111111112, 0.6840277777777778, 0.611111111111111, 0.701388888888889, 0.7152777777777778, 0.5868055555555556, 0.7152777777777778, 0.8263888888888888, 0.65625, 0.8229166666666666, 0.7569444444444444]",{'finalestimator__estimator_name': ['SVC']}
Simulated,target_shift,OTLabelProp,deep_embedded_validation,Other,0.60075,0.058249195273411276,"[0.6375, 0.69375, 0.6375, 0.59375, 0.60625, 0.575, 0.58125, 0.60625, 0.50625, 0.61875, 0.76875, 0.69375, 0.55, 0.59375, 0.55, 0.56875, 0.53125, 0.575, 0.66875, 0.55, 0.5625, 0.55625, 0.58125, 0.60625, 0.60625]",0.7759722222222223,0.029988691713018028,"[0.7986111111111112, 0.8298611111111112, 0.7986111111111112, 0.7743055555555556, 0.78125, 0.7638888888888888, 0.7673611111111112, 0.78125, 0.7256944444444444, 0.7881944444444444, 0.8715277777777778, 0.8020833333333333, 0.75, 0.7743055555555556, 0.75, 0.7604166666666667, 0.7395833333333334, 0.7638888888888888, 0.7881944444444444, 0.75, 0.7569444444444444, 0.7534722222222222, 0.7673611111111112, 0.78125, 0.78125]",0.675360104692379,0.050088264580490004,"[0.7085990338164251, 0.7549873443876234, 0.7085990338164251, 0.6706578521566271, 0.6816842105263158, 0.6538181818181819, 0.6594725535902006, 0.6816842105263158, 0.5886374412690202, 0.6925583818862204, 0.8137074888850396, 0.7549871316770839, 0.6307692307692307, 0.6706578521566271, 0.6307692307692307, 0.6481215244812153, 0.6130051336053706, 0.6538181818181819, 0.7348787555284428, 0.6307692307692307, 0.6423817233315344, 0.6365979150820993, 0.6594725535902006, 0.6816842105263158, 0.6816842105263158]",0.7759722222222223,0.029988691713018042,"[0.7986111111111112, 0.8298611111111112, 0.7986111111111112, 0.7743055555555556, 0.78125, 0.7638888888888888, 0.7673611111111112, 0.78125, 0.7256944444444444, 0.7881944444444444, 0.8715277777777778, 0.8020833333333334, 0.75, 0.7743055555555556, 0.75, 0.7604166666666666, 0.7395833333333333, 0.7638888888888888, 0.7881944444444444, 0.75, 0.7569444444444444, 0.7534722222222222, 0.7673611111111112, 0.78125, 0.78125]","{'finalestimator__estimator_name': ['SVC'], 'otlabelpropadapter__metric': ['sqeuclidean', 'cosine', 'cityblock'], 'otlabelpropadapter__reg': [None, 0.1, 1.0]}"
Simulated,target_shift,JPCA,deep_embedded_validation,Subspace,0.8504999999999999,0.04062179474534988,"[0.79375, 0.85625, 0.88125, 0.85625, 0.8375, 0.85, 0.90625, 0.825, 0.84375, 0.8375, 0.85, 0.85625, 0.8375, 0.81875, 0.75, 0.84375, 0.7875, 0.84375, 0.8625, 0.83125, 0.9125, 0.90625, 0.93125, 0.89375, 0.85]",0.8813888888888889,0.036865015736983836,"[0.8298611111111112, 0.8090277777777778, 0.90625, 0.8368055555555556, 0.8819444444444444, 0.8888888888888888, 0.9479166666666669, 0.875, 0.9131944444444444, 0.8819444444444444, 0.9166666666666669, 0.8923611111111112, 0.9097222222222222, 0.8993055555555556, 0.8333333333333333, 0.8576388888888888, 0.8541666666666667, 0.9131944444444444, 0.8402777777777778, 0.8784722222222222, 0.9236111111111112, 0.8923611111111112, 0.8784722222222222, 0.9409722222222222, 0.8333333333333333]",0.8745684273119078,0.030786062208421606,"[0.8312298246724475, 0.8752396539630581, 0.8981248587996082, 0.8766774606521576, 0.864935064935065, 0.8743525480367585, 0.9186345569324292, 0.8555409318241644, 0.8705890200787139, 0.864935064935065, 0.8753246753246753, 0.8790756836972651, 0.8658594366938667, 0.8516868156212419, 0.7988571428571428, 0.868560525757897, 0.82734375, 0.8705890200787139, 0.8813725490196077, 0.8602361416850111, 0.9225296442687746, 0.9163798169759044, 0.9352879381147932, 0.908848557873334, 0.8719999999999999]",0.8813888888888889,0.03686501573698383,"[0.8298611111111112, 0.8090277777777778, 0.90625, 0.8368055555555557, 0.8819444444444444, 0.8888888888888888, 0.9479166666666669, 0.875, 0.9131944444444444, 0.8819444444444444, 0.9166666666666669, 0.8923611111111112, 0.9097222222222222, 0.8993055555555556, 0.8333333333333334, 0.8576388888888888, 0.8541666666666667, 0.9131944444444444, 0.8402777777777778, 0.8784722222222222, 0.9236111111111112, 0.8923611111111112, 0.8784722222222222, 0.9409722222222222, 0.8333333333333333]","{'finalestimator__estimator_name': ['SVC'], 'pca__n_components': [1, 2, 5, 10, 20, 50, 100]}"
Simulated,target_shift,MMDTarS,deep_embedded_validation,Reweighting,0.88275,0.04146880102358076,"[0.81875, 0.89375, 0.925, 0.8625, 0.94375, 0.84375, 0.90625, 0.86875, 0.85, 0.84375, 0.8875, 0.8625, 0.875, 0.83125, 0.95, 0.925, 0.8, 0.8875, 0.8625, 0.8375, 0.9125, 0.91875, 0.94375, 0.91875, 0.9]",0.8704166666666667,0.054290797345777915,"[0.8159722222222222, 0.8298611111111112, 0.7361111111111112, 0.8402777777777778, 0.8854166666666667, 0.8576388888888888, 0.9479166666666669, 0.84375, 0.8888888888888888, 0.8576388888888888, 0.9375, 0.8958333333333333, 0.9027777777777778, 0.90625, 0.9166666666666669, 0.7361111111111112, 0.8611111111111112, 0.9375, 0.8402777777777778, 0.8819444444444444, 0.9236111111111112, 0.8715277777777778, 0.8576388888888888, 0.9270833333333331, 0.8611111111111112]",0.8979078879997937,0.031033751011181266,"[0.8487821612349915, 0.9036978756884344, 0.920156555772994, 0.8813725490196077, 0.9458646616541356, 0.868560525757897, 0.9186345569324292, 0.886088379705401, 0.8743525480367585, 0.868560525757897, 0.904, 0.8838117106773822, 0.8933333333333333, 0.8611338398597311, 0.9524256651017214, 0.920156555772994, 0.8367591897974493, 0.904, 0.8813725490196077, 0.864935064935065, 0.9225296442687746, 0.92502965599051, 0.9445042762115932, 0.9275291747124506, 0.9101062007536826]",0.8704166666666667,0.05429079734577795,"[0.8159722222222222, 0.829861111111111, 0.736111111111111, 0.8402777777777778, 0.8854166666666667, 0.8576388888888888, 0.9479166666666669, 0.84375, 0.8888888888888888, 0.8576388888888888, 0.9375, 0.8958333333333333, 0.9027777777777778, 0.90625, 0.9166666666666666, 0.736111111111111, 0.8611111111111112, 0.9375, 0.8402777777777778, 0.8819444444444444, 0.9236111111111112, 0.8715277777777778, 0.857638888888889, 0.9270833333333331, 0.861111111111111]","{'finalestimator__estimator_name': ['SVC'], 'mmdtarsreweightadapter__gamma': [0.0001, 0.001, 0.01, 0.1, 1.0, 10.0, 100.0, 1000.0, None], 'mmdtarsreweightadapter__max_iter': [1000], 'mmdtarsreweightadapter__reg': [1e-06], 'mmdtarsreweightadapter__tol': [1e-06]}"
Simulated,target_shift,ClassRegOT,deep_embedded_validation,Mapping,0.55275,0.07601483544896574,"[0.5875, 0.6625, 0.55, 0.5375, 0.65, 0.54375, 0.575, 0.5875, 0.51875, 0.6125, 0.6125, 0.5875, 0.58125, 0.6, 0.50625, 0.54375, 0.55625, 0.56875, 0.45625, 0.5625, 0.58125, 0.53125, 0.28125, 0.5875, 0.4375]",0.7515277777777777,0.04223046413831432,"[0.7708333333333333, 0.8125, 0.75, 0.7430555555555556, 0.8055555555555556, 0.7465277777777778, 0.7638888888888888, 0.7708333333333333, 0.7326388888888888, 0.7847222222222222, 0.7847222222222222, 0.7708333333333333, 0.7673611111111112, 0.7777777777777778, 0.7256944444444444, 0.7465277777777778, 0.7534722222222222, 0.7604166666666667, 0.6979166666666666, 0.7569444444444444, 0.7673611111111112, 0.7395833333333334, 0.6006944444444444, 0.7708333333333333, 0.6875]",0.6295757112103441,0.07972428236466027,"[0.6650854936569223, 0.7295169946332737, 0.6307692307692307, 0.6189737259742549, 0.7191222570532915, 0.6248947951273534, 0.6538181818181819, 0.6650854936569223, 0.6009217792077917, 0.6871398983242327, 0.6871398983242327, 0.6650854936569223, 0.6594725535902006, 0.6761904761904762, 0.5886374412690202, 0.6248947951273534, 0.6365979150820993, 0.6481215244812153, 0.5373385174965508, 0.6423817233315344, 0.6594725535902006, 0.6130051336053706, 0.3235028115292359, 0.6650854936569223, 0.5171385991058122]",0.7515277777777777,0.042230464138314314,"[0.7708333333333334, 0.8125, 0.75, 0.7430555555555556, 0.8055555555555556, 0.7465277777777778, 0.7638888888888888, 0.7708333333333334, 0.7326388888888888, 0.7847222222222222, 0.7847222222222222, 0.7708333333333334, 0.7673611111111112, 0.7777777777777778, 0.7256944444444444, 0.7465277777777778, 0.7534722222222222, 0.7604166666666666, 0.6979166666666667, 0.7569444444444444, 0.7673611111111112, 0.7395833333333333, 0.6006944444444444, 0.7708333333333334, 0.6875]","[{'classregularizerotmappingadapter__max_inner_iter': [1000], 'classregularizerotmappingadapter__max_iter': [10], 'classregularizerotmappingadapter__metric': ['sqeuclidean', 'cosine', 'cityblock'], 'classregularizerotmappingadapter__norm': ['lpl1'], 'classregularizerotmappingadapter__reg_cl': [0.1], 'classregularizerotmappingadapter__reg_e': [0.1], 'classregularizerotmappingadapter__tol': [1e-06], 'finalestimator__estimator_name': ['SVC']}, {'classregularizerotmappingadapter__max_inner_iter': [1000], 'classregularizerotmappingadapter__max_iter': [10], 'classregularizerotmappingadapter__metric': ['sqeuclidean', 'cosine', 'cityblock'], 'classregularizerotmappingadapter__norm': ['lpl1'], 'classregularizerotmappingadapter__reg_cl': [0.5], 'classregularizerotmappingadapter__reg_e': [0.5], 'classregularizerotmappingadapter__tol': [1e-06], 'finalestimator__estimator_name': ['SVC']}, {'classregularizerotmappingadapter__max_inner_iter': [1000], 'classregularizerotmappingadapter__max_iter': [10], 'classregularizerotmappingadapter__metric': ['sqeuclidean', 'cosine', 'cityblock'], 'classregularizerotmappingadapter__norm': ['lpl1'], 'classregularizerotmappingadapter__reg_cl': [1.0], 'classregularizerotmappingadapter__reg_e': [1.0], 'classregularizerotmappingadapter__tol': [1e-06], 'finalestimator__estimator_name': ['SVC']}]"
Simulated,target_shift,Dens. RW,deep_embedded_validation,Reweighting,0.8625,0.038358234665670767,"[0.79375, 0.85625, 0.88125, 0.85625, 0.8375, 0.85625, 0.90625, 0.85, 0.8625, 0.84375, 0.8875, 0.85625, 0.86875, 0.89375, 0.7875, 0.84375, 0.7875, 0.88125, 0.8625, 0.83125, 0.9125, 0.91875, 0.93125, 0.90625, 0.85]",0.8813888888888889,0.040834671809758666,"[0.8298611111111112, 0.8090277777777778, 0.90625, 0.8368055555555556, 0.8819444444444444, 0.8645833333333333, 0.9479166666666669, 0.8333333333333333, 0.8958333333333333, 0.8576388888888888, 0.9375, 0.8923611111111112, 0.9270833333333331, 0.9131944444444444, 0.8541666666666667, 0.8576388888888888, 0.8541666666666667, 0.9340277777777778, 0.8402777777777778, 0.8784722222222222, 0.9236111111111112, 0.8993055555555556, 0.8784722222222222, 0.9479166666666669, 0.8333333333333333]",0.8834583472190112,0.02945575410194758,"[0.8312298246724475, 0.8752396539630581, 0.8981248587996082, 0.8766774606521576, 0.864935064935065, 0.8779502879218601, 0.9186345569324292, 0.8719999999999999, 0.8838117106773822, 0.868560525757897, 0.904, 0.8790756836972651, 0.8895908416366336, 0.9077858311900864, 0.82734375, 0.868560525757897, 0.82734375, 0.8991763248050149, 0.8813725490196077, 0.8602361416850111, 0.9225296442687746, 0.9263571990558616, 0.9352879381147932, 0.9186345569324292, 0.8719999999999999]",0.8813888888888889,0.040834671809758666,"[0.8298611111111112, 0.8090277777777778, 0.90625, 0.8368055555555557, 0.8819444444444444, 0.8645833333333334, 0.9479166666666669, 0.8333333333333333, 0.8958333333333333, 0.8576388888888888, 0.9375, 0.8923611111111112, 0.9270833333333331, 0.9131944444444444, 0.8541666666666667, 0.8576388888888888, 0.8541666666666667, 0.9340277777777778, 0.8402777777777778, 0.8784722222222222, 0.9236111111111112, 0.8993055555555556, 0.8784722222222222, 0.9479166666666669, 0.8333333333333333]","{'densityreweightadapter__weight_estimator__bandwidth': [0.01, 0.1, 1.0, 10.0, 100.0, 'scott', 'silverman'], 'finalestimator__estimator_name': ['SVC']}"
Simulated,target_shift,Disc. RW,deep_embedded_validation,Reweighting,0.8242499999999999,0.03824434871106233,"[0.775, 0.84375, 0.86875, 0.81875, 0.8375, 0.83125, 0.8625, 0.81875, 0.80625, 0.83125, 0.825, 0.79375, 0.825, 0.775, 0.74375, 0.83125, 0.78125, 0.80625, 0.85, 0.78125, 0.8625, 0.80625, 0.925, 0.85, 0.85625]",0.8790277777777777,0.031196585007854077,"[0.8194444444444444, 0.8576388888888888, 0.8993055555555556, 0.8159722222222222, 0.9097222222222222, 0.8784722222222222, 0.9236111111111112, 0.8993055555555556, 0.8923611111111112, 0.8784722222222222, 0.9027777777777778, 0.8576388888888888, 0.9027777777777778, 0.875, 0.8298611111111112, 0.8506944444444444, 0.8784722222222222, 0.8923611111111112, 0.8333333333333333, 0.8784722222222222, 0.9236111111111112, 0.8645833333333333, 0.9027777777777778, 0.9166666666666669, 0.8923611111111112]",0.8551062923153794,0.0288559267352266,"[0.8171875, 0.868560525757897, 0.8885633063634375, 0.8487821612349915, 0.8658594366938667, 0.8602361416850111, 0.8848231690336952, 0.8516868156212419, 0.8422333395096041, 0.8602361416850111, 0.8564102564102564, 0.8320548452844173, 0.8564102564102564, 0.8184873949579832, 0.7940607500424232, 0.8592109777015438, 0.8232552651760958, 0.8422333395096041, 0.8719999999999999, 0.8232552651760958, 0.8848231690336952, 0.8414583201468447, 0.9314285714285712, 0.8753246753246753, 0.8790756836972651]",0.8790277777777777,0.031196585007854077,"[0.8194444444444444, 0.8576388888888888, 0.8993055555555556, 0.8159722222222222, 0.9097222222222222, 0.8784722222222222, 0.9236111111111112, 0.8993055555555556, 0.8923611111111112, 0.8784722222222222, 0.9027777777777778, 0.8576388888888888, 0.9027777777777778, 0.875, 0.8298611111111112, 0.8506944444444444, 0.8784722222222222, 0.8923611111111112, 0.8333333333333333, 0.8784722222222222, 0.9236111111111112, 0.8645833333333333, 0.9027777777777778, 0.9166666666666669, 0.8923611111111112]","{'discriminatorreweightadapter__domain_classifier__estimator_name': ['LR', 'SVC', 'KNN', 'XGB'], 'finalestimator__estimator_name': ['SVC']}"
Simulated,target_shift,EntOT,deep_embedded_validation,Mapping,0.5,0.0934195565268144,"[0.5875, 0.49375, 0.5375, 0.40625, 0.54375, 0.41875, 0.5125, 0.5125, 0.51875, 0.4625, 0.63125, 0.65625, 0.44375, 0.59375, 0.55625, 0.5625, 0.46875, 0.5375, 0.49375, 0.23125, 0.4625, 0.48125, 0.3, 0.5375, 0.55]",0.7211111111111111,0.050234548250810036,"[0.7708333333333333, 0.71875, 0.7430555555555556, 0.6701388888888888, 0.7465277777777778, 0.6770833333333334, 0.7291666666666666, 0.7291666666666666, 0.7326388888888888, 0.7013888888888888, 0.7951388888888888, 0.78125, 0.6909722222222222, 0.7743055555555556, 0.7534722222222222, 0.7569444444444444, 0.7048611111111112, 0.7430555555555556, 0.71875, 0.5729166666666666, 0.7013888888888888, 0.7118055555555556, 0.6111111111111112, 0.7430555555555556, 0.75]",0.5760655158682892,0.10287561035583982,"[0.6650854936569223, 0.5761446710273181, 0.6189737259742549, 0.4821916690465505, 0.6248947951273534, 0.4963692307692308, 0.5948051948051948, 0.5948051948051948, 0.6009217792077917, 0.5439503272361134, 0.7032871059071931, 0.7246558197747184, 0.5239337181776651, 0.6706578521566271, 0.6365979150820993, 0.6423817233315344, 0.5505031367100333, 0.6189737259742549, 0.5761446710273181, 0.2497360703812316, 0.5439503272361134, 0.5634358430540827, 0.3494949494949495, 0.6189737259742549, 0.6307692307692307]",0.7211111111111111,0.050234548250810036,"[0.7708333333333334, 0.71875, 0.7430555555555556, 0.6701388888888888, 0.7465277777777778, 0.6770833333333333, 0.7291666666666667, 0.7291666666666667, 0.7326388888888888, 0.7013888888888888, 0.7951388888888888, 0.78125, 0.6909722222222222, 0.7743055555555556, 0.7534722222222222, 0.7569444444444444, 0.7048611111111112, 0.7430555555555556, 0.71875, 0.5729166666666667, 0.7013888888888888, 0.7118055555555556, 0.6111111111111112, 0.7430555555555556, 0.75]","{'entropicotmappingadapter__max_iter': [1000], 'entropicotmappingadapter__metric': ['sqeuclidean', 'cosine', 'cityblock'], 'entropicotmappingadapter__norm': ['median'], 'entropicotmappingadapter__reg_e': [0.1, 0.5, 1.0], 'entropicotmappingadapter__tol': [1e-06], 'finalestimator__estimator_name': ['SVC']}"
Simulated,target_shift,Gauss. RW,deep_embedded_validation,Reweighting,0.8632500000000001,0.03600853486790781,"[0.8, 0.8625, 0.88125, 0.86875, 0.84375, 0.8625, 0.90625, 0.8375, 0.8625, 0.85, 0.875, 0.875, 0.84375, 0.85, 0.76875, 0.85, 0.825, 0.8625, 0.875, 0.85, 0.9125, 0.91875, 0.93125, 0.90625, 0.8625]",0.8829166666666667,0.038476442140538955,"[0.8333333333333333, 0.8125, 0.90625, 0.84375, 0.8854166666666667, 0.8680555555555556, 0.9479166666666669, 0.8263888888888888, 0.8958333333333333, 0.8611111111111112, 0.9305555555555556, 0.9027777777777778, 0.9131944444444444, 0.9166666666666669, 0.84375, 0.8611111111111112, 0.875, 0.9236111111111112, 0.8472222222222222, 0.8888888888888888, 0.9236111111111112, 0.8993055555555556, 0.8784722222222222, 0.9479166666666669, 0.8402777777777778]",0.8840185243658881,0.027509166349839777,"[0.8358974358974359, 0.8799111393208505, 0.8981248587996082, 0.886088379705401, 0.869639794168096, 0.8826666666666666, 0.9186345569324292, 0.8626865671641791, 0.8838117106773822, 0.8732491389207807, 0.894374282433984, 0.8933333333333333, 0.8705890200787139, 0.8753246753246753, 0.8131555660433014, 0.8732491389207807, 0.8555409318241644, 0.8848231690336952, 0.8908283084735004, 0.8743525480367585, 0.9225296442687746, 0.9263571990558616, 0.9352879381147932, 0.9186345569324292, 0.8813725490196077]",0.8829166666666667,0.03847644214053893,"[0.8333333333333334, 0.8125, 0.90625, 0.84375, 0.8854166666666667, 0.8680555555555556, 0.9479166666666669, 0.826388888888889, 0.8958333333333333, 0.8611111111111112, 0.9305555555555556, 0.9027777777777778, 0.9131944444444444, 0.9166666666666669, 0.84375, 0.8611111111111112, 0.875, 0.9236111111111112, 0.8472222222222222, 0.8888888888888888, 0.9236111111111112, 0.8993055555555556, 0.8784722222222222, 0.9479166666666669, 0.8402777777777778]","{'finalestimator__estimator_name': ['SVC'], 'gaussianreweightadapter__reg': ['auto', 1e-05, 0.01, 0.5]}"
Simulated,target_shift,LinOT,deep_embedded_validation,Mapping,0.69825,0.09068819635615948,"[0.675, 0.84375, 0.675, 0.59375, 0.74375, 0.575, 0.7125, 0.8, 0.65625, 0.75625, 0.65625, 0.6875, 0.66875, 0.63125, 0.5625, 0.7875, 0.6375, 0.65, 0.80625, 0.69375, 0.625, 0.6125, 0.8875, 0.86875, 0.65]",0.8223611111111111,0.04082236798472936,"[0.8194444444444444, 0.8576388888888888, 0.8194444444444444, 0.7743055555555556, 0.8576388888888888, 0.7638888888888888, 0.8402777777777778, 0.8888888888888888, 0.8090277777777778, 0.8645833333333333, 0.8090277777777778, 0.7986111111111112, 0.8159722222222222, 0.7951388888888888, 0.7569444444444444, 0.8541666666666667, 0.7986111111111112, 0.8055555555555556, 0.8090277777777778, 0.8298611111111112, 0.7916666666666667, 0.7847222222222222, 0.8819444444444444, 0.9270833333333331, 0.8055555555555556]",0.756109881028287,0.0718704098223337,"[0.7397901533494753, 0.868560525757897, 0.7397901533494753, 0.6706578521566271, 0.7944429038877489, 0.6538181818181819, 0.7699512608603518, 0.8375, 0.7243352572640719, 0.8041065671135245, 0.7243352572640719, 0.75, 0.7346683354192741, 0.7032871059071931, 0.6423817233315344, 0.82734375, 0.7085990338164251, 0.7191222570532915, 0.8395303848976052, 0.7549873443876234, 0.6979405034324941, 0.6871398983242327, 0.9017454776261504, 0.8895908416366336, 0.7191222570532915]",0.8223611111111111,0.04082236798472937,"[0.8194444444444444, 0.8576388888888888, 0.8194444444444444, 0.7743055555555556, 0.8576388888888888, 0.7638888888888888, 0.8402777777777778, 0.8888888888888888, 0.8090277777777778, 0.8645833333333334, 0.8090277777777778, 0.7986111111111112, 0.8159722222222222, 0.7951388888888888, 0.7569444444444444, 0.8541666666666667, 0.7986111111111112, 0.8055555555555556, 0.8090277777777778, 0.8298611111111112, 0.7916666666666666, 0.7847222222222222, 0.8819444444444444, 0.9270833333333331, 0.8055555555555556]","{'finalestimator__estimator_name': ['SVC'], 'linearotmappingadapter__bias': [True, False], 'linearotmappingadapter__reg': [1e-08, 1e-06, 0.1, 1, 10]}"
Simulated,target_shift,NN RW,deep_embedded_validation,Reweighting,0.85625,0.03835823466567079,"[0.8, 0.875, 0.875, 0.86875, 0.8125, 0.85, 0.90625, 0.85, 0.85, 0.85, 0.86875, 0.84375, 0.85625, 0.85625, 0.75625, 0.8375, 0.80625, 0.84375, 0.86875, 0.83125, 0.9125, 0.89375, 0.9375, 0.89375, 0.8625]",0.8856944444444445,0.035266566459985084,"[0.8333333333333333, 0.8472222222222222, 0.9027777777777778, 0.84375, 0.8958333333333333, 0.8611111111111112, 0.9479166666666669, 0.8888888888888888, 0.8888888888888888, 0.8888888888888888, 0.9270833333333331, 0.8854166666666667, 0.9201388888888888, 0.9201388888888888, 0.8368055555555556, 0.8541666666666667, 0.8645833333333333, 0.9131944444444444, 0.8159722222222222, 0.8784722222222222, 0.9236111111111112, 0.8854166666666667, 0.9097222222222222, 0.9409722222222222, 0.8680555555555556]",0.8789691012864814,0.02917086154879167,"[0.8358974358974359, 0.8908283084735004, 0.8933333333333333, 0.886088379705401, 0.8469617404351087, 0.8732491389207807, 0.9186345569324292, 0.8743525480367585, 0.8743525480367585, 0.8743525480367585, 0.8895908416366336, 0.869639794168096, 0.8800686106346485, 0.8800686106346485, 0.8036376234193661, 0.8638819270398217, 0.8414583201468447, 0.8705890200787139, 0.8846060606060606, 0.8602361416850111, 0.9225296442687746, 0.9065858585858584, 0.9417693169092944, 0.908848557873334, 0.8826666666666666]",0.8856944444444445,0.03526656645998507,"[0.8333333333333334, 0.8472222222222222, 0.9027777777777778, 0.84375, 0.8958333333333333, 0.8611111111111112, 0.9479166666666669, 0.8888888888888888, 0.8888888888888888, 0.8888888888888888, 0.9270833333333331, 0.8854166666666667, 0.9201388888888888, 0.9201388888888888, 0.8368055555555556, 0.8541666666666666, 0.8645833333333333, 0.9131944444444444, 0.8159722222222222, 0.8784722222222222, 0.9236111111111112, 0.8854166666666666, 0.9097222222222222, 0.9409722222222222, 0.8680555555555556]","{'finalestimator__estimator_name': ['SVC'], 'nearestneighborreweightadapter__laplace_smoothing': [True, False], 'nearestneighborreweightadapter__n_neighbors': [1]}"
Simulated,target_shift,MapOT,deep_embedded_validation,Mapping,0.5875,0.05090329884529424,"[0.60625, 0.6625, 0.6625, 0.525, 0.63125, 0.54375, 0.6, 0.58125, 0.49375, 0.575, 0.5875, 0.6875, 0.5625, 0.59375, 0.51875, 0.69375, 0.5375, 0.5625, 0.56875, 0.625, 0.58125, 0.54375, 0.58125, 0.575, 0.5875]",0.7697222222222223,0.027970971688549652,"[0.78125, 0.8125, 0.8125, 0.7361111111111112, 0.7951388888888888, 0.7465277777777778, 0.7777777777777778, 0.7673611111111112, 0.71875, 0.7638888888888888, 0.7708333333333333, 0.8263888888888888, 0.7569444444444444, 0.7743055555555556, 0.7326388888888888, 0.8298611111111112, 0.7430555555555556, 0.7569444444444444, 0.7604166666666667, 0.7638888888888888, 0.7673611111111112, 0.7465277777777778, 0.7673611111111112, 0.7638888888888888, 0.7708333333333333]",0.6638507333035639,0.04517778158388463,"[0.6816842105263158, 0.7295169946332737, 0.7295169946332737, 0.6069881201956674, 0.7032871059071931, 0.6248947951273534, 0.6761904761904762, 0.6594725535902006, 0.5761446710273181, 0.6538181818181819, 0.6650854936569223, 0.7499487599918016, 0.6423817233315344, 0.6706578521566271, 0.6009217792077917, 0.7549873443876234, 0.6189737259742549, 0.6423817233315344, 0.6481215244812153, 0.6985507246376811, 0.6594725535902006, 0.6248947951273534, 0.6594725535902006, 0.6538181818181819, 0.6650854936569223]",0.7697222222222223,0.027970971688549656,"[0.78125, 0.8125, 0.8125, 0.7361111111111112, 0.7951388888888888, 0.7465277777777778, 0.7777777777777778, 0.7673611111111112, 0.71875, 0.7638888888888888, 0.7708333333333334, 0.8263888888888888, 0.7569444444444444, 0.7743055555555556, 0.7326388888888888, 0.8298611111111112, 0.7430555555555556, 0.7569444444444444, 0.7604166666666666, 0.7638888888888888, 0.7673611111111112, 0.7465277777777778, 0.7673611111111112, 0.7638888888888888, 0.7708333333333334]","{'finalestimator__estimator_name': ['SVC'], 'otmappingadapter__max_iter': [1000000], 'otmappingadapter__metric': ['sqeuclidean', 'cosine', 'cityblock'], 'otmappingadapter__norm': ['median']}"
Simulated,target_shift,SA,deep_embedded_validation,Subspace,0.67525,0.03551518161293843,"[0.6875, 0.74375, 0.71875, 0.6375, 0.69375, 0.675, 0.73125, 0.65, 0.64375, 0.68125, 0.725, 0.70625, 0.6875, 0.6875, 0.6, 0.64375, 0.63125, 0.6625, 0.66875, 0.65, 0.6625, 0.6625, 0.65625, 0.65, 0.725]",0.8151388888888889,0.023038222790878197,"[0.8263888888888888, 0.8576388888888888, 0.84375, 0.7986111111111112, 0.8298611111111112, 0.8194444444444444, 0.8506944444444444, 0.8055555555555556, 0.8020833333333333, 0.8229166666666667, 0.8472222222222222, 0.8090277777777778, 0.8263888888888888, 0.8263888888888888, 0.7777777777777778, 0.7743055555555556, 0.7951388888888888, 0.8125, 0.7881944444444444, 0.8055555555555556, 0.8125, 0.8125, 0.78125, 0.8055555555555556, 0.8472222222222222]",0.7395909505089929,0.028980868321520994,"[0.7499487599918016, 0.7944429038877489, 0.7748917748917749, 0.7085990338164251, 0.7549873443876234, 0.7397901533494753, 0.7847074829931973, 0.7191222570532915, 0.7138771341018532, 0.7448833307915205, 0.7798101811906817, 0.764886964886965, 0.7499487599918016, 0.7499487599918016, 0.6761904761904762, 0.7143110848009473, 0.7032871059071931, 0.7295169946332737, 0.7348787555284428, 0.7191222570532915, 0.7295169946332737, 0.7295169946332737, 0.7246558197747184, 0.7191222570532915, 0.7798101811906817]",0.8151388888888889,0.023038222790878193,"[0.8263888888888888, 0.8576388888888888, 0.84375, 0.7986111111111112, 0.8298611111111112, 0.8194444444444444, 0.8506944444444444, 0.8055555555555556, 0.8020833333333334, 0.8229166666666666, 0.8472222222222222, 0.8090277777777777, 0.8263888888888888, 0.8263888888888888, 0.7777777777777778, 0.7743055555555556, 0.7951388888888888, 0.8125, 0.7881944444444444, 0.8055555555555556, 0.8125, 0.8125, 0.78125, 0.8055555555555556, 0.8472222222222222]","{'finalestimator__estimator_name': ['SVC'], 'subspacealignmentadapter__n_components': [1, 2, 5, 10, 20, 50, 100]}"
Simulated,target_shift,TCA,deep_embedded_validation,Subspace,0.46825000000000006,0.09450942413325773,"[0.54375, 0.3875, 0.5, 0.46875, 0.34375, 0.33125, 0.6125, 0.39375, 0.51875, 0.4375, 0.34375, 0.38125, 0.5, 0.63125, 0.63125, 0.3125, 0.5375, 0.425, 0.5, 0.50625, 0.4625, 0.35625, 0.50625, 0.575, 0.5]",0.5034722222222222,0.09901415741873261,"[0.3854166666666667, 0.5763888888888888, 0.6388888888888888, 0.4270833333333333, 0.3576388888888889, 0.4618055555555556, 0.5902777777777778, 0.4965277777777778, 0.3993055555555556, 0.4097222222222222, 0.4131944444444444, 0.6284722222222222, 0.5833333333333334, 0.4340277777777778, 0.6284722222222222, 0.5069444444444444, 0.6041666666666667, 0.375, 0.4166666666666667, 0.3645833333333333, 0.5625, 0.6145833333333334, 0.5868055555555556, 0.625, 0.5]",0.5570266543994113,0.0935418414722593,"[0.6349808288250434, 0.4709677419354839, 0.5880797037559513, 0.5693218066663585, 0.4447391688770999, 0.4167843009261148, 0.6900000000000001, 0.4870447560102733, 0.6145181476846057, 0.54020507285483, 0.4383487686365713, 0.4567636673566298, 0.5912933980931823, 0.7009954751131222, 0.7049845054887337, 0.385652383245065, 0.6255952380952381, 0.5299874078071596, 0.5980676328502416, 0.6045056320400499, 0.5552760307477288, 0.4268344658437538, 0.5971246439712464, 0.6583574879227053, 0.5952380952380953]",0.5034722222222222,0.09901415741873261,"[0.3854166666666666, 0.5763888888888888, 0.6388888888888888, 0.4270833333333333, 0.3576388888888889, 0.4618055555555556, 0.5902777777777778, 0.4965277777777778, 0.3993055555555556, 0.4097222222222222, 0.4131944444444444, 0.6284722222222222, 0.5833333333333333, 0.4340277777777778, 0.6284722222222222, 0.5069444444444444, 0.6041666666666666, 0.375, 0.4166666666666666, 0.3645833333333333, 0.5625, 0.6145833333333333, 0.5868055555555556, 0.625, 0.5]","{'finalestimator__estimator_name': ['SVC'], 'transfercomponentanalysisadapter__kernel': ['rbf'], 'transfercomponentanalysisadapter__mu': [10, 100], 'transfercomponentanalysisadapter__n_components': [1, 2, 5, 10, 20, 50, 100]}"
Simulated,target_shift,TSL,deep_embedded_validation,Subspace,0.8504999999999999,0.04062179474534988,"[0.79375, 0.85625, 0.88125, 0.85625, 0.8375, 0.85, 0.90625, 0.825, 0.84375, 0.8375, 0.85, 0.85625, 0.8375, 0.81875, 0.75, 0.84375, 0.7875, 0.84375, 0.8625, 0.83125, 0.9125, 0.90625, 0.93125, 0.89375, 0.85]",0.8813888888888889,0.036865015736983836,"[0.8298611111111112, 0.8090277777777778, 0.90625, 0.8368055555555556, 0.8819444444444444, 0.8888888888888888, 0.9479166666666669, 0.875, 0.9131944444444444, 0.8819444444444444, 0.9166666666666669, 0.8923611111111112, 0.9097222222222222, 0.8993055555555556, 0.8333333333333333, 0.8576388888888888, 0.8541666666666667, 0.9131944444444444, 0.8402777777777778, 0.8784722222222222, 0.9236111111111112, 0.8923611111111112, 0.8784722222222222, 0.9409722222222222, 0.8333333333333333]",0.8745684273119078,0.030786062208421606,"[0.8312298246724475, 0.8752396539630581, 0.8981248587996082, 0.8766774606521576, 0.864935064935065, 0.8743525480367585, 0.9186345569324292, 0.8555409318241644, 0.8705890200787139, 0.864935064935065, 0.8753246753246753, 0.8790756836972651, 0.8658594366938667, 0.8516868156212419, 0.7988571428571428, 0.868560525757897, 0.82734375, 0.8705890200787139, 0.8813725490196077, 0.8602361416850111, 0.9225296442687746, 0.9163798169759044, 0.9352879381147932, 0.908848557873334, 0.8719999999999999]",0.8813888888888889,0.03686501573698383,"[0.8298611111111112, 0.8090277777777778, 0.90625, 0.8368055555555557, 0.8819444444444444, 0.8888888888888888, 0.9479166666666669, 0.875, 0.9131944444444444, 0.8819444444444444, 0.9166666666666669, 0.8923611111111112, 0.9097222222222222, 0.8993055555555556, 0.8333333333333334, 0.8576388888888888, 0.8541666666666667, 0.9131944444444444, 0.8402777777777778, 0.8784722222222222, 0.9236111111111112, 0.8923611111111112, 0.8784722222222222, 0.9409722222222222, 0.8333333333333333]","{'finalestimator__estimator_name': ['SVC'], 'transfersubspacelearningadapter__base_method': ['flda'], 'transfersubspacelearningadapter__length_scale': [2], 'transfersubspacelearningadapter__max_iter': [300], 'transfersubspacelearningadapter__mu': [0.1, 1, 10], 'transfersubspacelearningadapter__n_components': [1, 2, 5, 10, 20, 50, 100], 'transfersubspacelearningadapter__reg': [0.0001], 'transfersubspacelearningadapter__tol': [0.0001]}"
Simulated,concept_drift,CORAL,importance_weighted,Mapping,0.6635,0.0295187087567642,"[0.63125, 0.64375, 0.7, 0.65, 0.6625, 0.69375, 0.69375, 0.71875, 0.63125, 0.7, 0.60625, 0.7, 0.65, 0.66875, 0.68125, 0.6625, 0.625, 0.65625, 0.65, 0.69375, 0.6625, 0.6125, 0.65, 0.66875, 0.675]",0.6635,0.029518708756764208,"[0.63125, 0.64375, 0.7, 0.65, 0.6625000000000001, 0.69375, 0.69375, 0.71875, 0.63125, 0.7, 0.60625, 0.7, 0.65, 0.66875, 0.68125, 0.6625, 0.625, 0.65625, 0.65, 0.69375, 0.6625, 0.6125, 0.65, 0.66875, 0.675]",0.6258118382491888,0.039308370751956756,"[0.5818383167220377, 0.5960132890365448, 0.6754563894523326, 0.6011396011396011, 0.6226415094339622, 0.6620543988965041, 0.6699086354258769, 0.6968548692686625, 0.5818383167220377, 0.6729688298415943, 0.5534883720930233, 0.6799999999999999, 0.6050079351084465, 0.6312883168833427, 0.6511478773887391, 0.6291208791208792, 0.5767942161876213, 0.6173746684638463, 0.6121212121212121, 0.6674443266171792, 0.625974025974026, 0.5584045584045583, 0.6086652690426275, 0.6279233030582247, 0.6398268398268397]",0.6635,0.02951870875676423,"[0.63125, 0.64375, 0.7000000000000001, 0.65, 0.6625, 0.69375, 0.69375, 0.71875, 0.63125, 0.7000000000000001, 0.60625, 0.7, 0.65, 0.6687500000000001, 0.68125, 0.6625000000000001, 0.625, 0.65625, 0.65, 0.69375, 0.6625000000000001, 0.6124999999999999, 0.6499999999999999, 0.66875, 0.6750000000000002]","{'coraladapter__reg': ['auto'], 'finalestimator__estimator_name': ['SVC']}"
Simulated,concept_drift,DASVM,importance_weighted,Other,0.6475,0.028298078556679408,"[0.64375, 0.6375, 0.7, 0.6, 0.64375, 0.6625, 0.6875, 0.7125, 0.6625, 0.675, 0.61875, 0.63125, 0.6375, 0.60625, 0.66875, 0.6125, 0.63125, 0.64375, 0.65625, 0.6375, 0.675, 0.61875, 0.65625, 0.63125, 0.6375]",0.6475,0.028298078556679415,"[0.64375, 0.6375, 0.7, 0.6, 0.64375, 0.6625000000000001, 0.6875, 0.7125, 0.6625, 0.675, 0.6187499999999999, 0.63125, 0.6375, 0.6062500000000001, 0.66875, 0.6125, 0.63125, 0.64375, 0.65625, 0.6375, 0.675, 0.61875, 0.65625, 0.63125, 0.6375]",0.6036535108170613,0.03974019861494921,"[0.5998420429116756, 0.586894586894587, 0.6729688298415943, 0.5293252436109579, 0.5960132890365448, 0.6226415094339622, 0.6643732169827152, 0.6889790398918187, 0.6291208791208792, 0.6428571428571429, 0.5717607827651265, 0.5895473716248533, 0.586894586894587, 0.5392842451665981, 0.6344670028880556, 0.5584045584045583, 0.5818383167220377, 0.5998420429116756, 0.6173746684638463, 0.5909010756480338, 0.6428571428571429, 0.5676633444075304, 0.6173746684638463, 0.5732175957321759, 0.586894586894587]",0.6475,0.0282980785566794,"[0.6437499999999999, 0.6375000000000001, 0.7000000000000001, 0.6, 0.64375, 0.6625, 0.6875, 0.7125, 0.6625000000000001, 0.6749999999999999, 0.61875, 0.63125, 0.6375000000000001, 0.6062500000000002, 0.66875, 0.6124999999999999, 0.63125, 0.6437499999999999, 0.65625, 0.6375000000000001, 0.6749999999999999, 0.6187499999999999, 0.65625, 0.63125, 0.6375000000000001]","{'dasvmclassifier__base_estimator__estimator_name': ['SVC'], 'dasvmclassifier__max_iter': [200]}"
Simulated,concept_drift,JDOT,importance_weighted,Other,0.81575,0.03385592944128598,"[0.76875, 0.7875, 0.8375, 0.8, 0.83125, 0.825, 0.80625, 0.85, 0.83125, 0.83125, 0.83125, 0.78125, 0.8375, 0.925, 0.81875, 0.79375, 0.78125, 0.8, 0.7875, 0.80625, 0.85, 0.76875, 0.78125, 0.83125, 0.83125]",0.81575,0.033855929441285966,"[0.76875, 0.7875000000000001, 0.8375, 0.8, 0.83125, 0.825, 0.8062499999999999, 0.85, 0.83125, 0.83125, 0.83125, 0.78125, 0.8375, 0.925, 0.81875, 0.79375, 0.78125, 0.8, 0.7875, 0.8062499999999999, 0.85, 0.76875, 0.78125, 0.83125, 0.83125]",0.8154740951061052,0.03402452914799192,"[0.7687409664440018, 0.7869674185463659, 0.8372711625723674, 0.7994987468671679, 0.8312434079456228, 0.825, 0.8061818608104412, 0.85, 0.8311906529639327, 0.8312434079456228, 0.8311906529639327, 0.7802111542839201, 0.8375, 0.9249882794186592, 0.8181746933657275, 0.7923793794974637, 0.7811730686569497, 0.7988686360779385, 0.7875, 0.8058784392000312, 0.849906191369606, 0.7680159880873074, 0.7812414547443259, 0.8312434079456228, 0.8312434079456228]",0.81575,0.03385592944128595,"[0.76875, 0.7875000000000001, 0.8375, 0.8, 0.8312499999999999, 0.825, 0.8062499999999999, 0.85, 0.8312499999999999, 0.8312499999999999, 0.83125, 0.7812500000000001, 0.8374999999999999, 0.925, 0.81875, 0.79375, 0.78125, 0.8, 0.7875, 0.80625, 0.85, 0.7687499999999999, 0.78125, 0.8312499999999999, 0.8312499999999999]","{'jdotclassifier__alpha': [0.1, 0.3, 0.5, 0.7, 0.9], 'jdotclassifier__base_estimator__estimator_name': ['SVC'], 'jdotclassifier__n_iter_max': [100], 'jdotclassifier__thr_weights': [1e-07], 'jdotclassifier__tol': [1e-06]}"
Simulated,concept_drift,KLIEP,importance_weighted,Reweighting,0.6559999999999999,0.02443901849502143,"[0.61875, 0.65, 0.6875, 0.65, 0.66875, 0.65625, 0.69375, 0.69375, 0.64375, 0.6625, 0.6125, 0.64375, 0.63125, 0.68125, 0.675, 0.6625, 0.65, 0.65625, 0.66875, 0.68125, 0.6625, 0.59375, 0.65, 0.6625, 0.64375]",0.6560000000000001,0.02443901849502143,"[0.61875, 0.65, 0.6875, 0.65, 0.66875, 0.65625, 0.69375, 0.6937500000000001, 0.64375, 0.6625000000000001, 0.6125, 0.64375, 0.6312500000000001, 0.68125, 0.675, 0.6625, 0.65, 0.65625, 0.66875, 0.68125, 0.6625, 0.59375, 0.65, 0.6625, 0.64375]",0.6158924976835835,0.033899913032170714,"[0.563330499753926, 0.6050079351084465, 0.6643732169827152, 0.6050079351084465, 0.6312883168833427, 0.6101882613510521, 0.6699086354258769, 0.6648283527852593, 0.6034610200443498, 0.6226415094339622, 0.5584045584045583, 0.6101064511991792, 0.5776475325488792, 0.6482607008922798, 0.6428571428571429, 0.6291208791208792, 0.6086652690426275, 0.6206733048838312, 0.6344670028880556, 0.6511478773887391, 0.625974025974026, 0.5298159952981599, 0.6050079351084465, 0.6191147945688591, 0.5960132890365448]",0.6559999999999999,0.02443901849502143,"[0.61875, 0.65, 0.6875, 0.65, 0.6687500000000001, 0.65625, 0.69375, 0.69375, 0.64375, 0.6625, 0.6124999999999999, 0.64375, 0.63125, 0.68125, 0.6749999999999999, 0.6625000000000001, 0.6499999999999999, 0.6562500000000001, 0.66875, 0.68125, 0.6625000000000001, 0.5937500000000001, 0.65, 0.6625, 0.64375]","{'finalestimator__estimator_name': ['SVC'], 'kliepreweightadapter__cv': [5], 'kliepreweightadapter__gamma': [0.0001, 0.001, 0.01, 0.1, 1.0, 10.0, 100.0, 1000.0, 'auto', 'scale'], 'kliepreweightadapter__max_iter': [1000], 'kliepreweightadapter__n_centers': [100], 'kliepreweightadapter__random_state': [0], 'kliepreweightadapter__tol': [1e-06]}"
Simulated,concept_drift,KMM,importance_weighted,Reweighting,0.65625,0.029425931024636538,"[0.65625, 0.625, 0.70625, 0.625, 0.675, 0.63125, 0.65625, 0.7125, 0.64375, 0.63125, 0.625, 0.675, 0.63125, 0.66875, 0.68125, 0.68125, 0.6125, 0.65625, 0.6625, 0.675, 0.7125, 0.6125, 0.6375, 0.66875, 0.64375]",0.65625,0.02942593102463653,"[0.65625, 0.625, 0.70625, 0.625, 0.675, 0.63125, 0.65625, 0.7125, 0.64375, 0.6312500000000001, 0.625, 0.675, 0.6312500000000001, 0.66875, 0.68125, 0.68125, 0.6125, 0.65625, 0.6625000000000001, 0.675, 0.7125, 0.6125, 0.6375, 0.66875, 0.64375]",0.6158316509917491,0.04105969537536372,"[0.6173746684638463, 0.5682676740420939, 0.6856055855177892, 0.5636363636363637, 0.6398268398268397, 0.5732175957321759, 0.6237869265956992, 0.6865951285981945, 0.5998420429116756, 0.5776475325488792, 0.5844155844155845, 0.6484110885733604, 0.5776475325488792, 0.6312883168833427, 0.6482607008922798, 0.6538706256627783, 0.5538765965101637, 0.6173746684638463, 0.6375230743413324, 0.6428571428571429, 0.6912233596240981, 0.5584045584045583, 0.5909010756480338, 0.6279233030582247, 0.5960132890365448]",0.65625,0.029425931024636517,"[0.65625, 0.625, 0.7062499999999999, 0.625, 0.6750000000000002, 0.63125, 0.65625, 0.7125, 0.6437499999999999, 0.63125, 0.625, 0.6749999999999999, 0.63125, 0.6687500000000001, 0.68125, 0.6812499999999999, 0.6125, 0.65625, 0.6625, 0.6749999999999999, 0.7124999999999999, 0.6124999999999999, 0.6375000000000001, 0.66875, 0.64375]","{'finalestimator__estimator_name': ['SVC'], 'kmmreweightadapter__B': [1000.0], 'kmmreweightadapter__gamma': [0.0001, 0.001, 0.01, 0.1, 1.0, 10.0, 100.0, 1000.0, None], 'kmmreweightadapter__max_iter': [1000], 'kmmreweightadapter__smooth_weights': [False], 'kmmreweightadapter__tol': [1e-06]}"
Simulated,concept_drift,MMD-LS,importance_weighted,Mapping,0.8055,0.04079770980091899,"[0.775, 0.8, 0.8375, 0.8, 0.6875, 0.79375, 0.775, 0.84375, 0.84375, 0.825, 0.8375, 0.79375, 0.79375, 0.90625, 0.80625, 0.80625, 0.79375, 0.79375, 0.78125, 0.81875, 0.84375, 0.75625, 0.7625, 0.8375, 0.825]",0.8055,0.04079770980091898,"[0.7749999999999999, 0.8, 0.8374999999999999, 0.8, 0.6875, 0.79375, 0.775, 0.84375, 0.84375, 0.825, 0.8375, 0.79375, 0.79375, 0.90625, 0.80625, 0.80625, 0.79375, 0.79375, 0.78125, 0.8187500000000001, 0.84375, 0.7562500000000001, 0.7625, 0.8375, 0.825]",0.8036768164605225,0.045060438957113196,"[0.7749648382559775, 0.7994987468671679, 0.837092731829574, 0.7997183539352214, 0.6565934065934066, 0.7919211822660098, 0.7698209718670077, 0.8436950490406783, 0.8436950490406783, 0.8248905565978737, 0.8375, 0.7935483870967742, 0.7919211822660098, 0.906217029424407, 0.806060606060606, 0.805329879508615, 0.7937419430446502, 0.7927705168962675, 0.7812414547443259, 0.818686256887187, 0.843743896245947, 0.7546301757697298, 0.7621655452980753, 0.8375, 0.8249726519768714]",0.8055,0.04079770980091897,"[0.775, 0.8, 0.8374999999999999, 0.7999999999999999, 0.6875, 0.79375, 0.775, 0.8437500000000001, 0.8437500000000001, 0.825, 0.8374999999999999, 0.79375, 0.79375, 0.90625, 0.80625, 0.80625, 0.79375, 0.7937500000000001, 0.78125, 0.81875, 0.8437500000000001, 0.75625, 0.7625000000000001, 0.8374999999999999, 0.8250000000000001]","{'finalestimator__estimator_name': ['SVC'], 'mmdlsconsmappingadapter__gamma': [0.1, 1, 10], 'mmdlsconsmappingadapter__max_iter': [100], 'mmdlsconsmappingadapter__reg_k': [1e-10, 1e-08], 'mmdlsconsmappingadapter__reg_m': [1e-10, 1e-08], 'mmdlsconsmappingadapter__tol': [1e-05]}"
Simulated,concept_drift,Train Src,importance_weighted,NO DA,0.66175,0.0238211653087473,"[0.6625, 0.65625, 0.7, 0.65, 0.66875, 0.6625, 0.7, 0.69375, 0.65625, 0.66875, 0.6125, 0.64375, 0.63125, 0.68125, 0.675, 0.69375, 0.65, 0.65625, 0.66875, 0.68125, 0.6625, 0.6125, 0.6375, 0.675, 0.64375]",0.66175,0.023821165308747297,"[0.6625, 0.65625, 0.7, 0.65, 0.66875, 0.6625000000000001, 0.7, 0.6937500000000001, 0.65625, 0.66875, 0.6125, 0.64375, 0.6312500000000001, 0.68125, 0.675, 0.69375, 0.65, 0.65625, 0.66875, 0.68125, 0.6625, 0.6125, 0.6375, 0.675, 0.64375]",0.624267149182694,0.0325497333707863,"[0.625974025974026, 0.6173746684638463, 0.6777982883034066, 0.6050079351084465, 0.6312883168833427, 0.6226415094339622, 0.6799999999999999, 0.6648283527852593, 0.6206733048838312, 0.6312883168833427, 0.5626873567272086, 0.6101064511991792, 0.5776475325488792, 0.6482607008922798, 0.6428571428571429, 0.6699086354258769, 0.6086652690426275, 0.6206733048838312, 0.6344670028880556, 0.6511478773887391, 0.625974025974026, 0.5538765965101637, 0.5909010756480338, 0.636617749825297, 0.5960132890365448]",0.66175,0.023821165308747314,"[0.6625000000000001, 0.65625, 0.7, 0.65, 0.6687500000000001, 0.6625, 0.7, 0.69375, 0.6562500000000001, 0.6687500000000001, 0.6124999999999999, 0.64375, 0.63125, 0.68125, 0.6749999999999999, 0.69375, 0.6499999999999999, 0.6562500000000001, 0.66875, 0.68125, 0.6625000000000001, 0.6125, 0.6375000000000001, 0.675, 0.64375]",{'finalestimator__estimator_name': ['SVC']}
Simulated,concept_drift,NO_DA_SOURCE_ONLY_BASE_ESTIM,importance_weighted,Unknown,,,"[NaN, NaN, NaN, NaN, NaN, NaN, NaN, NaN, NaN, NaN, NaN, NaN, NaN, NaN, NaN, NaN, NaN, NaN, NaN, NaN, NaN, NaN, NaN, NaN, NaN]",,,"[NaN, NaN, NaN, NaN, NaN, NaN, NaN, NaN, NaN, NaN, NaN, NaN, NaN, NaN, NaN, NaN, NaN, NaN, NaN, NaN, NaN, NaN, NaN, NaN, NaN]",,,"[NaN, NaN, NaN, NaN, NaN, NaN, NaN, NaN, NaN, NaN, NaN, NaN, NaN, NaN, NaN, NaN, NaN, NaN, NaN, NaN, NaN, NaN, NaN, NaN, NaN]",,,"[NaN, NaN, NaN, NaN, NaN, NaN, NaN, NaN, NaN, NaN, NaN, NaN, NaN, NaN, NaN, NaN, NaN, NaN, NaN, NaN, NaN, NaN, NaN, NaN, NaN]",{'finalestimator__estimator_name': ['SVC']}
Simulated,concept_drift,Train Tgt,importance_weighted,NO DA,0.8170000000000001,0.026853188823676044,"[0.78125, 0.8, 0.83125, 0.8125, 0.81875, 0.81875, 0.8125, 0.8625, 0.825, 0.84375, 0.825, 0.775, 0.8125, 0.8875, 0.83125, 0.8125, 0.79375, 0.7875, 0.78125, 0.80625, 0.84375, 0.7875, 0.8, 0.83125, 0.84375]",0.8170000000000001,0.026853188823676037,"[0.78125, 0.8, 0.83125, 0.8125, 0.8187500000000001, 0.81875, 0.8125, 0.8625, 0.825, 0.84375, 0.825, 0.7749999999999999, 0.8125, 0.8875, 0.83125, 0.8125, 0.79375, 0.7875000000000001, 0.78125, 0.80625, 0.84375, 0.7875, 0.8, 0.83125, 0.84375]",0.8165039371484406,0.02705591986401915,"[0.7805556644069125, 0.7979797979797979, 0.8304486047333098, 0.8100965342617503, 0.8184024108645452, 0.8187429196452987, 0.8124706985466478, 0.8624140087554721, 0.8249726519768714, 0.8436950490406783, 0.8249726519768714, 0.7737272155876808, 0.81203007518797, 0.8874296435272045, 0.8304486047333098, 0.8114393463230674, 0.7937419430446502, 0.7862979258328096, 0.7812414547443259, 0.806060606060606, 0.8432540460049376, 0.7873671044402751, 0.7998749218261413, 0.8311906529639327, 0.843743896245947]",0.8170000000000001,0.026853188823676065,"[0.78125, 0.7999999999999999, 0.8312499999999998, 0.8125, 0.8187500000000001, 0.8187499999999999, 0.8125, 0.8625, 0.825, 0.84375, 0.825, 0.7749999999999999, 0.8125, 0.8875000000000001, 0.8312499999999998, 0.8125, 0.79375, 0.7875000000000001, 0.78125, 0.80625, 0.8437499999999999, 0.7874999999999999, 0.7999999999999999, 0.83125, 0.84375]",{'finalestimator__estimator_name': ['SVC']}
Simulated,concept_drift,OTLabelProp,importance_weighted,Other,0.7295,0.03646666571450333,"[0.7125, 0.725, 0.80625, 0.68125, 0.76875, 0.74375, 0.7375, 0.7375, 0.68125, 0.7375, 0.70625, 0.7375, 0.675, 0.7625, 0.75, 0.79375, 0.69375, 0.73125, 0.6625, 0.74375, 0.75625, 0.68125, 0.7375, 0.75625, 0.71875]",0.7295,0.03646666571450332,"[0.7124999999999999, 0.725, 0.8062499999999999, 0.68125, 0.76875, 0.7437499999999999, 0.7375, 0.7375, 0.68125, 0.7375, 0.70625, 0.7375, 0.675, 0.7625, 0.75, 0.79375, 0.6937500000000001, 0.73125, 0.6625, 0.74375, 0.75625, 0.68125, 0.7375, 0.7562500000000001, 0.71875]",0.7227720360025098,0.0395435357385067,"[0.7069597069597069, 0.7222222222222222, 0.8058784392000312, 0.6756627846893756, 0.7654423709338722, 0.7323650605850436, 0.7279352226720648, 0.7250859106529208, 0.6611154948295195, 0.731457800511509, 0.6988988988988989, 0.7368421052631579, 0.6647324306898775, 0.7570332480818415, 0.7467953790156671, 0.7923793794974637, 0.6847734309034619, 0.7288669950738916, 0.6518375241779497, 0.7414778325123152, 0.7519774235859931, 0.6688177279922074, 0.7324414715719063, 0.7491053837803063, 0.7091966557615412]",0.7295,0.036466665714503306,"[0.7124999999999999, 0.725, 0.8062499999999999, 0.68125, 0.7687499999999999, 0.74375, 0.7375, 0.7374999999999999, 0.68125, 0.7374999999999999, 0.70625, 0.7374999999999999, 0.6749999999999999, 0.7625000000000001, 0.75, 0.79375, 0.69375, 0.73125, 0.6625000000000001, 0.74375, 0.75625, 0.68125, 0.7375, 0.75625, 0.71875]","{'finalestimator__estimator_name': ['SVC'], 'otlabelpropadapter__metric': ['sqeuclidean', 'cosine', 'cityblock'], 'otlabelpropadapter__reg': [None, 0.1, 1.0]}"
Simulated,concept_drift,JPCA,importance_weighted,Subspace,0.66175,0.0238211653087473,"[0.6625, 0.65625, 0.7, 0.65, 0.66875, 0.6625, 0.7, 0.69375, 0.65625, 0.66875, 0.6125, 0.64375, 0.63125, 0.68125, 0.675, 0.69375, 0.65, 0.65625, 0.66875, 0.68125, 0.6625, 0.6125, 0.6375, 0.675, 0.64375]",0.66175,0.023821165308747297,"[0.6625, 0.65625, 0.7, 0.65, 0.66875, 0.6625000000000001, 0.7, 0.6937500000000001, 0.65625, 0.66875, 0.6125, 0.64375, 0.6312500000000001, 0.68125, 0.675, 0.69375, 0.65, 0.65625, 0.66875, 0.68125, 0.6625, 0.6125, 0.6375, 0.675, 0.64375]",0.624267149182694,0.0325497333707863,"[0.625974025974026, 0.6173746684638463, 0.6777982883034066, 0.6050079351084465, 0.6312883168833427, 0.6226415094339622, 0.6799999999999999, 0.6648283527852593, 0.6206733048838312, 0.6312883168833427, 0.5626873567272086, 0.6101064511991792, 0.5776475325488792, 0.6482607008922798, 0.6428571428571429, 0.6699086354258769, 0.6086652690426275, 0.6206733048838312, 0.6344670028880556, 0.6511478773887391, 0.625974025974026, 0.5538765965101637, 0.5909010756480338, 0.636617749825297, 0.5960132890365448]",0.66175,0.023821165308747314,"[0.6625000000000001, 0.65625, 0.7, 0.65, 0.6687500000000001, 0.6625, 0.7, 0.69375, 0.6562500000000001, 0.6687500000000001, 0.6124999999999999, 0.64375, 0.63125, 0.68125, 0.6749999999999999, 0.69375, 0.6499999999999999, 0.6562500000000001, 0.66875, 0.68125, 0.6625000000000001, 0.6125, 0.6375000000000001, 0.675, 0.64375]","{'finalestimator__estimator_name': ['SVC'], 'pca__n_components': [1, 2, 5, 10, 20, 50, 100]}"
Simulated,concept_drift,MMDTarS,importance_weighted,Reweighting,0.6425,0.031197873191399862,"[0.61875, 0.6125, 0.7, 0.65, 0.65, 0.65, 0.6625, 0.70625, 0.63125, 0.6625, 0.6125, 0.64375, 0.61875, 0.675, 0.66875, 0.6125, 0.60625, 0.65, 0.66875, 0.68125, 0.6, 0.5875, 0.6375, 0.6125, 0.64375]",0.6425,0.031197873191399862,"[0.61875, 0.6125, 0.7, 0.65, 0.65, 0.65, 0.6625, 0.70625, 0.63125, 0.6625, 0.6125, 0.64375, 0.61875, 0.675, 0.66875, 0.6125, 0.60625, 0.65, 0.66875, 0.68125, 0.6, 0.5875, 0.6375, 0.6125, 0.64375]",0.5954507524930646,0.044861343852585514,"[0.563330499753926, 0.5490909090909091, 0.6754563894523326, 0.6050079351084465, 0.6050079351084465, 0.6011396011396011, 0.6320899335717935, 0.6810180275715801, 0.5818383167220377, 0.6191147945688591, 0.5584045584045583, 0.606879606879607, 0.558750395587504, 0.6398268398268397, 0.6344670028880556, 0.5584045584045583, 0.544283195442832, 0.6121212121212121, 0.6344670028880556, 0.6511478773887391, 0.5345454545454545, 0.5089285714285714, 0.5909010756480338, 0.5440338297481154, 0.5960132890365448]",0.6425,0.031197873191399886,"[0.61875, 0.6125, 0.7000000000000001, 0.65, 0.65, 0.65, 0.6625, 0.70625, 0.63125, 0.6625, 0.6124999999999999, 0.6437499999999999, 0.61875, 0.6750000000000002, 0.66875, 0.6124999999999999, 0.60625, 0.65, 0.66875, 0.68125, 0.6, 0.5875, 0.6375000000000001, 0.6125, 0.64375]","{'finalestimator__estimator_name': ['SVC'], 'mmdtarsreweightadapter__gamma': [0.0001, 0.001, 0.01, 0.1, 1.0, 10.0, 100.0, 1000.0, None], 'mmdtarsreweightadapter__max_iter': [1000], 'mmdtarsreweightadapter__reg': [1e-06], 'mmdtarsreweightadapter__tol': [1e-06]}"
Simulated,concept_drift,ClassRegOT,importance_weighted,Mapping,0.8145,0.03330337195140055,"[0.76875, 0.7625, 0.83125, 0.80625, 0.8375, 0.83125, 0.8125, 0.84375, 0.83125, 0.825, 0.8375, 0.775, 0.83125, 0.90625, 0.81875, 0.80625, 0.775, 0.8, 0.7875, 0.8, 0.85, 0.7625, 0.7875, 0.84375, 0.83125]",0.8145,0.03330337195140054,"[0.76875, 0.7625, 0.83125, 0.80625, 0.8375, 0.83125, 0.8125, 0.84375, 0.83125, 0.825, 0.8374999999999999, 0.7749999999999999, 0.83125, 0.90625, 0.81875, 0.80625, 0.775, 0.8, 0.7875000000000001, 0.8, 0.85, 0.7625, 0.7875, 0.84375, 0.83125]",0.8142980936314858,0.03341502229440919,"[0.7687409664440018, 0.7623514696685428, 0.8310850439882698, 0.806060606060606, 0.8375, 0.8312434079456228, 0.8124706985466478, 0.843743896245947, 0.8309263825290595, 0.825, 0.8374746054070948, 0.7744360902255639, 0.8311906529639327, 0.9062463377475684, 0.8181746933657275, 0.8056350170461226, 0.775, 0.7988686360779385, 0.7874667916862009, 0.7998749218261413, 0.849906191369606, 0.7615686274509803, 0.7875, 0.843743896245947, 0.8312434079456228]",0.8145,0.03330337195140054,"[0.76875, 0.7625000000000001, 0.8312500000000002, 0.80625, 0.8374999999999999, 0.8312499999999999, 0.8124999999999999, 0.84375, 0.83125, 0.825, 0.8374999999999999, 0.7749999999999999, 0.8312499999999999, 0.90625, 0.81875, 0.80625, 0.7749999999999999, 0.8, 0.7875, 0.7999999999999999, 0.85, 0.7625, 0.7875, 0.84375, 0.8312499999999999]","[{'classregularizerotmappingadapter__max_inner_iter': [1000], 'classregularizerotmappingadapter__max_iter': [10], 'classregularizerotmappingadapter__metric': ['sqeuclidean', 'cosine', 'cityblock'], 'classregularizerotmappingadapter__norm': ['lpl1'], 'classregularizerotmappingadapter__reg_cl': [0.1], 'classregularizerotmappingadapter__reg_e': [0.1], 'classregularizerotmappingadapter__tol': [1e-06], 'finalestimator__estimator_name': ['SVC']}, {'classregularizerotmappingadapter__max_inner_iter': [1000], 'classregularizerotmappingadapter__max_iter': [10], 'classregularizerotmappingadapter__metric': ['sqeuclidean', 'cosine', 'cityblock'], 'classregularizerotmappingadapter__norm': ['lpl1'], 'classregularizerotmappingadapter__reg_cl': [0.5], 'classregularizerotmappingadapter__reg_e': [0.5], 'classregularizerotmappingadapter__tol': [1e-06], 'finalestimator__estimator_name': ['SVC']}, {'classregularizerotmappingadapter__max_inner_iter': [1000], 'classregularizerotmappingadapter__max_iter': [10], 'classregularizerotmappingadapter__metric': ['sqeuclidean', 'cosine', 'cityblock'], 'classregularizerotmappingadapter__norm': ['lpl1'], 'classregularizerotmappingadapter__reg_cl': [1.0], 'classregularizerotmappingadapter__reg_e': [1.0], 'classregularizerotmappingadapter__tol': [1e-06], 'finalestimator__estimator_name': ['SVC']}]"
Simulated,concept_drift,Dens. RW,importance_weighted,Reweighting,0.657,0.024627432197991465,"[0.6625, 0.65625, 0.7, 0.64375, 0.66875, 0.6625, 0.68125, 0.6875, 0.6375, 0.6625, 0.6125, 0.64375, 0.61875, 0.68125, 0.675, 0.66875, 0.61875, 0.65625, 0.66875, 0.68125, 0.6625, 0.60625, 0.64375, 0.68125, 0.64375]",0.657,0.02462743219799146,"[0.6625, 0.65625, 0.7, 0.64375, 0.66875, 0.6625, 0.6812499999999999, 0.6875, 0.6375, 0.6625000000000001, 0.6125, 0.64375, 0.61875, 0.68125, 0.675, 0.66875, 0.61875, 0.65625, 0.66875, 0.68125, 0.6625, 0.60625, 0.64375, 0.68125, 0.64375]",0.6172349578821358,0.034415043076095095,"[0.625974025974026, 0.6173746684638463, 0.6777982883034066, 0.5960132890365448, 0.6312883168833427, 0.6191147945688591, 0.656435518504484, 0.6565934065934066, 0.5946890286512928, 0.6226415094339622, 0.5584045584045583, 0.6101064511991792, 0.558750395587504, 0.6482607008922798, 0.6428571428571429, 0.6374674019922193, 0.563330499753926, 0.6206733048838312, 0.6344670028880556, 0.6511478773887391, 0.625974025974026, 0.544283195442832, 0.5960132890365448, 0.6452019653028392, 0.5960132890365448]",0.657,0.024627432197991465,"[0.6625000000000001, 0.65625, 0.7, 0.64375, 0.6687500000000001, 0.6625, 0.6812499999999999, 0.6875, 0.6375000000000001, 0.6625, 0.6124999999999999, 0.64375, 0.61875, 0.68125, 0.6749999999999999, 0.6687500000000001, 0.61875, 0.6562500000000001, 0.66875, 0.68125, 0.6625000000000001, 0.60625, 0.64375, 0.68125, 0.64375]","{'densityreweightadapter__weight_estimator__bandwidth': [0.01, 0.1, 1.0, 10.0, 100.0, 'scott', 'silverman'], 'finalestimator__estimator_name': ['SVC']}"
Simulated,concept_drift,Disc. RW,importance_weighted,Reweighting,0.6875,0.032021721143623734,"[0.75625, 0.66875, 0.725, 0.65625, 0.675, 0.7125, 0.725, 0.725, 0.675, 0.68125, 0.625, 0.69375, 0.65625, 0.7125, 0.7, 0.73125, 0.7125, 0.6625, 0.69375, 0.6875, 0.675, 0.65, 0.6375, 0.68125, 0.66875]",0.6875,0.032021721143623755,"[0.7562500000000001, 0.66875, 0.725, 0.65625, 0.675, 0.7125, 0.725, 0.725, 0.675, 0.68125, 0.625, 0.69375, 0.65625, 0.7125, 0.7, 0.73125, 0.7125, 0.6625, 0.69375, 0.6875, 0.675, 0.65, 0.6375, 0.68125, 0.66875]",0.6597978906896995,0.04178268260277525,"[0.7491053837803063, 0.6344670028880556, 0.7085610200364298, 0.6138826729849501, 0.6398268398268397, 0.6889790398918187, 0.7103357472021067, 0.7066666666666667, 0.6457162323283938, 0.6482607008922798, 0.5879120879120879, 0.6744050832675775, 0.6173746684638463, 0.6889790398918187, 0.6754563894523326, 0.7160661961949568, 0.6971691902567478, 0.6291208791208792, 0.6783589743589744, 0.6619337390128466, 0.6428571428571429, 0.6121212121212121, 0.5909010756480338, 0.6452019653028392, 0.6312883168833427]",0.6875,0.03202172114362373,"[0.75625, 0.66875, 0.7250000000000001, 0.65625, 0.6750000000000002, 0.7125, 0.7249999999999999, 0.7250000000000001, 0.675, 0.68125, 0.625, 0.69375, 0.65625, 0.7125, 0.7000000000000001, 0.7312500000000001, 0.7125, 0.6625000000000001, 0.69375, 0.6875, 0.6749999999999999, 0.65, 0.6375000000000001, 0.68125, 0.6687500000000001]","{'discriminatorreweightadapter__domain_classifier__estimator_name': ['LR', 'SVC', 'KNN', 'XGB'], 'finalestimator__estimator_name': ['SVC']}"
Simulated,concept_drift,EntOT,importance_weighted,Mapping,0.80525,0.03959758515364288,"[0.75625, 0.74375, 0.83125, 0.79375, 0.76875, 0.80625, 0.80625, 0.84375, 0.8375, 0.84375, 0.8375, 0.775, 0.8375, 0.91875, 0.80625, 0.79375, 0.75, 0.80625, 0.7875, 0.80625, 0.75, 0.78125, 0.78125, 0.8375, 0.83125]",0.8052499999999999,0.03959758515364288,"[0.75625, 0.7437499999999999, 0.83125, 0.79375, 0.76875, 0.8062499999999999, 0.8062499999999999, 0.84375, 0.8374999999999999, 0.84375, 0.8375, 0.775, 0.8375, 0.91875, 0.80625, 0.79375, 0.75, 0.8062499999999999, 0.7875, 0.80625, 0.75, 0.78125, 0.78125, 0.8374999999999999, 0.83125]",0.8038264759929192,0.041146867378169576,"[0.7560117302052787, 0.7383431055801524, 0.8310850439882698, 0.7930953407265176, 0.7646965300687626, 0.804037770139465, 0.8058784392000312, 0.8435972629521016, 0.8374746054070948, 0.8435972629521016, 0.83739837398374, 0.7746831481771241, 0.8375, 0.9187468260478924, 0.8045320197044334, 0.7923793794974637, 0.7467953790156671, 0.8049624474067084, 0.7873671044402751, 0.806060606060606, 0.7366688610928243, 0.7812414547443259, 0.7811730686569497, 0.837092731829574, 0.8312434079456228]",0.80525,0.03959758515364293,"[0.75625, 0.7437499999999999, 0.8312500000000002, 0.7937500000000001, 0.7687499999999999, 0.8062499999999999, 0.80625, 0.84375, 0.8375, 0.84375, 0.8375000000000001, 0.7750000000000001, 0.8374999999999999, 0.91875, 0.80625, 0.79375, 0.75, 0.80625, 0.7874999999999999, 0.80625, 0.75, 0.78125, 0.78125, 0.8375, 0.8312499999999999]","{'entropicotmappingadapter__max_iter': [1000], 'entropicotmappingadapter__metric': ['sqeuclidean', 'cosine', 'cityblock'], 'entropicotmappingadapter__norm': ['median'], 'entropicotmappingadapter__reg_e': [0.1, 0.5, 1.0], 'entropicotmappingadapter__tol': [1e-06], 'finalestimator__estimator_name': ['SVC']}"
Simulated,concept_drift,Gauss. RW,importance_weighted,Reweighting,0.6495000000000001,0.023930237148845793,"[0.65, 0.64375, 0.7, 0.6375, 0.66875, 0.6625, 0.66875, 0.6875, 0.63125, 0.66875, 0.6125, 0.6375, 0.61875, 0.66875, 0.65625, 0.6625, 0.6375, 0.64375, 0.6625, 0.6625, 0.64375, 0.5875, 0.6375, 0.65625, 0.63125]",0.6495000000000001,0.02393023714884579,"[0.65, 0.64375, 0.7, 0.6375, 0.66875, 0.6625, 0.66875, 0.6875, 0.63125, 0.66875, 0.6125, 0.6375, 0.61875, 0.66875, 0.65625, 0.6625, 0.6375, 0.64375, 0.6625, 0.6625, 0.64375, 0.5875, 0.6375, 0.65625, 0.6312500000000001]",0.6059822316750353,0.033727118172788666,"[0.6086652690426275, 0.5960132890365448, 0.6754563894523326, 0.586894586894587, 0.6312883168833427, 0.6191147945688591, 0.6402969247083774, 0.6565934065934066, 0.5858014128384011, 0.6279233030582247, 0.5584045584045583, 0.5946890286512928, 0.558750395587504, 0.6312883168833427, 0.6173746684638463, 0.6291208791208792, 0.5909010756480338, 0.5998420429116756, 0.625974025974026, 0.625974025974026, 0.5998420429116756, 0.5146166574738003, 0.586894586894587, 0.6101882613510521, 0.5776475325488792]",0.6495000000000001,0.02393023714884583,"[0.6499999999999999, 0.64375, 0.7000000000000001, 0.6375000000000001, 0.6687500000000001, 0.6625, 0.66875, 0.6875, 0.63125, 0.66875, 0.6124999999999999, 0.6375000000000001, 0.61875, 0.6687500000000001, 0.65625, 0.6625000000000001, 0.6375000000000001, 0.6437499999999999, 0.6625000000000001, 0.6625000000000001, 0.6437499999999999, 0.5874999999999999, 0.6375000000000001, 0.65625, 0.63125]","{'finalestimator__estimator_name': ['SVC'], 'gaussianreweightadapter__reg': ['auto', 1e-05, 0.01, 0.5]}"
Simulated,concept_drift,LinOT,importance_weighted,Mapping,0.79325,0.04408059616581123,"[0.7625, 0.775, 0.83125, 0.79375, 0.81875, 0.80625, 0.76875, 0.79375, 0.825, 0.81875, 0.8375, 0.78125, 0.7375, 0.9, 0.84375, 0.80625, 0.75625, 0.7875, 0.75, 0.74375, 0.8375, 0.7375, 0.76875, 0.70625, 0.84375]",0.79325,0.044080596165811226,"[0.7625, 0.775, 0.83125, 0.79375, 0.81875, 0.80625, 0.76875, 0.79375, 0.825, 0.8187500000000001, 0.8374999999999999, 0.78125, 0.7375, 0.9, 0.84375, 0.80625, 0.75625, 0.7875000000000001, 0.75, 0.74375, 0.8374999999999999, 0.7375, 0.76875, 0.70625, 0.84375]",0.7900127961731203,0.048359933499868314,"[0.7625, 0.7732640529050544, 0.8309263825290595, 0.7933544675355172, 0.8181746933657275, 0.8056350170461226, 0.762962962962963, 0.7901347430343019, 0.824313725490196, 0.818686256887187, 0.8374746054070948, 0.7810361681329423, 0.7265625, 0.8999374609130708, 0.8436950490406783, 0.8056350170461226, 0.7501501501501502, 0.7874667916862009, 0.7474747474747474, 0.7308717948717949, 0.8374746054070948, 0.7292069632495164, 0.768668672580204, 0.6810180275715801, 0.8436950490406783]",0.79325,0.04408059616581124,"[0.7625, 0.775, 0.83125, 0.79375, 0.81875, 0.80625, 0.76875, 0.7937500000000002, 0.825, 0.8187500000000001, 0.8374999999999999, 0.78125, 0.7375, 0.9, 0.84375, 0.80625, 0.75625, 0.7875, 0.7499999999999999, 0.74375, 0.8374999999999999, 0.7375, 0.76875, 0.70625, 0.8437500000000001]","{'finalestimator__estimator_name': ['SVC'], 'linearotmappingadapter__bias': [True, False], 'linearotmappingadapter__reg': [1e-08, 1e-06, 0.1, 1, 10]}"
Simulated,concept_drift,NN RW,importance_weighted,Reweighting,0.6659999999999999,0.02507021390016448,"[0.64375, 0.66875, 0.70625, 0.625, 0.69375, 0.675, 0.7, 0.71875, 0.68125, 0.6625, 0.64375, 0.6625, 0.6375, 0.66875, 0.6875, 0.675, 0.65, 0.65, 0.66875, 0.6875, 0.6625, 0.61875, 0.65, 0.675, 0.6375]",0.6659999999999999,0.025070213900164482,"[0.64375, 0.66875, 0.70625, 0.625, 0.6937500000000001, 0.675, 0.7, 0.71875, 0.68125, 0.6625000000000001, 0.64375, 0.6625, 0.6375, 0.66875, 0.6875, 0.675, 0.65, 0.65, 0.66875, 0.6875, 0.6625, 0.61875, 0.65, 0.675, 0.6375]",0.6304182210698943,0.03433533964817409,"[0.5998420429116756, 0.6374674019922193, 0.6856055855177892, 0.5682676740420939, 0.6648283527852593, 0.6398268398268397, 0.6799999999999999, 0.6968548692686625, 0.6538706256627783, 0.6226415094339622, 0.606879606879607, 0.6348884381338742, 0.586894586894587, 0.6312883168833427, 0.6593425310849941, 0.6457162323283938, 0.6086652690426275, 0.6121212121212121, 0.6402969247083774, 0.6593425310849941, 0.625974025974026, 0.5676633444075304, 0.6086652690426275, 0.636617749825297, 0.586894586894587]",0.6659999999999999,0.025070213900164465,"[0.6437499999999999, 0.6687500000000001, 0.7062499999999999, 0.625, 0.69375, 0.6750000000000002, 0.7, 0.71875, 0.6812499999999999, 0.6625, 0.6437499999999999, 0.6625, 0.6375000000000001, 0.6687500000000001, 0.6875, 0.675, 0.6499999999999999, 0.65, 0.66875, 0.6875, 0.6625000000000001, 0.6187499999999999, 0.6499999999999999, 0.675, 0.6375000000000001]","{'finalestimator__estimator_name': ['SVC'], 'nearestneighborreweightadapter__laplace_smoothing': [True, False], 'nearestneighborreweightadapter__n_neighbors': [1]}"
Simulated,concept_drift,MapOT,importance_weighted,Mapping,0.816,0.033805895072703936,"[0.76875, 0.7875, 0.8375, 0.8, 0.83125, 0.825, 0.80625, 0.85, 0.83125, 0.83125, 0.83125, 0.78125, 0.8375, 0.925, 0.81875, 0.79375, 0.78125, 0.8, 0.7875, 0.8125, 0.85, 0.76875, 0.78125, 0.83125, 0.83125]",0.816,0.03380589507270392,"[0.76875, 0.7875000000000001, 0.8375, 0.8, 0.83125, 0.825, 0.8062499999999999, 0.85, 0.83125, 0.83125, 0.83125, 0.78125, 0.8375, 0.925, 0.81875, 0.79375, 0.78125, 0.8, 0.7875, 0.8125, 0.85, 0.76875, 0.78125, 0.83125, 0.83125]",0.8157201605456227,0.0339744493245395,"[0.7687409664440018, 0.7869674185463659, 0.8372711625723674, 0.7994987468671679, 0.8312434079456228, 0.825, 0.8061818608104412, 0.85, 0.8311906529639327, 0.8312434079456228, 0.8311906529639327, 0.7802111542839201, 0.8375, 0.9249882794186592, 0.8181746933657275, 0.7923793794974637, 0.7811730686569497, 0.7988686360779385, 0.7875, 0.81203007518797, 0.849906191369606, 0.7680159880873074, 0.7812414547443259, 0.8312434079456228, 0.8312434079456228]",0.816,0.03380589507270391,"[0.76875, 0.7875000000000001, 0.8375, 0.8, 0.8312499999999999, 0.825, 0.8062499999999999, 0.85, 0.8312499999999999, 0.8312499999999999, 0.83125, 0.7812500000000001, 0.8374999999999999, 0.925, 0.81875, 0.79375, 0.78125, 0.8, 0.7875, 0.8125, 0.85, 0.7687499999999999, 0.78125, 0.8312499999999999, 0.8312499999999999]","{'finalestimator__estimator_name': ['SVC'], 'otmappingadapter__max_iter': [1000000], 'otmappingadapter__metric': ['sqeuclidean', 'cosine', 'cityblock'], 'otmappingadapter__norm': ['median']}"
Simulated,concept_drift,SA,importance_weighted,Subspace,0.80125,0.028867513459481298,"[0.75625, 0.76875, 0.825, 0.8, 0.81875, 0.8125, 0.78125, 0.825, 0.825, 0.825, 0.775, 0.7875, 0.8125, 0.86875, 0.8125, 0.81875, 0.7625, 0.7875, 0.7875, 0.825, 0.81875, 0.7625, 0.75, 0.83125, 0.79375]",0.80125,0.028867513459481298,"[0.7562500000000001, 0.76875, 0.825, 0.8, 0.8187500000000001, 0.8125, 0.78125, 0.825, 0.825, 0.825, 0.775, 0.7875000000000001, 0.8125, 0.86875, 0.8125, 0.81875, 0.7625, 0.7875, 0.7875, 0.825, 0.81875, 0.7625, 0.75, 0.83125, 0.79375]",0.8003213389758819,0.029141453925512834,"[0.7557825525419749, 0.7687409664440018, 0.8249726519768714, 0.7994987468671679, 0.818686256887187, 0.8117647058823529, 0.7802111542839201, 0.8240100565681961, 0.8240100565681961, 0.8240100565681961, 0.7732640529050544, 0.7874667916862009, 0.8106060606060606, 0.8675862068965519, 0.8114393463230674, 0.818572825024438, 0.7615686274509803, 0.7875, 0.7866666666666667, 0.8247535596933186, 0.8178892421209623, 0.7587301587301587, 0.7474747474747474, 0.8304486047333098, 0.7923793794974637]",0.80125,0.028867513459481305,"[0.7562500000000001, 0.76875, 0.825, 0.8, 0.8187500000000001, 0.8125, 0.78125, 0.825, 0.825, 0.825, 0.775, 0.7875, 0.8124999999999999, 0.86875, 0.8125, 0.8187500000000001, 0.7625, 0.7875, 0.7875, 0.8250000000000002, 0.81875, 0.7625, 0.7499999999999999, 0.8312499999999999, 0.79375]","{'finalestimator__estimator_name': ['SVC'], 'subspacealignmentadapter__n_components': [1, 2, 5, 10, 20, 50, 100]}"
Simulated,concept_drift,TCA,importance_weighted,Subspace,0.52625,0.10155048005794952,"[0.50625, 0.625, 0.41875, 0.375, 0.55, 0.65625, 0.35, 0.525, 0.4375, 0.5, 0.63125, 0.64375, 0.36875, 0.46875, 0.44375, 0.4125, 0.6125, 0.525, 0.4375, 0.625, 0.5125, 0.625, 0.6125, 0.675, 0.61875]",0.52625,0.10155048005794956,"[0.50625, 0.625, 0.4187499999999999, 0.375, 0.55, 0.65625, 0.35, 0.525, 0.4375, 0.5, 0.63125, 0.64375, 0.36875, 0.46875, 0.44375, 0.4125, 0.6125, 0.525, 0.4375, 0.625, 0.5125, 0.625, 0.6125, 0.675, 0.61875]",0.5184428390817923,0.10445882317818976,"[0.4991877649669163, 0.6050032916392363, 0.4169050511383675, 0.3522267206477733, 0.5377948964853154, 0.6559139784946236, 0.3416679854407343, 0.5213352227995591, 0.4343180389692017, 0.4999218627910611, 0.6300795485716526, 0.6426192248912574, 0.324386471006313, 0.4677312042581503, 0.4419844037775775, 0.4065656565656566, 0.6095103133364825, 0.5243310905961508, 0.4318181818181818, 0.6235294117647059, 0.5112781954887218, 0.5972478603792583, 0.6119543107494915, 0.6661852030171722, 0.6075750874512484]",0.52625,0.1015504800579495,"[0.50625, 0.625, 0.41875, 0.375, 0.5499999999999999, 0.65625, 0.35, 0.525, 0.4375, 0.5, 0.63125, 0.64375, 0.36875, 0.4687499999999999, 0.44375, 0.4125, 0.6124999999999999, 0.525, 0.4375, 0.625, 0.5125, 0.625, 0.6124999999999999, 0.6749999999999999, 0.61875]","{'finalestimator__estimator_name': ['SVC'], 'transfercomponentanalysisadapter__kernel': ['rbf'], 'transfercomponentanalysisadapter__mu': [10, 100], 'transfercomponentanalysisadapter__n_components': [1, 2, 5, 10, 20, 50, 100]}"
Simulated,concept_drift,TSL,importance_weighted,Subspace,0.66175,0.0238211653087473,"[0.6625, 0.65625, 0.7, 0.65, 0.66875, 0.6625, 0.7, 0.69375, 0.65625, 0.66875, 0.6125, 0.64375, 0.63125, 0.68125, 0.675, 0.69375, 0.65, 0.65625, 0.66875, 0.68125, 0.6625, 0.6125, 0.6375, 0.675, 0.64375]",0.66175,0.023821165308747297,"[0.6625, 0.65625, 0.7, 0.65, 0.66875, 0.6625000000000001, 0.7, 0.6937500000000001, 0.65625, 0.66875, 0.6125, 0.64375, 0.6312500000000001, 0.68125, 0.675, 0.69375, 0.65, 0.65625, 0.66875, 0.68125, 0.6625, 0.6125, 0.6375, 0.675, 0.64375]",0.624267149182694,0.0325497333707863,"[0.625974025974026, 0.6173746684638463, 0.6777982883034066, 0.6050079351084465, 0.6312883168833427, 0.6226415094339622, 0.6799999999999999, 0.6648283527852593, 0.6206733048838312, 0.6312883168833427, 0.5626873567272086, 0.6101064511991792, 0.5776475325488792, 0.6482607008922798, 0.6428571428571429, 0.6699086354258769, 0.6086652690426275, 0.6206733048838312, 0.6344670028880556, 0.6511478773887391, 0.625974025974026, 0.5538765965101637, 0.5909010756480338, 0.636617749825297, 0.5960132890365448]",0.66175,0.023821165308747314,"[0.6625000000000001, 0.65625, 0.7, 0.65, 0.6687500000000001, 0.6625, 0.7, 0.69375, 0.6562500000000001, 0.6687500000000001, 0.6124999999999999, 0.64375, 0.63125, 0.68125, 0.6749999999999999, 0.69375, 0.6499999999999999, 0.6562500000000001, 0.66875, 0.68125, 0.6625000000000001, 0.6125, 0.6375000000000001, 0.675, 0.64375]","{'finalestimator__estimator_name': ['SVC'], 'transfersubspacelearningadapter__base_method': ['flda'], 'transfersubspacelearningadapter__length_scale': [2], 'transfersubspacelearningadapter__max_iter': [300], 'transfersubspacelearningadapter__mu': [0.1, 1, 10], 'transfersubspacelearningadapter__n_components': [1, 2, 5, 10, 20, 50, 100], 'transfersubspacelearningadapter__reg': [0.0001], 'transfersubspacelearningadapter__tol': [0.0001]}"
Simulated,covariate_shift,CORAL,importance_weighted,Mapping,0.66475,0.04223107317682878,"[0.65625, 0.6375, 0.65, 0.76875, 0.65625, 0.71875, 0.64375, 0.66875, 0.7125, 0.6875, 0.6, 0.63125, 0.6125, 0.6125, 0.65, 0.6125, 0.6875, 0.60625, 0.65625, 0.7125, 0.7, 0.70625, 0.68125, 0.7, 0.65]",0.6825289493221918,0.041552403823940036,"[0.6802325581395349, 0.6627906976744187, 0.6734758013827782, 0.7839409176618479, 0.6802325581395349, 0.7383720930232558, 0.6686046511627907, 0.6918604651162791, 0.7325581395348837, 0.7093023255813954, 0.6144578313253012, 0.6445783132530121, 0.6260366139884213, 0.6260366139884213, 0.6626506024096386, 0.6345098039215686, 0.7058823529411764, 0.6286274509803922, 0.6764705882352942, 0.7286274509803922, 0.7108433734939759, 0.7168674698795181, 0.6927710843373494, 0.7108433734939759, 0.6626506024096386]",0.6295139057859559,0.05631810379707713,"[0.6220211780556608, 0.5963166411173566, 0.6166974324551099, 0.7613248374616091, 0.6220211780556608, 0.7017104565297213, 0.6049893955461293, 0.6386565073790711, 0.694104892816233, 0.662920185461169, 0.5332254002518438, 0.580656289763503, 0.5571526185857874, 0.5571526185857874, 0.6075757575757575, 0.5621753246753247, 0.6614583333333334, 0.5529887169007348, 0.6201617179215271, 0.6949046800850924, 0.6746266152038933, 0.6825844516911241, 0.6502200424178155, 0.6746266152038933, 0.6075757575757575]",0.6825289493221918,0.04155240382394004,"[0.6802325581395349, 0.6627906976744187, 0.6734758013827782, 0.7839409176618478, 0.6802325581395349, 0.7383720930232558, 0.6686046511627908, 0.6918604651162791, 0.7325581395348837, 0.7093023255813953, 0.6144578313253012, 0.6445783132530121, 0.6260366139884211, 0.6260366139884211, 0.6626506024096386, 0.6345098039215686, 0.7058823529411764, 0.6286274509803922, 0.6764705882352942, 0.7286274509803922, 0.7108433734939759, 0.7168674698795181, 0.6927710843373494, 0.7108433734939759, 0.6626506024096386]","{'coraladapter__reg': ['auto'], 'finalestimator__estimator_name': ['SVC']}"
Simulated,covariate_shift,DASVM,importance_weighted,Other,0.89,0.022821773229381923,"[0.875, 0.8875, 0.8875, 0.875, 0.90625, 0.8875, 0.925, 0.9375, 0.93125, 0.86875, 0.89375, 0.89375, 0.86875, 0.91875, 0.89375, 0.8625, 0.8875, 0.8625, 0.9, 0.85, 0.89375, 0.91875, 0.875, 0.86875, 0.88125]",0.8933204428534939,0.02254026167509771,"[0.8799497171590195, 0.8915776241357637, 0.8925204274041483, 0.8790069138906349, 0.9099622878692646, 0.8925204274041483, 0.9292897548711504, 0.9399748585795098, 0.9351037083595224, 0.8760213702074168, 0.8975903614457832, 0.8957127210139258, 0.8730245657956501, 0.9207479267720232, 0.8966515412298545, 0.8674509803921568, 0.8909803921568628, 0.8650980392156862, 0.9027450980392157, 0.8533333333333333, 0.8943044906900328, 0.9202785166640588, 0.8762322015334063, 0.8706775152558285, 0.8822562979189486]",0.8898873586502567,0.022909739450212678,"[0.875, 0.8875879043600563, 0.8875, 0.8750976715111737, 0.9063489117267788, 0.8875, 0.9250586029067044, 0.9375880143952432, 0.9313225352663046, 0.8683137829912024, 0.8929701911377996, 0.8936379000429838, 0.8674752270850536, 0.9186642765034584, 0.8933715901530273, 0.8621990306441525, 0.8875, 0.8625859509298326, 0.9000625097671511, 0.85, 0.8937873666523387, 0.9187277823352474, 0.875, 0.8686115235825096, 0.8812731942654011]",0.8933204428534939,0.022540261675097692,"[0.8799497171590196, 0.8915776241357636, 0.8925204274041483, 0.8790069138906349, 0.9099622878692646, 0.8925204274041483, 0.9292897548711502, 0.9399748585795098, 0.9351037083595224, 0.8760213702074169, 0.8975903614457832, 0.8957127210139258, 0.8730245657956501, 0.9207479267720232, 0.8966515412298545, 0.867450980392157, 0.8909803921568628, 0.8650980392156862, 0.9027450980392158, 0.8533333333333334, 0.8943044906900329, 0.9202785166640588, 0.8762322015334064, 0.8706775152558284, 0.8822562979189486]","{'dasvmclassifier__base_estimator__estimator_name': ['SVC'], 'dasvmclassifier__max_iter': [200]}"
Simulated,covariate_shift,JDOT,importance_weighted,Other,0.71825,0.04021912635799042,"[0.66875, 0.71875, 0.70625, 0.71875, 0.6375, 0.68125, 0.73125, 0.7875, 0.75625, 0.7625, 0.7375, 0.7125, 0.73125, 0.7375, 0.6125, 0.71875, 0.7875, 0.70625, 0.7375, 0.725, 0.675, 0.725, 0.73125, 0.7125, 0.7375]",0.7192786984759888,0.0400493406926532,"[0.6664047768698931, 0.7176304211187932, 0.7078881206788183, 0.7204588309239472, 0.6382778126964174, 0.6884035197988687, 0.7292583280955374, 0.7891263356379636, 0.7581709616593337, 0.7630421118793211, 0.7375997496479425, 0.7125645438898451, 0.7320450633703646, 0.7390079799718354, 0.6166484118291347, 0.7203921568627452, 0.7890196078431373, 0.7047058823529412, 0.7388235294117647, 0.7301960784313726, 0.6740729150367705, 0.7232045063370365, 0.7315756532624003, 0.7149115944296667, 0.7385385698638711]",0.718009718594181,0.040788200475731694,"[0.6685806692619245, 0.718871423525256, 0.7066520039100684, 0.7191348973607038, 0.6380104834924112, 0.6795908183632735, 0.7311126184577876, 0.7877992489438272, 0.75658357771261, 0.7627976190476191, 0.7375820825515947, 0.7125898999374609, 0.7313024922848548, 0.7373359118612284, 0.6082290190521178, 0.7189807940291508, 0.7876993433395872, 0.7061231798736214, 0.7377462476547842, 0.7239672977624785, 0.674796365914787, 0.7242221873035827, 0.7313445156500332, 0.7116902675637615, 0.7375]",0.7192786984759888,0.040049340692653194,"[0.6664047768698931, 0.7176304211187932, 0.7078881206788183, 0.7204588309239472, 0.6382778126964173, 0.6884035197988685, 0.7292583280955374, 0.7891263356379636, 0.7581709616593337, 0.7630421118793211, 0.7375997496479425, 0.7125645438898451, 0.7320450633703646, 0.7390079799718354, 0.6166484118291348, 0.720392156862745, 0.7890196078431373, 0.7047058823529413, 0.7388235294117647, 0.7301960784313726, 0.6740729150367705, 0.7232045063370365, 0.7315756532624003, 0.7149115944296667, 0.7385385698638711]","{'jdotclassifier__alpha': [0.1, 0.3, 0.5, 0.7, 0.9], 'jdotclassifier__base_estimator__estimator_name': ['SVC'], 'jdotclassifier__n_iter_max': [100], 'jdotclassifier__thr_weights': [1e-07], 'jdotclassifier__tol': [1e-06]}"
Simulated,covariate_shift,KLIEP,importance_weighted,Reweighting,0.8847499999999999,0.02602582851707127,"[0.85, 0.85625, 0.88125, 0.84375, 0.89375, 0.875, 0.91875, 0.925, 0.93125, 0.86875, 0.89375, 0.86875, 0.875, 0.91875, 0.9125, 0.86875, 0.89375, 0.85625, 0.89375, 0.84375, 0.875, 0.925, 0.88125, 0.89375, 0.875]",0.8886076668373835,0.025146575057847707,"[0.8566939032055312, 0.8634506599622879, 0.8876492771841609, 0.8499371464487744, 0.8992771841609051, 0.8818353236957888, 0.9225329981143936, 0.9274041483343808, 0.936046511627907, 0.8760213702074168, 0.8975903614457832, 0.8711469253637929, 0.8790486621811924, 0.9207479267720232, 0.914723830386481, 0.8733333333333333, 0.8968627450980392, 0.8592156862745097, 0.8952941176470588, 0.8482352941176471, 0.8767016116413706, 0.926302613049601, 0.8827257080269129, 0.8952433109059614, 0.8771710217493349]",0.884556188629909,0.026144196401727406,"[0.8496247654784241, 0.855772238514174, 0.8810411863545777, 0.8434752452033918, 0.8936960428141724, 0.8746873045653534, 0.9188357234965416, 0.925105617274292, 0.931279542169616, 0.8683137829912024, 0.8929701911377996, 0.8684677419354838, 0.8739393463230674, 0.9186642765034584, 0.912363195747342, 0.8685499785080693, 0.8937873549748037, 0.856300539083558, 0.8938538611925709, 0.8435118791762729, 0.8749218627910611, 0.925, 0.8812175280284386, 0.8937209461307083, 0.8748045653533459]",0.8886076668373835,0.0251465750578477,"[0.8566939032055312, 0.863450659962288, 0.8876492771841609, 0.8499371464487744, 0.8992771841609051, 0.8818353236957888, 0.9225329981143936, 0.9274041483343808, 0.936046511627907, 0.8760213702074169, 0.8975903614457832, 0.8711469253637929, 0.8790486621811923, 0.9207479267720232, 0.914723830386481, 0.8733333333333334, 0.8968627450980393, 0.8592156862745098, 0.8952941176470589, 0.8482352941176471, 0.8767016116413706, 0.926302613049601, 0.8827257080269129, 0.8952433109059614, 0.8771710217493349]","{'finalestimator__estimator_name': ['SVC'], 'kliepreweightadapter__cv': [5], 'kliepreweightadapter__gamma': [0.0001, 0.001, 0.01, 0.1, 1.0, 10.0, 100.0, 1000.0, 'auto', 'scale'], 'kliepreweightadapter__max_iter': [1000], 'kliepreweightadapter__n_centers': [100], 'kliepreweightadapter__random_state': [0], 'kliepreweightadapter__tol': [1e-06]}"
Simulated,covariate_shift,KMM,importance_weighted,Reweighting,0.88725,0.02849753278794497,"[0.86875, 0.85625, 0.86875, 0.85625, 0.88125, 0.8875, 0.925, 0.9375, 0.95, 0.85625, 0.9125, 0.8875, 0.88125, 0.93125, 0.9125, 0.875, 0.88125, 0.85625, 0.8875, 0.8375, 0.89375, 0.9125, 0.875, 0.875, 0.875]",0.8908373815375744,0.0272506888490445,"[0.8722501571338781, 0.8625078566939033, 0.8741357636706474, 0.8625078566939033, 0.8876492771841609, 0.8953488372093024, 0.9274041483343808, 0.9390320553111252, 0.9525455688246386, 0.8653362664990571, 0.9151932404944454, 0.8882803943044907, 0.8850727585667344, 0.9327961195431076, 0.914723830386481, 0.8792156862745097, 0.8835294117647059, 0.8600000000000001, 0.8894117647058823, 0.843921568627451, 0.8947739007979971, 0.9142544202785168, 0.8767016116413706, 0.8776404318572993, 0.8767016116413706]",0.8870659531219838,0.028658222605423445,"[0.8688884764174905, 0.8559972255871205, 0.8686833470057425, 0.8559972255871205, 0.8810411863545777, 0.8870247222656861, 0.925105617274292, 0.937578320802005, 0.9500704115161944, 0.8551853520905992, 0.9122535596933188, 0.8875351617440224, 0.8803784489187173, 0.9312312004375172, 0.912363195747342, 0.8748827941865918, 0.8813474463678638, 0.8561882300089847, 0.8876055347091931, 0.8365836466165414, 0.8937707527637798, 0.9124453039537428, 0.8749218627910611, 0.8746479424190268, 0.8749218627910611]",0.8908373815375744,0.027250688849044476,"[0.8722501571338781, 0.8625078566939033, 0.8741357636706474, 0.8625078566939033, 0.8876492771841609, 0.8953488372093023, 0.9274041483343808, 0.939032055311125, 0.9525455688246386, 0.8653362664990571, 0.9151932404944452, 0.8882803943044907, 0.8850727585667344, 0.9327961195431074, 0.914723830386481, 0.8792156862745099, 0.8835294117647059, 0.86, 0.8894117647058825, 0.843921568627451, 0.8947739007979972, 0.9142544202785168, 0.8767016116413706, 0.8776404318572993, 0.8767016116413706]","{'finalestimator__estimator_name': ['SVC'], 'kmmreweightadapter__B': [1000.0], 'kmmreweightadapter__gamma': [0.0001, 0.001, 0.01, 0.1, 1.0, 10.0, 100.0, 1000.0, None], 'kmmreweightadapter__max_iter': [1000], 'kmmreweightadapter__smooth_weights': [False], 'kmmreweightadapter__tol': [1e-06]}"
Simulated,covariate_shift,MMD-LS,importance_weighted,Mapping,0.64925,0.08572074938426519,"[0.6375, 0.7125, 0.6625, 0.69375, 0.7, 0.63125, 0.69375, 0.70625, 0.71875, 0.70625, 0.76875, 0.71875, 0.7375, 0.7625, 0.6625, 0.4875, 0.51875, 0.475, 0.70625, 0.5375, 0.525, 0.5875, 0.5875, 0.675, 0.61875]",0.6504426992726302,0.082807129849781,"[0.633563796354494, 0.7108736643620364, 0.6653048397234445, 0.6915461973601509, 0.6983029541169076, 0.6362350722815839, 0.6896605908233815, 0.7031741043368951, 0.7157448145820239, 0.7041169076052797, 0.7681896416836176, 0.7167109998435299, 0.7380691597559068, 0.7631043655140041, 0.6643717728055077, 0.4933333333333333, 0.5266666666666666, 0.4807843137254902, 0.7047058823529412, 0.5490196078431372, 0.5257393209200438, 0.5920826161790017, 0.5906743858551087, 0.6759505554686278, 0.6231419183226412]",0.6473058414480672,0.08793050092123313,"[0.6365845959595959, 0.7125, 0.6627637130801688, 0.6935934489402698, 0.7, 0.6306015786800045, 0.6927215439927303, 0.7057290640394089, 0.7182512315270936, 0.7060998387794424, 0.7686866463152127, 0.7177436003303056, 0.7375820440693859, 0.7625742303484919, 0.6619723264540338, 0.4834803921568628, 0.5116379310344827, 0.4708823529411765, 0.7061231798736214, 0.5224184782608695, 0.525, 0.5817708333333333, 0.5849117647058824, 0.675, 0.6140172413793105]",0.6504426992726302,0.08280712984978102,"[0.6335637963544941, 0.7108736643620364, 0.6653048397234443, 0.6915461973601509, 0.6983029541169075, 0.6362350722815839, 0.6896605908233815, 0.7031741043368951, 0.7157448145820239, 0.7041169076052797, 0.7681896416836176, 0.71671099984353, 0.7380691597559068, 0.7631043655140041, 0.6643717728055077, 0.4933333333333333, 0.5266666666666666, 0.4807843137254902, 0.7047058823529413, 0.5490196078431373, 0.5257393209200438, 0.5920826161790017, 0.5906743858551088, 0.6759505554686278, 0.6231419183226412]","{'finalestimator__estimator_name': ['SVC'], 'mmdlsconsmappingadapter__gamma': [0.1, 1, 10], 'mmdlsconsmappingadapter__max_iter': [100], 'mmdlsconsmappingadapter__reg_k': [1e-10, 1e-08], 'mmdlsconsmappingadapter__reg_m': [1e-10, 1e-08], 'mmdlsconsmappingadapter__tol': [1e-05]}"
Simulated,covariate_shift,Train Src,importance_weighted,NO DA,0.88075,0.025953183009668247,"[0.85, 0.85, 0.88125, 0.8375, 0.8875, 0.875, 0.91875, 0.91875, 0.925, 0.86875, 0.8875, 0.86875, 0.875, 0.93125, 0.9125, 0.86875, 0.875, 0.85625, 0.88125, 0.84375, 0.875, 0.9125, 0.88125, 0.8625, 0.875]",0.8848478147083457,0.02518293214344884,"[0.8566939032055312, 0.8576367064739158, 0.8876492771841609, 0.8441231929604023, 0.893463230672533, 0.8818353236957888, 0.9225329981143936, 0.9215901948460088, 0.9302325581395348, 0.8760213702074168, 0.891566265060241, 0.8711469253637929, 0.8790486621811924, 0.9327961195431076, 0.914723830386481, 0.8733333333333333, 0.8792156862745097, 0.8592156862745097, 0.8850980392156862, 0.8482352941176471, 0.8767016116413706, 0.9142544202785168, 0.8827257080269129, 0.8646534188702863, 0.8767016116413706]",0.8805193328319945,0.026072761919467925,"[0.8496247654784241, 0.849366296354248, 0.8810411863545777, 0.8370934959349594, 0.8873769338959212, 0.8746873045653534, 0.9188357234965416, 0.91886119257087, 0.925, 0.8683137829912024, 0.8865454116907605, 0.8684677419354838, 0.8739393463230674, 0.9312312004375172, 0.912363195747342, 0.8685499785080693, 0.8748827941865918, 0.856300539083558, 0.8811989726161178, 0.8435118791762729, 0.8749218627910611, 0.9124453039537428, 0.8812175280284386, 0.8622850218886804, 0.8749218627910611]",0.8848478147083457,0.02518293214344882,"[0.8566939032055312, 0.8576367064739158, 0.8876492771841609, 0.8441231929604023, 0.8934632306725331, 0.8818353236957888, 0.9225329981143936, 0.9215901948460088, 0.9302325581395348, 0.8760213702074169, 0.891566265060241, 0.8711469253637929, 0.8790486621811923, 0.9327961195431074, 0.914723830386481, 0.8733333333333334, 0.8792156862745099, 0.8592156862745098, 0.8850980392156862, 0.8482352941176471, 0.8767016116413706, 0.9142544202785168, 0.8827257080269129, 0.8646534188702863, 0.8767016116413706]",{'finalestimator__estimator_name': ['SVC']}
Simulated,covariate_shift,NO_DA_SOURCE_ONLY_BASE_ESTIM,importance_weighted,Unknown,,,"[NaN, NaN, NaN, NaN, NaN, NaN, NaN, NaN, NaN, NaN, NaN, NaN, NaN, NaN, NaN, NaN, NaN, NaN, NaN, NaN, NaN, NaN, NaN, NaN, NaN]",,,"[NaN, NaN, NaN, NaN, NaN, NaN, NaN, NaN, NaN, NaN, NaN, NaN, NaN, NaN, NaN, NaN, NaN, NaN, NaN, NaN, NaN, NaN, NaN, NaN, NaN]",,,"[NaN, NaN, NaN, NaN, NaN, NaN, NaN, NaN, NaN, NaN, NaN, NaN, NaN, NaN, NaN, NaN, NaN, NaN, NaN, NaN, NaN, NaN, NaN, NaN, NaN]",,,"[NaN, NaN, NaN, NaN, NaN, NaN, NaN, NaN, NaN, NaN, NaN, NaN, NaN, NaN, NaN, NaN, NaN, NaN, NaN, NaN, NaN, NaN, NaN, NaN, NaN]",{'finalestimator__estimator_name': ['SVC']}
Simulated,covariate_shift,Train Tgt,importance_weighted,NO DA,0.915,0.020885351724753545,"[0.9, 0.91875, 0.91875, 0.9, 0.90625, 0.9, 0.9375, 0.94375, 0.95, 0.88125, 0.95625, 0.925, 0.9125, 0.925, 0.9375, 0.90625, 0.89375, 0.88125, 0.9125, 0.8875, 0.91875, 0.94375, 0.9125, 0.9, 0.90625]",0.915359763322877,0.02066174349767348,"[0.9003771213073539, 0.91781898177247, 0.9197045883092394, 0.8994343180389692, 0.9071338780641108, 0.9003771213073539, 0.9380892520427404, 0.9439032055311124, 0.9497171590194846, 0.884820867379007, 0.9573619151932404, 0.9239555625097792, 0.9151932404944454, 0.9244249726177436, 0.9374119856047568, 0.9070588235294118, 0.8952941176470588, 0.8811764705882352, 0.9129411764705884, 0.8878431372549019, 0.9184008762322016, 0.9443749022062276, 0.9114379596307308, 0.8998591769676108, 0.9058832733531528]",0.9150111693514508,0.02086261365550337,"[0.900078431372549, 0.9187084660453776, 0.918835965359144, 0.9, 0.9063491907990128, 0.900078431372549, 0.9375490196078432, 0.9437742847050512, 0.95, 0.8813752881872533, 0.956258545255674, 0.9248823529411766, 0.9122535596933188, 0.9249530075187968, 0.9375, 0.9063270517787952, 0.8938538611925709, 0.8812918805595832, 0.9125548245614036, 0.8875704887218046, 0.9187277405972368, 0.9437697823453558, 0.9123627450980392, 0.9, 0.9062243160737348]",0.915359763322877,0.020661743497673503,"[0.9003771213073538, 0.91781898177247, 0.9197045883092396, 0.8994343180389692, 0.9071338780641108, 0.9003771213073538, 0.9380892520427404, 0.9439032055311124, 0.9497171590194848, 0.8848208673790069, 0.9573619151932404, 0.9239555625097792, 0.9151932404944452, 0.9244249726177436, 0.9374119856047566, 0.9070588235294118, 0.8952941176470589, 0.8811764705882352, 0.912941176470588, 0.8878431372549018, 0.9184008762322016, 0.9443749022062274, 0.9114379596307306, 0.8998591769676106, 0.9058832733531528]",{'finalestimator__estimator_name': ['SVC']}
Simulated,covariate_shift,OTLabelProp,importance_weighted,Other,0.8785,0.027128168017763382,"[0.85625, 0.8875, 0.85625, 0.85625, 0.84375, 0.875, 0.90625, 0.91875, 0.93125, 0.85625, 0.8875, 0.90625, 0.88125, 0.90625, 0.85625, 0.85, 0.875, 0.85, 0.86875, 0.8375, 0.86875, 0.91875, 0.8625, 0.8875, 0.91875]",0.8799725741096565,0.02635433407833467,"[0.8587366436203645, 0.8887492143306097, 0.8596794468887492, 0.8596794468887492, 0.8471087366436203, 0.8790069138906349, 0.9080766813324952, 0.9197045883092394, 0.933218101822753, 0.8606222501571339, 0.8878109841965263, 0.9049444531372242, 0.8831951181348772, 0.9058832733531528, 0.8572210921608512, 0.8525490196078431, 0.8768627450980392, 0.8501960784313726, 0.8694117647058823, 0.8400000000000001, 0.8683304647160068, 0.9193396964481302, 0.8637145986543577, 0.8878109841965263, 0.9174620560162728]",0.8785540265455266,0.027084534190205924,"[0.8564467253176931, 0.8876409774436091, 0.8564016646477277, 0.8564016646477277, 0.8439148528779649, 0.8750976715111737, 0.9063784196313256, 0.918835965359144, 0.9313441743963052, 0.8563117699910153, 0.8875351782363978, 0.9060476274579063, 0.8811247118127467, 0.9062243160737348, 0.8562780772686434, 0.8500937646507266, 0.8751172607879927, 0.8500939849624058, 0.8688578724903134, 0.8376015783716205, 0.8687140425032289, 0.9187785744988471, 0.8625, 0.8875351782363978, 0.918574610463519]",0.8799725741096565,0.026354334078334693,"[0.8587366436203645, 0.8887492143306096, 0.8596794468887492, 0.8596794468887492, 0.8471087366436203, 0.8790069138906349, 0.9080766813324952, 0.9197045883092396, 0.933218101822753, 0.8606222501571339, 0.8878109841965264, 0.9049444531372244, 0.8831951181348772, 0.9058832733531528, 0.8572210921608511, 0.8525490196078431, 0.8768627450980393, 0.8501960784313726, 0.8694117647058823, 0.84, 0.868330464716007, 0.9193396964481302, 0.8637145986543577, 0.8878109841965264, 0.9174620560162728]","{'finalestimator__estimator_name': ['SVC'], 'otlabelpropadapter__metric': ['sqeuclidean', 'cosine', 'cityblock'], 'otlabelpropadapter__reg': [None, 0.1, 1.0]}"
Simulated,covariate_shift,JPCA,importance_weighted,Subspace,0.88075,0.025953183009668247,"[0.85, 0.85, 0.88125, 0.8375, 0.8875, 0.875, 0.91875, 0.91875, 0.925, 0.86875, 0.8875, 0.86875, 0.875, 0.93125, 0.9125, 0.86875, 0.875, 0.85625, 0.88125, 0.84375, 0.875, 0.9125, 0.88125, 0.8625, 0.875]",0.8848478147083457,0.02518293214344884,"[0.8566939032055312, 0.8576367064739158, 0.8876492771841609, 0.8441231929604023, 0.893463230672533, 0.8818353236957888, 0.9225329981143936, 0.9215901948460088, 0.9302325581395348, 0.8760213702074168, 0.891566265060241, 0.8711469253637929, 0.8790486621811924, 0.9327961195431076, 0.914723830386481, 0.8733333333333333, 0.8792156862745097, 0.8592156862745097, 0.8850980392156862, 0.8482352941176471, 0.8767016116413706, 0.9142544202785168, 0.8827257080269129, 0.8646534188702863, 0.8767016116413706]",0.8805193328319945,0.026072761919467925,"[0.8496247654784241, 0.849366296354248, 0.8810411863545777, 0.8370934959349594, 0.8873769338959212, 0.8746873045653534, 0.9188357234965416, 0.91886119257087, 0.925, 0.8683137829912024, 0.8865454116907605, 0.8684677419354838, 0.8739393463230674, 0.9312312004375172, 0.912363195747342, 0.8685499785080693, 0.8748827941865918, 0.856300539083558, 0.8811989726161178, 0.8435118791762729, 0.8749218627910611, 0.9124453039537428, 0.8812175280284386, 0.8622850218886804, 0.8749218627910611]",0.8848478147083457,0.02518293214344882,"[0.8566939032055312, 0.8576367064739158, 0.8876492771841609, 0.8441231929604023, 0.8934632306725331, 0.8818353236957888, 0.9225329981143936, 0.9215901948460088, 0.9302325581395348, 0.8760213702074169, 0.891566265060241, 0.8711469253637929, 0.8790486621811923, 0.9327961195431074, 0.914723830386481, 0.8733333333333334, 0.8792156862745099, 0.8592156862745098, 0.8850980392156862, 0.8482352941176471, 0.8767016116413706, 0.9142544202785168, 0.8827257080269129, 0.8646534188702863, 0.8767016116413706]","{'finalestimator__estimator_name': ['SVC'], 'pca__n_components': [1, 2, 5, 10, 20, 50, 100]}"
Simulated,covariate_shift,MMDTarS,importance_weighted,Reweighting,0.8765000000000001,0.026163050440140435,"[0.85, 0.825, 0.88125, 0.8375, 0.875, 0.875, 0.9125, 0.91875, 0.925, 0.85625, 0.88125, 0.86875, 0.86875, 0.90625, 0.9125, 0.86875, 0.875, 0.85, 0.875, 0.84375, 0.875, 0.9125, 0.88125, 0.8625, 0.875]",0.8810645335470216,0.025257286502142467,"[0.8566939032055312, 0.8343808925204275, 0.8876492771841609, 0.8441231929604023, 0.8818353236957888, 0.8837209302325582, 0.917661847894406, 0.9225329981143936, 0.9302325581395348, 0.8653362664990571, 0.8855421686746988, 0.8711469253637929, 0.8730245657956501, 0.9086997340009388, 0.914723830386481, 0.8733333333333333, 0.8792156862745097, 0.8533333333333333, 0.8792156862745097, 0.8482352941176471, 0.8776404318572993, 0.9142544202785168, 0.8827257080269129, 0.8646534188702863, 0.8767016116413706]",0.876138844280452,0.026382846034538356,"[0.8496247654784241, 0.8234901960784313, 0.8810411863545777, 0.8370934959349594, 0.8746873045653534, 0.87421679197995, 0.9125, 0.9188357234965416, 0.925, 0.8551853520905992, 0.8800966340293342, 0.8684677419354838, 0.8674752270850536, 0.9060483870967742, 0.912363195747342, 0.8685499785080693, 0.8748827941865918, 0.85, 0.8748827941865918, 0.8435118791762729, 0.8746479424190268, 0.9124453039537428, 0.8812175280284386, 0.8622850218886804, 0.8749218627910611]",0.8810645335470216,0.025257286502142456,"[0.8566939032055312, 0.8343808925204274, 0.8876492771841609, 0.8441231929604023, 0.8818353236957888, 0.8837209302325582, 0.917661847894406, 0.9225329981143936, 0.9302325581395348, 0.8653362664990571, 0.8855421686746988, 0.8711469253637929, 0.8730245657956501, 0.9086997340009388, 0.914723830386481, 0.8733333333333334, 0.8792156862745099, 0.8533333333333334, 0.8792156862745099, 0.8482352941176471, 0.8776404318572993, 0.9142544202785168, 0.8827257080269129, 0.8646534188702863, 0.8767016116413706]","{'finalestimator__estimator_name': ['SVC'], 'mmdtarsreweightadapter__gamma': [0.0001, 0.001, 0.01, 0.1, 1.0, 10.0, 100.0, 1000.0, None], 'mmdtarsreweightadapter__max_iter': [1000], 'mmdtarsreweightadapter__reg': [1e-06], 'mmdtarsreweightadapter__tol': [1e-06]}"
Simulated,covariate_shift,ClassRegOT,importance_weighted,Mapping,0.74175,0.09129992926247718,"[0.81875, 0.85, 0.84375, 0.71875, 0.63125, 0.8125, 0.725, 0.78125, 0.75, 0.76875, 0.725, 0.6875, 0.725, 0.73125, 0.60625, 0.7, 0.84375, 0.54375, 0.53125, 0.71875, 0.8125, 0.7125, 0.8125, 0.83125, 0.8625]",0.743279587013518,0.0898935353294058,"[0.8191389063482086, 0.8500942803268384, 0.8452231301068511, 0.7204588309239472, 0.6324638592080453, 0.8180389692017599, 0.7225015713387806, 0.7833123821495915, 0.7523570081709616, 0.7688560653676932, 0.725551556876858, 0.6875293381317478, 0.7260209669848224, 0.7329838835862932, 0.6106243154435925, 0.7011764705882353, 0.8450980392156863, 0.5486274509803921, 0.5407843137254902, 0.7243137254901961, 0.8094194961664841, 0.7102174933500235, 0.8122359568142701, 0.8321858864027538, 0.862775778438429]",0.7409798309581339,0.09277494472879842,"[0.8189417688780909, 0.8501176470588234, 0.843964032718876, 0.7191348973607038, 0.6317546432062562, 0.8122948898265353, 0.7246968981262792, 0.7815493646138807, 0.7503126954346466, 0.7689946706375641, 0.7250859509298329, 0.687597717323327, 0.725, 0.7309664530499003, 0.6013620689655172, 0.7002814258911819, 0.8439027370478984, 0.5416250831669993, 0.5210165814810412, 0.7174401197604791, 0.8108976895078335, 0.7112324830735317, 0.8125, 0.8312829602718856, 0.8625429956222639]",0.743279587013518,0.08989353532940578,"[0.8191389063482086, 0.8500942803268384, 0.845223130106851, 0.7204588309239472, 0.6324638592080454, 0.8180389692017598, 0.7225015713387806, 0.7833123821495915, 0.7523570081709616, 0.7688560653676932, 0.725551556876858, 0.6875293381317477, 0.7260209669848224, 0.7329838835862932, 0.6106243154435925, 0.7011764705882353, 0.8450980392156862, 0.5486274509803921, 0.5407843137254902, 0.724313725490196, 0.8094194961664841, 0.7102174933500235, 0.8122359568142701, 0.8321858864027539, 0.862775778438429]","[{'classregularizerotmappingadapter__max_inner_iter': [1000], 'classregularizerotmappingadapter__max_iter': [10], 'classregularizerotmappingadapter__metric': ['sqeuclidean', 'cosine', 'cityblock'], 'classregularizerotmappingadapter__norm': ['lpl1'], 'classregularizerotmappingadapter__reg_cl': [0.1], 'classregularizerotmappingadapter__reg_e': [0.1], 'classregularizerotmappingadapter__tol': [1e-06], 'finalestimator__estimator_name': ['SVC']}, {'classregularizerotmappingadapter__max_inner_iter': [1000], 'classregularizerotmappingadapter__max_iter': [10], 'classregularizerotmappingadapter__metric': ['sqeuclidean', 'cosine', 'cityblock'], 'classregularizerotmappingadapter__norm': ['lpl1'], 'classregularizerotmappingadapter__reg_cl': [0.5], 'classregularizerotmappingadapter__reg_e': [0.5], 'classregularizerotmappingadapter__tol': [1e-06], 'finalestimator__estimator_name': ['SVC']}, {'classregularizerotmappingadapter__max_inner_iter': [1000], 'classregularizerotmappingadapter__max_iter': [10], 'classregularizerotmappingadapter__metric': ['sqeuclidean', 'cosine', 'cityblock'], 'classregularizerotmappingadapter__norm': ['lpl1'], 'classregularizerotmappingadapter__reg_cl': [1.0], 'classregularizerotmappingadapter__reg_e': [1.0], 'classregularizerotmappingadapter__tol': [1e-06], 'finalestimator__estimator_name': ['SVC']}]"
Simulated,covariate_shift,Dens. RW,importance_weighted,Reweighting,0.8847499999999999,0.028129629248652862,"[0.85, 0.85625, 0.88125, 0.8375, 0.8875, 0.88125, 0.925, 0.925, 0.94375, 0.86875, 0.89375, 0.89375, 0.875, 0.9375, 0.9125, 0.86875, 0.875, 0.85625, 0.8875, 0.84375, 0.875, 0.9125, 0.88125, 0.875, 0.875]",0.8886387266461105,0.027154023817576832,"[0.8566939032055312, 0.8634506599622879, 0.8876492771841609, 0.8441231929604023, 0.893463230672533, 0.8876492771841609, 0.9283469516027656, 0.9274041483343808, 0.9476744186046512, 0.8760213702074168, 0.8975903614457832, 0.8938350805820685, 0.8790486621811924, 0.9388202159286496, 0.914723830386481, 0.8733333333333333, 0.8792156862745097, 0.8592156862745097, 0.8909803921568628, 0.8482352941176471, 0.8776404318572993, 0.9142544202785168, 0.8827257080269129, 0.8771710217493349, 0.8767016116413706]",0.8845439304564567,0.02825301580681967,"[0.8496247654784241, 0.855772238514174, 0.8810411863545777, 0.8370934959349594, 0.8873769338959212, 0.8810411863545777, 0.925093808630394, 0.925105617274292, 0.9438093470360672, 0.8683137829912024, 0.8929701911377996, 0.8937707722385142, 0.8739393463230674, 0.9375, 0.912363195747342, 0.8685499785080693, 0.8748827941865918, 0.856300539083558, 0.8875, 0.8435118791762729, 0.8746479424190268, 0.9124453039537428, 0.8812175280284386, 0.8748045653533459, 0.8749218627910611]",0.8886387266461105,0.027154023817576804,"[0.8566939032055312, 0.863450659962288, 0.8876492771841609, 0.8441231929604023, 0.8934632306725331, 0.8876492771841609, 0.9283469516027656, 0.9274041483343808, 0.9476744186046512, 0.8760213702074169, 0.8975903614457832, 0.8938350805820685, 0.8790486621811923, 0.9388202159286496, 0.914723830386481, 0.8733333333333334, 0.8792156862745099, 0.8592156862745098, 0.8909803921568628, 0.8482352941176471, 0.8776404318572993, 0.9142544202785168, 0.8827257080269129, 0.8771710217493349, 0.8767016116413706]","{'densityreweightadapter__weight_estimator__bandwidth': [0.01, 0.1, 1.0, 10.0, 100.0, 'scott', 'silverman'], 'finalestimator__estimator_name': ['SVC']}"
Simulated,covariate_shift,Disc. RW,importance_weighted,Reweighting,0.8602500000000001,0.03066536455568943,"[0.8375, 0.85625, 0.8625, 0.85, 0.875, 0.825, 0.9, 0.89375, 0.90625, 0.84375, 0.86875, 0.85625, 0.775, 0.9, 0.8875, 0.85625, 0.8375, 0.8375, 0.825, 0.85, 0.875, 0.9125, 0.8625, 0.84375, 0.86875]",0.8658972873573108,0.028944542823142752,"[0.845065996228787, 0.8634506599622879, 0.86926461345066, 0.8566939032055312, 0.8818353236957888, 0.8372093023255813, 0.9050911376492772, 0.8955059710873665, 0.9109050911376492, 0.8527655562539284, 0.8734939759036144, 0.8595681427006728, 0.7826631200125176, 0.9026756376153966, 0.8906274448443123, 0.8615686274509804, 0.8462745098039216, 0.8431372549019608, 0.8329411764705883, 0.8572549019607844, 0.878579252073228, 0.9142544202785168, 0.8651228289782507, 0.8493975903614458, 0.8720857455797215]",0.8590863584550362,0.032069468546058945,"[0.8368134877171023, 0.855772238514174, 0.8621560350218885, 0.8496247654784241, 0.8746873045653534, 0.8219065656565657, 0.9, 0.8938955422488355, 0.9062902847767492, 0.842592774011521, 0.8671206896551725, 0.8554895372075709, 0.7663684719535784, 0.8997183539352214, 0.8870065789473685, 0.8558284457478006, 0.8353507321681624, 0.8368897668596464, 0.8231851037083595, 0.8488235294117648, 0.8742156862745099, 0.9124453039537428, 0.8621127366609294, 0.8408093624945521, 0.8680556644069124]",0.8658972873573108,0.02894454282314276,"[0.845065996228787, 0.863450659962288, 0.86926461345066, 0.8566939032055312, 0.8818353236957888, 0.8372093023255813, 0.9050911376492772, 0.8955059710873664, 0.9109050911376492, 0.8527655562539282, 0.8734939759036144, 0.8595681427006729, 0.7826631200125175, 0.9026756376153966, 0.8906274448443123, 0.8615686274509805, 0.8462745098039216, 0.8431372549019607, 0.8329411764705881, 0.8572549019607844, 0.878579252073228, 0.9142544202785168, 0.8651228289782507, 0.8493975903614458, 0.8720857455797215]","{'discriminatorreweightadapter__domain_classifier__estimator_name': ['LR', 'SVC', 'KNN', 'XGB'], 'finalestimator__estimator_name': ['SVC']}"
Simulated,covariate_shift,EntOT,importance_weighted,Mapping,0.738,0.07232468026199632,"[0.64375, 0.73125, 0.69375, 0.725, 0.61875, 0.84375, 0.725, 0.93125, 0.7375, 0.7375, 0.74375, 0.7, 0.73125, 0.725, 0.60625, 0.7, 0.79375, 0.7125, 0.71875, 0.71875, 0.825, 0.7, 0.83125, 0.83125, 0.725]",0.7395488238067309,0.07201315114954085,"[0.6422061596480201, 0.7311439346323068, 0.6962602137020741, 0.727215587680704, 0.6198931489629164, 0.8489943431803897, 0.72438717787555, 0.930389692017599, 0.7416719044626021, 0.7416719044626021, 0.7450320763573776, 0.7005163511187608, 0.7329838835862932, 0.726959787200751, 0.6110937255515569, 0.7027450980392157, 0.7956862745098039, 0.7129411764705882, 0.7211764705882353, 0.7243137254901961, 0.8233453293694257, 0.6981693005789391, 0.8312470661868252, 0.8321858864027538, 0.7264903770927867]",0.7377093797132006,0.07274532761683261,"[0.643903803131991, 0.7315343469571692, 0.6940731116408111, 0.7253439649781113, 0.6192717497556207, 0.8436706511973124, 0.7252156862745098, 0.9312148558845504, 0.7375, 0.7375, 0.7436799289034728, 0.7000937646507268, 0.7309664530499003, 0.7245700437773609, 0.6001674173284343, 0.7, 0.7939192489547107, 0.7127699108120795, 0.7188488808156569, 0.7174401197604791, 0.8245050282840982, 0.6991514770584537, 0.831282991202346, 0.8312829602718856, 0.7248280981403343]",0.7395488238067309,0.07201315114954085,"[0.6422061596480201, 0.7311439346323066, 0.6962602137020742, 0.727215587680704, 0.6198931489629164, 0.8489943431803897, 0.72438717787555, 0.9303896920175988, 0.7416719044626021, 0.7416719044626021, 0.7450320763573776, 0.7005163511187608, 0.7329838835862932, 0.726959787200751, 0.6110937255515569, 0.7027450980392156, 0.7956862745098039, 0.7129411764705881, 0.7211764705882353, 0.724313725490196, 0.8233453293694257, 0.6981693005789391, 0.8312470661868252, 0.8321858864027539, 0.7264903770927867]","{'entropicotmappingadapter__max_iter': [1000], 'entropicotmappingadapter__metric': ['sqeuclidean', 'cosine', 'cityblock'], 'entropicotmappingadapter__norm': ['median'], 'entropicotmappingadapter__reg_e': [0.1, 0.5, 1.0], 'entropicotmappingadapter__tol': [1e-06], 'finalestimator__estimator_name': ['SVC']}"
Simulated,covariate_shift,Gauss. RW,importance_weighted,Reweighting,0.8897499999999999,0.02620034987043752,"[0.8625, 0.85625, 0.8875, 0.85, 0.90625, 0.875, 0.91875, 0.925, 0.9375, 0.86875, 0.9125, 0.9, 0.875, 0.9375, 0.9125, 0.875, 0.8875, 0.85625, 0.89375, 0.85625, 0.88125, 0.925, 0.88125, 0.8875, 0.875]",0.8932184357774521,0.025337383510985176,"[0.8683218101822753, 0.8634506599622879, 0.8925204274041483, 0.8557510999371465, 0.9099622878692646, 0.8808925204274041, 0.9225329981143936, 0.9274041483343808, 0.9418604651162792, 0.8760213702074168, 0.9156626506024096, 0.9007979971835394, 0.8790486621811924, 0.9388202159286496, 0.914723830386481, 0.8792156862745097, 0.8901960784313725, 0.8592156862745097, 0.8952941176470588, 0.8592156862745097, 0.8831951181348772, 0.926302613049601, 0.8827257080269129, 0.8892192145204194, 0.8781098419652636]",0.8896222248069817,0.02629743865595825,"[0.8623495858727926, 0.855772238514174, 0.8875, 0.8498359118612283, 0.9063489117267788, 0.8748632598843571, 0.9188357234965416, 0.925105617274292, 0.9375488357555868, 0.8683137829912024, 0.9121162280701752, 0.9000312548835755, 0.8739393463230674, 0.9375, 0.912363195747342, 0.8748827941865918, 0.8875703234880451, 0.856300539083558, 0.8938538611925709, 0.856300539083558, 0.8811247118127467, 0.925, 0.8812175280284386, 0.8874296765119549, 0.8744517543859649]",0.8932184357774521,0.02533738351098516,"[0.8683218101822753, 0.863450659962288, 0.8925204274041483, 0.8557510999371465, 0.9099622878692646, 0.8808925204274041, 0.9225329981143936, 0.9274041483343808, 0.9418604651162792, 0.8760213702074169, 0.9156626506024096, 0.9007979971835396, 0.8790486621811923, 0.9388202159286496, 0.914723830386481, 0.8792156862745099, 0.8901960784313726, 0.8592156862745098, 0.8952941176470589, 0.8592156862745098, 0.8831951181348772, 0.926302613049601, 0.8827257080269129, 0.8892192145204193, 0.8781098419652636]","{'finalestimator__estimator_name': ['SVC'], 'gaussianreweightadapter__reg': ['auto', 1e-05, 0.01, 0.5]}"
Simulated,covariate_shift,LinOT,importance_weighted,Mapping,0.77,0.0885171534694453,"[0.6625, 0.7625, 0.7375, 0.71875, 0.625, 0.7375, 0.71875, 0.8, 0.775, 0.7875, 0.925, 0.7, 0.8875, 0.75, 0.63125, 0.70625, 0.86875, 0.68125, 0.85625, 0.7625, 0.89375, 0.91875, 0.8875, 0.7125, 0.74375]",0.7671917045800519,0.0908627569943167,"[0.6587052168447518, 0.7479572595851666, 0.7275298554368321, 0.7185732243871779, 0.6247642991829039, 0.7369578881206789, 0.7157448145820239, 0.7932118164676305, 0.7746700188560653, 0.7815839094908863, 0.927710843373494, 0.6934751994992958, 0.8910968549522766, 0.751525582850884, 0.6351901110937256, 0.692156862745098, 0.8709803921568627, 0.6662745098039216, 0.8592156862745097, 0.7552941176470589, 0.8938350805820685, 0.9202785166640588, 0.8882803943044907, 0.7106869034579878, 0.7440932561414489]",0.7668264820142865,0.09074703091240044,"[0.6616477272727274, 0.7514166666666668, 0.7317611336032389, 0.7190475723970374, 0.6254699248120301, 0.7377058823529412, 0.7182512315270936, 0.7976982097186701, 0.7751764705882354, 0.7856386367255932, 0.924788765451416, 0.68984375, 0.8867941176470587, 0.7498437255821223, 0.6276684951437221, 0.6886999494758115, 0.8688577038802704, 0.6599549310710499, 0.856300539083558, 0.7585359492858288, 0.8937707722385142, 0.9187277823352474, 0.8875351617440224, 0.7116868321810182, 0.7438401195732874]",0.7671917045800519,0.09086275699431674,"[0.6587052168447517, 0.7479572595851666, 0.7275298554368321, 0.7185732243871779, 0.6247642991829039, 0.7369578881206789, 0.7157448145820239, 0.7932118164676304, 0.7746700188560655, 0.7815839094908862, 0.927710843373494, 0.6934751994992959, 0.8910968549522766, 0.751525582850884, 0.6351901110937255, 0.692156862745098, 0.8709803921568628, 0.6662745098039217, 0.8592156862745098, 0.7552941176470589, 0.8938350805820685, 0.9202785166640588, 0.8882803943044907, 0.7106869034579878, 0.7440932561414489]","{'finalestimator__estimator_name': ['SVC'], 'linearotmappingadapter__bias': [True, False], 'linearotmappingadapter__reg': [1e-08, 1e-06, 0.1, 1, 10]}"
Simulated,covariate_shift,NN RW,importance_weighted,Reweighting,0.88575,0.026853188823676086,"[0.84375, 0.8375, 0.88125, 0.85, 0.88125, 0.8875, 0.925, 0.925, 0.9375, 0.86875, 0.89375, 0.89375, 0.8875, 0.90625, 0.91875, 0.875, 0.9, 0.8625, 0.89375, 0.84375, 0.8875, 0.91875, 0.88125, 0.86875, 0.875]",0.8894878961630894,0.025836147945819562,"[0.8508799497171591, 0.8469516027655563, 0.8867064739157762, 0.8557510999371465, 0.8876492771841609, 0.8944060339409177, 0.9292897548711504, 0.9274041483343808, 0.9418604651162792, 0.8760213702074168, 0.8975903614457832, 0.8933656704741042, 0.8910968549522766, 0.9086997340009388, 0.9207479267720232, 0.8792156862745097, 0.9019607843137256, 0.8650980392156862, 0.8945098039215686, 0.8474509803921568, 0.8892192145204194, 0.9207479267720232, 0.8827257080269129, 0.8711469253637929, 0.8767016116413706]",0.8855449050768983,0.02701736311093086,"[0.8432306940371456, 0.8360980392156863, 0.8811896949099574, 0.8498359118612283, 0.8810411863545777, 0.8872185741088181, 0.9250586029067044, 0.925105617274292, 0.9375488357555868, 0.8683137829912024, 0.8929701911377996, 0.8937208915502328, 0.8867941176470587, 0.9060483870967742, 0.9186642765034584, 0.8748827941865918, 0.900093808630394, 0.8625859509298326, 0.8938373253493014, 0.8436828587054181, 0.8874296765119549, 0.9186642765034584, 0.8812175280284386, 0.8684677419354838, 0.8749218627910611]",0.8894878961630894,0.02583614794581953,"[0.8508799497171591, 0.8469516027655563, 0.8867064739157763, 0.8557510999371465, 0.8876492771841609, 0.8944060339409177, 0.9292897548711502, 0.9274041483343808, 0.9418604651162792, 0.8760213702074169, 0.8975903614457832, 0.8933656704741042, 0.8910968549522766, 0.9086997340009388, 0.9207479267720232, 0.8792156862745099, 0.9019607843137256, 0.8650980392156862, 0.8945098039215686, 0.8474509803921568, 0.8892192145204193, 0.9207479267720232, 0.8827257080269129, 0.8711469253637929, 0.8767016116413706]","{'finalestimator__estimator_name': ['SVC'], 'nearestneighborreweightadapter__laplace_smoothing': [True, False], 'nearestneighborreweightadapter__n_neighbors': [1]}"
Simulated,covariate_shift,MapOT,importance_weighted,Mapping,0.705,0.052539667553827045,"[0.66875, 0.71875, 0.70625, 0.71875, 0.59375, 0.63125, 0.73125, 0.7875, 0.625, 0.7625, 0.7375, 0.7125, 0.73125, 0.7375, 0.625, 0.71875, 0.7875, 0.70625, 0.7375, 0.725, 0.60625, 0.725, 0.68125, 0.7125, 0.7375]",0.704814185457259,0.054125371898835394,"[0.6664047768698931, 0.7176304211187932, 0.7078881206788183, 0.7204588309239472, 0.588152105593966, 0.630578252671276, 0.7292583280955374, 0.7891263356379636, 0.6228786926461345, 0.7630421118793211, 0.7375997496479425, 0.7125645438898451, 0.7320450633703646, 0.7390079799718354, 0.6240025035205758, 0.7203921568627452, 0.7890196078431373, 0.7047058823529412, 0.7388235294117647, 0.7301960784313726, 0.602644343608199, 0.7232045063370365, 0.6772805507745266, 0.7149115944296667, 0.7385385698638711]",0.7045743323667708,0.05313655525629735,"[0.6685806692619245, 0.718871423525256, 0.7066520039100684, 0.7191348973607038, 0.5916092158960339, 0.6316401504761158, 0.7311126184577876, 0.7877992489438272, 0.625, 0.7627976190476191, 0.7375820825515947, 0.7125898999374609, 0.7313024922848548, 0.7373359118612284, 0.624765037593985, 0.7189807940291508, 0.7876993433395872, 0.7061231798736214, 0.7377462476547842, 0.7239672977624785, 0.602396588612861, 0.7242221873035827, 0.6772591319209825, 0.7116902675637615, 0.7375]",0.704814185457259,0.05412537189883539,"[0.6664047768698931, 0.7176304211187932, 0.7078881206788183, 0.7204588309239472, 0.5881521055939661, 0.6305782526712759, 0.7292583280955374, 0.7891263356379636, 0.6228786926461346, 0.7630421118793211, 0.7375997496479425, 0.7125645438898451, 0.7320450633703646, 0.7390079799718354, 0.6240025035205758, 0.720392156862745, 0.7890196078431373, 0.7047058823529413, 0.7388235294117647, 0.7301960784313726, 0.6026443436081991, 0.7232045063370365, 0.6772805507745265, 0.7149115944296667, 0.7385385698638711]","{'finalestimator__estimator_name': ['SVC'], 'otmappingadapter__max_iter': [1000000], 'otmappingadapter__metric': ['sqeuclidean', 'cosine', 'cityblock'], 'otmappingadapter__norm': ['median']}"
Simulated,covariate_shift,SA,importance_weighted,Subspace,0.742,0.03782498072262124,"[0.69375, 0.76875, 0.75, 0.7875, 0.7125, 0.75625, 0.7375, 0.7625, 0.76875, 0.75, 0.775, 0.6875, 0.80625, 0.775, 0.73125, 0.6875, 0.78125, 0.66875, 0.7625, 0.75625, 0.675, 0.70625, 0.74375, 0.775, 0.73125]",0.7309079024580285,0.03931261454514261,"[0.6736329352608422, 0.7518856065367693, 0.7382149591451916, 0.7759270898805782, 0.6986172218730358, 0.7468573224387178, 0.7209302325581395, 0.7498428661219358, 0.7547140163419233, 0.7344437460716531, 0.7685808167735879, 0.6804881865122829, 0.8005789391331559, 0.7681114066656235, 0.7245345016429354, 0.672156862745098, 0.7690196078431373, 0.6529411764705882, 0.7513725490196079, 0.7478431372549019, 0.6651541229854483, 0.6971522453450164, 0.7361132843060554, 0.7695196369895165, 0.724065091534971]",0.7296678857074339,0.04336197920636679,"[0.6672648810817862, 0.7541834570519617, 0.7423498609065619, 0.7809973817705776, 0.7007410167246233, 0.7513964618926451, 0.7218813387423936, 0.7540569453587886, 0.7586371942356409, 0.7367846954186945, 0.7673828125, 0.6753293241695303, 0.8010304333777615, 0.7662371134020619, 0.7214806617437068, 0.6654637199795606, 0.7709752273765522, 0.6441232739087683, 0.7533533574720211, 0.7508254574094269, 0.6495358541986034, 0.6865726706243948, 0.7316201353637901, 0.7694148936170213, 0.7200589743589744]",0.7309079024580285,0.03931261454514259,"[0.6736329352608422, 0.7518856065367693, 0.7382149591451918, 0.7759270898805781, 0.6986172218730359, 0.7468573224387177, 0.7209302325581396, 0.749842866121936, 0.7547140163419234, 0.7344437460716531, 0.7685808167735878, 0.6804881865122829, 0.8005789391331559, 0.7681114066656235, 0.7245345016429354, 0.6721568627450981, 0.7690196078431373, 0.6529411764705881, 0.7513725490196078, 0.7478431372549019, 0.6651541229854483, 0.6971522453450164, 0.7361132843060554, 0.7695196369895165, 0.724065091534971]","{'finalestimator__estimator_name': ['SVC'], 'subspacealignmentadapter__n_components': [1, 2, 5, 10, 20, 50, 100]}"
Simulated,covariate_shift,TCA,importance_weighted,Subspace,0.44925,0.19770262548838347,"[0.73125, 0.375, 0.73125, 0.73125, 0.3375, 0.8125, 0.20625, 0.15, 0.13125, 0.38125, 0.35, 0.525, 0.2, 0.45625, 0.31875, 0.3, 0.45625, 0.76875, 0.51875, 0.58125, 0.5125, 0.39375, 0.58125, 0.39375, 0.2875]",0.4468286613682292,0.19844268089342987,"[0.7283155248271527, 0.3733500942803268, 0.7302011313639221, 0.7302011313639221, 0.3469516027655562, 0.8086109365179133, 0.197517284726587, 0.1574481458202388, 0.1258642363293526, 0.3848208673790069, 0.341104678454076, 0.5337192927554374, 0.1955875449851353, 0.4510248787357221, 0.3128618369582225, 0.2933333333333333, 0.4545098039215686, 0.7729411764705882, 0.5109803921568628, 0.5807843137254902, 0.5075887967454232, 0.3809263026130496, 0.5757314974182444, 0.3936003755280863, 0.2827413550305117]",0.4392958997068323,0.20185658304649445,"[0.7307733990147783, 0.3757832080200501, 0.7313660269241335, 0.7313660269241335, 0.3257891414141414, 0.8116988447539167, 0.2002871735760563, 0.1378208156195874, 0.1308059061774999, 0.3801619710054316, 0.3131666666666666, 0.4985722467681229, 0.1911111111111111, 0.4459084084084084, 0.3032191106107514, 0.2944444444444444, 0.4564417688780908, 0.7683975811808839, 0.511524024024024, 0.5815941646119526, 0.5040840792838874, 0.3149003400295289, 0.5717034900084436, 0.393963209722168, 0.2775143334925943]",0.44682866136822924,0.19844268089342987,"[0.7283155248271528, 0.3733500942803268, 0.7302011313639221, 0.7302011313639221, 0.3469516027655562, 0.8086109365179133, 0.197517284726587, 0.1574481458202388, 0.1258642363293526, 0.3848208673790069, 0.341104678454076, 0.5337192927554373, 0.1955875449851353, 0.4510248787357221, 0.3128618369582224, 0.2933333333333334, 0.4545098039215686, 0.7729411764705881, 0.5109803921568628, 0.5807843137254902, 0.5075887967454232, 0.3809263026130496, 0.5757314974182445, 0.3936003755280863, 0.2827413550305117]","{'finalestimator__estimator_name': ['SVC'], 'transfercomponentanalysisadapter__kernel': ['rbf'], 'transfercomponentanalysisadapter__mu': [10, 100], 'transfercomponentanalysisadapter__n_components': [1, 2, 5, 10, 20, 50, 100]}"
Simulated,covariate_shift,TSL,importance_weighted,Subspace,0.88075,0.025953183009668247,"[0.85, 0.85, 0.88125, 0.8375, 0.8875, 0.875, 0.91875, 0.91875, 0.925, 0.86875, 0.8875, 0.86875, 0.875, 0.93125, 0.9125, 0.86875, 0.875, 0.85625, 0.88125, 0.84375, 0.875, 0.9125, 0.88125, 0.8625, 0.875]",0.8848478147083457,0.02518293214344884,"[0.8566939032055312, 0.8576367064739158, 0.8876492771841609, 0.8441231929604023, 0.893463230672533, 0.8818353236957888, 0.9225329981143936, 0.9215901948460088, 0.9302325581395348, 0.8760213702074168, 0.891566265060241, 0.8711469253637929, 0.8790486621811924, 0.9327961195431076, 0.914723830386481, 0.8733333333333333, 0.8792156862745097, 0.8592156862745097, 0.8850980392156862, 0.8482352941176471, 0.8767016116413706, 0.9142544202785168, 0.8827257080269129, 0.8646534188702863, 0.8767016116413706]",0.8805193328319945,0.026072761919467925,"[0.8496247654784241, 0.849366296354248, 0.8810411863545777, 0.8370934959349594, 0.8873769338959212, 0.8746873045653534, 0.9188357234965416, 0.91886119257087, 0.925, 0.8683137829912024, 0.8865454116907605, 0.8684677419354838, 0.8739393463230674, 0.9312312004375172, 0.912363195747342, 0.8685499785080693, 0.8748827941865918, 0.856300539083558, 0.8811989726161178, 0.8435118791762729, 0.8749218627910611, 0.9124453039537428, 0.8812175280284386, 0.8622850218886804, 0.8749218627910611]",0.8848478147083457,0.02518293214344882,"[0.8566939032055312, 0.8576367064739158, 0.8876492771841609, 0.8441231929604023, 0.8934632306725331, 0.8818353236957888, 0.9225329981143936, 0.9215901948460088, 0.9302325581395348, 0.8760213702074169, 0.891566265060241, 0.8711469253637929, 0.8790486621811923, 0.9327961195431074, 0.914723830386481, 0.8733333333333334, 0.8792156862745099, 0.8592156862745098, 0.8850980392156862, 0.8482352941176471, 0.8767016116413706, 0.9142544202785168, 0.8827257080269129, 0.8646534188702863, 0.8767016116413706]","{'finalestimator__estimator_name': ['SVC'], 'transfersubspacelearningadapter__base_method': ['flda'], 'transfersubspacelearningadapter__length_scale': [2], 'transfersubspacelearningadapter__max_iter': [300], 'transfersubspacelearningadapter__mu': [0.1, 1, 10], 'transfersubspacelearningadapter__n_components': [1, 2, 5, 10, 20, 50, 100], 'transfersubspacelearningadapter__reg': [0.0001], 'transfersubspacelearningadapter__tol': [0.0001]}"
Simulated,subspace,CORAL,importance_weighted,Mapping,0.18666666666666665,0.028514534955066402,"[0.1625, 0.1666666666666666, 0.2083333333333333, 0.1583333333333333, 0.1791666666666666, 0.1875, 0.1583333333333333, 0.225, 0.2291666666666666, 0.2166666666666666, 0.1875, 0.1458333333333333, 0.1416666666666666, 0.15, 0.175, 0.2, 0.2125, 0.1583333333333333, 0.2, 0.1916666666666666, 0.1875, 0.1958333333333333, 0.2041666666666666, 0.2541666666666666, 0.1708333333333333]",0.18666666666666665,0.02851453495506639,"[0.1625, 0.1666666666666666, 0.2083333333333333, 0.1583333333333333, 0.1791666666666666, 0.1875, 0.1583333333333333, 0.225, 0.2291666666666666, 0.2166666666666666, 0.1875, 0.1458333333333333, 0.1416666666666667, 0.15, 0.175, 0.2, 0.2125, 0.1583333333333333, 0.1999999999999999, 0.1916666666666666, 0.1875, 0.1958333333333333, 0.2041666666666667, 0.2541666666666666, 0.1708333333333333]",0.16530344875705968,0.02340296197432424,"[0.1463608854913203, 0.1474850809889173, 0.1833225875779067, 0.1449735449735449, 0.1633487285661198, 0.1654630075429305, 0.1389599317988065, 0.1898366606170599, 0.2036017291169665, 0.1894222477723484, 0.1605531739340998, 0.1313405957026077, 0.126131221719457, 0.1382709096029287, 0.1560102301790281, 0.1721759126185685, 0.1911410688493018, 0.1467192340185863, 0.1771428571428571, 0.1730605285592497, 0.1654630075429305, 0.1716590067776605, 0.1777725960072465, 0.2217250312505661, 0.1506464405754832]",0.18666666666666665,0.028514534955066402,"[0.1625, 0.1666666666666666, 0.2083333333333333, 0.1583333333333333, 0.1791666666666666, 0.1875, 0.1583333333333333, 0.225, 0.2291666666666666, 0.2166666666666666, 0.1874999999999999, 0.1458333333333333, 0.1416666666666666, 0.15, 0.175, 0.2, 0.2125, 0.1583333333333333, 0.1999999999999999, 0.1916666666666666, 0.1875, 0.1958333333333333, 0.2041666666666667, 0.2541666666666666, 0.1708333333333333]","{'coraladapter__reg': ['auto'], 'finalestimator__estimator_name': ['SVC']}"
Simulated,subspace,DASVM,importance_weighted,Other,0.1363333333333333,0.042534708049884254,"[0.1041666666666666, 0.2, 0.2166666666666666, 0.1291666666666666, 0.1, 0.1666666666666666, 0.1125, 0.1125, 0.1291666666666666, 0.2, 0.1125, 0.075, 0.1125, 0.1125, 0.0625, 0.1166666666666666, 0.1583333333333333, 0.175, 0.1291666666666666, 0.1291666666666666, 0.0958333333333333, 0.1583333333333333, 0.1875, 0.2083333333333333, 0.1041666666666666]",0.1363333333333333,0.04253470804988425,"[0.1041666666666666, 0.2, 0.2166666666666666, 0.1291666666666666, 0.0999999999999999, 0.1666666666666666, 0.1125, 0.1125, 0.1291666666666666, 0.1999999999999999, 0.1125, 0.075, 0.1125, 0.1124999999999999, 0.0625, 0.1166666666666666, 0.1583333333333333, 0.175, 0.1291666666666666, 0.1291666666666666, 0.0958333333333333, 0.1583333333333333, 0.1875, 0.2083333333333333, 0.1041666666666666]",0.12400813482281046,0.035255171401012135,"[0.0943396226415094, 0.1721759126185685, 0.1840277777777777, 0.1210947766816772, 0.0937062937062937, 0.1474850809889173, 0.1027643703378674, 0.1027643703378674, 0.1210947766816772, 0.1771428571428571, 0.1042736240822834, 0.0708705357142857, 0.1027643703378674, 0.108024637504144, 0.0597412547230589, 0.1077441077441077, 0.1467192340185863, 0.1581036071150166, 0.1196138657305836, 0.1210947766816772, 0.0888573977851257, 0.1449735449735449, 0.1654630075429305, 0.1857142857142857, 0.099649281987751]",0.1363333333333333,0.04253470804988428,"[0.1041666666666666, 0.2, 0.2166666666666667, 0.1291666666666666, 0.1, 0.1666666666666666, 0.1124999999999999, 0.1124999999999999, 0.1291666666666666, 0.1999999999999999, 0.1125, 0.0749999999999999, 0.1124999999999999, 0.1124999999999999, 0.0624999999999999, 0.1166666666666667, 0.1583333333333333, 0.175, 0.1291666666666666, 0.1291666666666666, 0.0958333333333333, 0.1583333333333333, 0.1875, 0.2083333333333333, 0.1041666666666666]","{'dasvmclassifier__base_estimator__estimator_name': ['SVC'], 'dasvmclassifier__max_iter': [200]}"
Simulated,subspace,JDOT,importance_weighted,Other,0.14299999999999996,0.024137913929933724,"[0.15, 0.1208333333333333, 0.1583333333333333, 0.1458333333333333, 0.1291666666666666, 0.1541666666666666, 0.1541666666666666, 0.15, 0.1708333333333333, 0.1791666666666666, 0.125, 0.0875, 0.1125, 0.1083333333333333, 0.1083333333333333, 0.1458333333333333, 0.1791666666666666, 0.1625, 0.1666666666666666, 0.1708333333333333, 0.1208333333333333, 0.1541666666666666, 0.1416666666666666, 0.15, 0.1291666666666666]",0.14299999999999996,0.024137913929933724,"[0.15, 0.1208333333333333, 0.1583333333333333, 0.1458333333333333, 0.1291666666666666, 0.1541666666666666, 0.1541666666666666, 0.15, 0.1708333333333333, 0.1791666666666666, 0.125, 0.0875, 0.1125, 0.1083333333333333, 0.1083333333333333, 0.1458333333333333, 0.1791666666666666, 0.1625, 0.1666666666666666, 0.1708333333333333, 0.1208333333333333, 0.1541666666666666, 0.1416666666666666, 0.15, 0.1291666666666666]",0.14236052853955697,0.02400432494134806,"[0.1485217391304347, 0.1204515848892748, 0.1580994720755765, 0.145106079824851, 0.1290305776944314, 0.1537993920972644, 0.1534465083143646, 0.1497638232842456, 0.1707037557951763, 0.1788102475032566, 0.1247568769102528, 0.0873573995936865, 0.1124845917463845, 0.1077756931415468, 0.108085579327591, 0.1456998489347293, 0.1788102475032566, 0.1613206071037396, 0.1652173913043478, 0.1690878407766314, 0.1195952641735774, 0.1523860888324431, 0.1414281744929147, 0.1499409681227863, 0.1273334609161606]",0.14299999999999996,0.02413791392993372,"[0.15, 0.1208333333333333, 0.1583333333333333, 0.1458333333333333, 0.1291666666666667, 0.1541666666666666, 0.1541666666666666, 0.1499999999999999, 0.1708333333333333, 0.1791666666666666, 0.1249999999999999, 0.0875, 0.1125, 0.1083333333333333, 0.1083333333333333, 0.1458333333333333, 0.1791666666666666, 0.1624999999999999, 0.1666666666666666, 0.1708333333333333, 0.1208333333333333, 0.1541666666666666, 0.1416666666666666, 0.15, 0.1291666666666666]","{'jdotclassifier__alpha': [0.1, 0.3, 0.5, 0.7, 0.9], 'jdotclassifier__base_estimator__estimator_name': ['SVC'], 'jdotclassifier__n_iter_max': [100], 'jdotclassifier__thr_weights': [1e-07], 'jdotclassifier__tol': [1e-06]}"
Simulated,subspace,KLIEP,importance_weighted,Reweighting,0.19116666666666662,0.033361966868476645,"[0.1625, 0.1583333333333333, 0.2041666666666666, 0.15, 0.1791666666666666, 0.2083333333333333, 0.1416666666666666, 0.25, 0.2416666666666666, 0.2083333333333333, 0.1833333333333333, 0.1416666666666666, 0.1458333333333333, 0.1541666666666666, 0.175, 0.2, 0.2166666666666666, 0.1666666666666666, 0.2083333333333333, 0.2041666666666666, 0.2041666666666666, 0.2041666666666666, 0.1875, 0.2541666666666666, 0.2291666666666666]",0.19116666666666662,0.03336196686847663,"[0.1625, 0.1583333333333333, 0.2041666666666666, 0.15, 0.1791666666666666, 0.2083333333333333, 0.1416666666666667, 0.25, 0.2416666666666666, 0.2083333333333333, 0.1833333333333333, 0.1416666666666666, 0.1458333333333333, 0.1541666666666666, 0.175, 0.2, 0.2166666666666666, 0.1666666666666666, 0.2083333333333333, 0.2041666666666666, 0.2041666666666667, 0.2041666666666667, 0.1875, 0.2541666666666666, 0.2291666666666666]",0.16799426720839336,0.026349138704002805,"[0.1463608854913203, 0.1410955991779462, 0.1751686909581646, 0.1382709096029287, 0.165239499284945, 0.1807990801954584, 0.126131221719457, 0.2068155111633372, 0.2127460168697282, 0.1807990801954584, 0.1575327745540511, 0.128042328042328, 0.1293730424165206, 0.1416339258972145, 0.1560102301790281, 0.1721759126185685, 0.1942857142857143, 0.1534391534391534, 0.1833225875779067, 0.1751686909581646, 0.1777725960072465, 0.1777725960072465, 0.1654630075429305, 0.2217250312505661, 0.1927125947744504]",0.19116666666666662,0.03336196686847665,"[0.1625, 0.1583333333333333, 0.2041666666666667, 0.15, 0.1791666666666667, 0.2083333333333333, 0.1416666666666666, 0.25, 0.2416666666666667, 0.2083333333333333, 0.1833333333333333, 0.1416666666666667, 0.1458333333333333, 0.1541666666666666, 0.175, 0.2, 0.2166666666666667, 0.1666666666666666, 0.2083333333333333, 0.2041666666666667, 0.2041666666666667, 0.2041666666666667, 0.1875, 0.2541666666666666, 0.2291666666666666]","{'finalestimator__estimator_name': ['SVC'], 'kliepreweightadapter__cv': [5], 'kliepreweightadapter__gamma': [0.0001, 0.001, 0.01, 0.1, 1.0, 10.0, 100.0, 1000.0, 'auto', 'scale'], 'kliepreweightadapter__max_iter': [1000], 'kliepreweightadapter__n_centers': [100], 'kliepreweightadapter__random_state': [0], 'kliepreweightadapter__tol': [1e-06]}"
Simulated,subspace,KMM,importance_weighted,Reweighting,0.16266666666666663,0.03279689884842883,"[0.15, 0.1583333333333333, 0.1833333333333333, 0.125, 0.1458333333333333, 0.1416666666666666, 0.1458333333333333, 0.1541666666666666, 0.1125, 0.1916666666666666, 0.1541666666666666, 0.1333333333333333, 0.1166666666666666, 0.15, 0.1708333333333333, 0.2291666666666666, 0.1708333333333333, 0.125, 0.175, 0.1375, 0.175, 0.2166666666666666, 0.2166666666666666, 0.2208333333333333, 0.1666666666666666]",0.16266666666666663,0.03279689884842884,"[0.15, 0.1583333333333333, 0.1833333333333333, 0.125, 0.1458333333333333, 0.1416666666666666, 0.1458333333333333, 0.1541666666666666, 0.1124999999999999, 0.1916666666666666, 0.1541666666666666, 0.1333333333333333, 0.1166666666666666, 0.15, 0.1708333333333333, 0.2291666666666666, 0.1708333333333333, 0.125, 0.175, 0.1375, 0.175, 0.2166666666666666, 0.2166666666666666, 0.2208333333333333, 0.1666666666666666]",0.14823660714498665,0.02696076757257123,"[0.1346153846153846, 0.1430995475113122, 0.16, 0.117585265074585, 0.1379159292810709, 0.1314735436722647, 0.1293730424165206, 0.1508496732026144, 0.108024637504144, 0.175111615052087, 0.1357871396895787, 0.1195767195767195, 0.1061766565947579, 0.139905839364767, 0.1528159645232816, 0.2010796221322537, 0.1617376042123738, 0.117585265074585, 0.1713169642857143, 0.1280386134269416, 0.1560102301790281, 0.1840277777777777, 0.1867925888544445, 0.1974105402457125, 0.1596050143567476]",0.16266666666666663,0.03279689884842885,"[0.15, 0.1583333333333333, 0.1833333333333333, 0.125, 0.1458333333333333, 0.1416666666666666, 0.1458333333333333, 0.1541666666666666, 0.1124999999999999, 0.1916666666666666, 0.1541666666666666, 0.1333333333333333, 0.1166666666666666, 0.15, 0.1708333333333333, 0.2291666666666666, 0.1708333333333333, 0.125, 0.175, 0.1374999999999999, 0.175, 0.2166666666666667, 0.2166666666666666, 0.2208333333333333, 0.1666666666666666]","{'finalestimator__estimator_name': ['SVC'], 'kmmreweightadapter__B': [1000.0], 'kmmreweightadapter__gamma': [0.0001, 0.001, 0.01, 0.1, 1.0, 10.0, 100.0, 1000.0, None], 'kmmreweightadapter__max_iter': [1000], 'kmmreweightadapter__smooth_weights': [False], 'kmmreweightadapter__tol': [1e-06]}"
Simulated,subspace,MMD-LS,importance_weighted,Mapping,0.5155,0.28984680260696594,"[0.4125, 0.425, 0.4625, 0.425, 0.4083333333333333, 0.4583333333333333, 0.0958333333333333, 0.1166666666666666, 0.0916666666666666, 0.1083333333333333, 0.1291666666666666, 0.725, 0.3833333333333333, 0.4625, 0.4541666666666666, 0.7375, 0.4208333333333333, 0.7041666666666667, 0.9833333333333332, 0.7416666666666667, 0.9833333333333332, 0.7458333333333333, 0.9791666666666666, 0.45, 0.9833333333333332]",0.5155,0.28984680260696594,"[0.4125, 0.425, 0.4625, 0.425, 0.4083333333333333, 0.4583333333333333, 0.0958333333333333, 0.1166666666666666, 0.0916666666666666, 0.1083333333333333, 0.1291666666666666, 0.725, 0.3833333333333333, 0.4625, 0.4541666666666666, 0.7375, 0.4208333333333334, 0.7041666666666667, 0.9833333333333334, 0.7416666666666667, 0.9833333333333334, 0.7458333333333333, 0.9791666666666666, 0.4499999999999999, 0.9833333333333334]",0.5093333883295922,0.29117321027242904,"[0.4124081887794967, 0.4217473287240729, 0.4583530152731853, 0.4243604004449388, 0.407304347826087, 0.453743259331886, 0.0874524714828897, 0.1044776119402985, 0.0839694656488549, 0.0977443609022556, 0.1143911439114391, 0.7066666666666668, 0.3812277890042505, 0.4597895691926507, 0.4507241566065095, 0.7287941023479401, 0.4154649471710676, 0.6837357783180831, 0.9833287024173384, 0.7309027777777779, 0.9833287024173384, 0.7328028325819934, 0.9791663049705724, 0.4481220820848721, 0.9833287024173384]",0.5155,0.28984680260696594,"[0.4125, 0.4249999999999999, 0.4625, 0.425, 0.4083333333333333, 0.4583333333333333, 0.0958333333333333, 0.1166666666666666, 0.0916666666666666, 0.1083333333333333, 0.1291666666666666, 0.7250000000000001, 0.3833333333333333, 0.4625, 0.4541666666666666, 0.7374999999999999, 0.4208333333333333, 0.7041666666666667, 0.9833333333333334, 0.7416666666666666, 0.9833333333333334, 0.7458333333333333, 0.9791666666666669, 0.45, 0.9833333333333334]","{'finalestimator__estimator_name': ['SVC'], 'mmdlsconsmappingadapter__gamma': [0.1, 1, 10], 'mmdlsconsmappingadapter__max_iter': [100], 'mmdlsconsmappingadapter__reg_k': [1e-10, 1e-08], 'mmdlsconsmappingadapter__reg_m': [1e-10, 1e-08], 'mmdlsconsmappingadapter__tol': [1e-05]}"
Simulated,subspace,Train Src,importance_weighted,NO DA,0.18966666666666665,0.03270059179439576,"[0.1666666666666666, 0.1583333333333333, 0.2125, 0.15, 0.1791666666666666, 0.2083333333333333, 0.1583333333333333, 0.2375, 0.2416666666666666, 0.2333333333333333, 0.1833333333333333, 0.1416666666666666, 0.1416666666666666, 0.15, 0.175, 0.2, 0.2166666666666666, 0.1583333333333333, 0.2083333333333333, 0.1875, 0.1875, 0.2041666666666666, 0.2125, 0.2541666666666666, 0.175]",0.18966666666666665,0.03270059179439575,"[0.1666666666666666, 0.1583333333333333, 0.2125, 0.15, 0.1791666666666666, 0.2083333333333333, 0.1583333333333333, 0.2375, 0.2416666666666666, 0.2333333333333333, 0.1833333333333333, 0.1416666666666666, 0.1416666666666667, 0.15, 0.175, 0.2, 0.2166666666666666, 0.1583333333333333, 0.2083333333333333, 0.1875, 0.1875, 0.2041666666666667, 0.2125, 0.2541666666666666, 0.175]",0.16730773004612762,0.0261212594575898,"[0.1515837104072398, 0.1410955991779462, 0.1838056680161943, 0.1382709096029287, 0.165239499284945, 0.1807990801954584, 0.1389599317988065, 0.1984084977459801, 0.2127460168697282, 0.2013888888888889, 0.1575327745540511, 0.128042328042328, 0.126131221719457, 0.1382709096029287, 0.1560102301790281, 0.1721759126185685, 0.1919191919191919, 0.1467192340185863, 0.1833225875779067, 0.1677188739307499, 0.1654630075429305, 0.1777725960072465, 0.1838056680161943, 0.2217250312505661, 0.1537858821853408]",0.18966666666666665,0.03270059179439576,"[0.1666666666666666, 0.1583333333333333, 0.2125, 0.15, 0.1791666666666667, 0.2083333333333333, 0.1583333333333333, 0.2375, 0.2416666666666667, 0.2333333333333333, 0.1833333333333333, 0.1416666666666667, 0.1416666666666666, 0.15, 0.175, 0.2, 0.2166666666666666, 0.1583333333333333, 0.2083333333333333, 0.1875, 0.1875, 0.2041666666666667, 0.2125, 0.2541666666666666, 0.175]",{'finalestimator__estimator_name': ['SVC']}
Simulated,subspace,NO_DA_SOURCE_ONLY_BASE_ESTIM,importance_weighted,Unknown,,,"[NaN, NaN, NaN, NaN, NaN, NaN, NaN, NaN, NaN, NaN, NaN, NaN, NaN, NaN, NaN, NaN, NaN, NaN, NaN, NaN, NaN, NaN, NaN, NaN, NaN]",,,"[NaN, NaN, NaN, NaN, NaN, NaN, NaN, NaN, NaN, NaN, NaN, NaN, NaN, NaN, NaN, NaN, NaN, NaN, NaN, NaN, NaN, NaN, NaN, NaN, NaN]",,,"[NaN, NaN, NaN, NaN, NaN, NaN, NaN, NaN, NaN, NaN, NaN, NaN, NaN, NaN, NaN, NaN, NaN, NaN, NaN, NaN, NaN, NaN, NaN, NaN, NaN]",,,"[NaN, NaN, NaN, NaN, NaN, NaN, NaN, NaN, NaN, NaN, NaN, NaN, NaN, NaN, NaN, NaN, NaN, NaN, NaN, NaN, NaN, NaN, NaN, NaN, NaN]",{'finalestimator__estimator_name': ['SVC']}
Simulated,subspace,Train Tgt,importance_weighted,NO DA,0.9846666666666667,0.008395600699837451,"[0.9916666666666668, 0.9833333333333332, 0.9833333333333332, 0.9875, 0.9875, 0.9958333333333332, 0.9791666666666666, 0.9833333333333332, 0.9666666666666668, 0.9791666666666666, 0.9791666666666666, 0.9958333333333332, 0.9958333333333332, 0.9625, 0.9958333333333332, 0.9916666666666668, 0.9833333333333332, 0.9916666666666668, 0.9791666666666666, 0.9791666666666666, 0.9875, 0.9875, 0.9791666666666666, 0.9875, 0.9833333333333332]",0.9846666666666667,0.008395600699837425,"[0.9916666666666668, 0.9833333333333334, 0.9833333333333334, 0.9875, 0.9875, 0.9958333333333332, 0.9791666666666669, 0.9833333333333334, 0.9666666666666668, 0.9791666666666669, 0.9791666666666666, 0.9958333333333332, 0.9958333333333332, 0.9625, 0.9958333333333332, 0.9916666666666668, 0.9833333333333334, 0.9916666666666668, 0.9791666666666669, 0.9791666666666669, 0.9875, 0.9875, 0.9791666666666666, 0.9875, 0.9833333333333334]",0.9846641600001927,0.008398578186465482,"[0.9916660879227724, 0.9833321758455448, 0.9833321758455448, 0.9874980465697764, 0.9874997829823436, 0.9958332609941144, 0.9791634109496276, 0.9833321758455448, 0.966645820304357, 0.9791634109496276, 0.9791663049705724, 0.9958332609941144, 0.9958332609941144, 0.9624941397093296, 0.9958332609941144, 0.9916666666666668, 0.9833287024173384, 0.9916666666666668, 0.9791634109496276, 0.9791576204950064, 0.9874980465697764, 0.9874980465697764, 0.9791663049705724, 0.9874997829823436, 0.9833321758455448]",0.9846666666666667,0.008395600699837405,"[0.9916666666666666, 0.9833333333333334, 0.9833333333333334, 0.9875, 0.9875, 0.9958333333333332, 0.9791666666666669, 0.9833333333333334, 0.9666666666666668, 0.9791666666666669, 0.9791666666666669, 0.9958333333333332, 0.9958333333333332, 0.9625, 0.9958333333333332, 0.9916666666666668, 0.9833333333333334, 0.9916666666666668, 0.9791666666666669, 0.9791666666666669, 0.9875, 0.9875, 0.9791666666666669, 0.9875, 0.9833333333333334]",{'finalestimator__estimator_name': ['SVC']}
Simulated,subspace,OTLabelProp,importance_weighted,Other,0.12916666666666662,0.039105300625836364,"[0.1083333333333333, 0.1208333333333333, 0.1583333333333333, 0.1416666666666666, 0.1291666666666666, 0.1625, 0.1291666666666666, 0.15, 0.1708333333333333, 0.1791666666666666, 0.125, 0.0833333333333333, 0.1083333333333333, 0.0916666666666666, 0.0791666666666666, 0.1458333333333333, 0.1791666666666666, 0.1625, 0.1666666666666666, 0.1708333333333333, 0.1083333333333333, 0.1333333333333333, 0.1416666666666666, 0.0416666666666666, 0.0416666666666666]",0.12916666666666662,0.03910530062583636,"[0.1083333333333333, 0.1208333333333333, 0.1583333333333333, 0.1416666666666666, 0.1291666666666666, 0.1624999999999999, 0.1291666666666666, 0.15, 0.1708333333333333, 0.1791666666666666, 0.125, 0.0833333333333333, 0.1083333333333333, 0.0916666666666666, 0.0791666666666666, 0.1458333333333333, 0.1791666666666666, 0.1625, 0.1666666666666666, 0.1708333333333333, 0.1083333333333333, 0.1333333333333333, 0.1416666666666666, 0.0416666666666666, 0.0416666666666666]",0.128466277560365,0.03909977607924002,"[0.1052888300466866, 0.1204515848892748, 0.1580994720755765, 0.1407119021134594, 0.1290305776944314, 0.1621363438992618, 0.1287885366912722, 0.1497638232842456, 0.1707037557951763, 0.1788102475032566, 0.1247568769102528, 0.0832696715049656, 0.1083333333333333, 0.0914142817449291, 0.0783826519087418, 0.1456998489347293, 0.1788102475032566, 0.1613206071037396, 0.1652173913043478, 0.1690878407766314, 0.1077756931415468, 0.1303741899519197, 0.1414281744929147, 0.0414003889969436, 0.0406006674082313]",0.12916666666666662,0.03910530062583636,"[0.1083333333333333, 0.1208333333333333, 0.1583333333333333, 0.1416666666666667, 0.1291666666666667, 0.1625, 0.1291666666666666, 0.1499999999999999, 0.1708333333333333, 0.1791666666666666, 0.1249999999999999, 0.0833333333333333, 0.1083333333333333, 0.0916666666666666, 0.0791666666666666, 0.1458333333333333, 0.1791666666666666, 0.1624999999999999, 0.1666666666666666, 0.1708333333333333, 0.1083333333333333, 0.1333333333333333, 0.1416666666666666, 0.0416666666666666, 0.0416666666666666]","{'finalestimator__estimator_name': ['SVC'], 'otlabelpropadapter__metric': ['sqeuclidean', 'cosine', 'cityblock'], 'otlabelpropadapter__reg': [None, 0.1, 1.0]}"
Simulated,subspace,JPCA,importance_weighted,Subspace,0.18833333333333332,0.031891562508902856,"[0.1625, 0.1625, 0.2125, 0.15, 0.1791666666666666, 0.2041666666666666, 0.1583333333333333, 0.2375, 0.2416666666666666, 0.2291666666666666, 0.1833333333333333, 0.1416666666666666, 0.1375, 0.1625, 0.175, 0.1958333333333333, 0.2125, 0.1583333333333333, 0.2, 0.1916666666666666, 0.1875, 0.2083333333333333, 0.2, 0.2541666666666666, 0.1625]",0.18833333333333332,0.03189156250890286,"[0.1625, 0.1625, 0.2125, 0.15, 0.1791666666666666, 0.2041666666666667, 0.1583333333333333, 0.2375, 0.2416666666666666, 0.2291666666666666, 0.1833333333333333, 0.1416666666666666, 0.1375, 0.1625, 0.175, 0.1958333333333333, 0.2125, 0.1583333333333333, 0.1999999999999999, 0.1916666666666666, 0.1875, 0.2083333333333333, 0.2, 0.2541666666666666, 0.1625]",0.16645931624780247,0.025747454002975786,"[0.1463608854913203, 0.1443015521064301, 0.1838056680161943, 0.1382709096029287, 0.165239499284945, 0.1777725960072465, 0.1389599317988065, 0.1984084977459801, 0.2127460168697282, 0.198425737033092, 0.1575327745540511, 0.128042328042328, 0.1228658698070234, 0.1482900474937763, 0.1560102301790281, 0.1691628849706731, 0.1888266957563618, 0.1467192340185863, 0.1771428571428571, 0.1730605285592497, 0.1654630075429305, 0.1833225875779067, 0.1747259832366215, 0.2217250312505661, 0.1443015521064301]",0.18833333333333332,0.03189156250890287,"[0.1625, 0.1625, 0.2125, 0.15, 0.1791666666666667, 0.2041666666666667, 0.1583333333333333, 0.2375, 0.2416666666666667, 0.2291666666666666, 0.1833333333333333, 0.1416666666666667, 0.1374999999999999, 0.1625, 0.175, 0.1958333333333333, 0.2125, 0.1583333333333333, 0.1999999999999999, 0.1916666666666666, 0.1875, 0.2083333333333333, 0.2, 0.2541666666666666, 0.1625]","{'finalestimator__estimator_name': ['SVC'], 'pca__n_components': [1, 2, 5, 10, 20, 50, 100]}"
Simulated,subspace,MMDTarS,importance_weighted,Reweighting,0.19849999999999998,0.04017971779669715,"[0.1708333333333333, 0.1583333333333333, 0.2458333333333333, 0.15, 0.1791666666666666, 0.2041666666666666, 0.1625, 0.25, 0.2583333333333333, 0.3041666666666666, 0.1791666666666666, 0.1583333333333333, 0.1375, 0.1583333333333333, 0.175, 0.2, 0.2208333333333333, 0.1875, 0.2125, 0.1875, 0.1833333333333333, 0.2166666666666666, 0.2125, 0.2541666666666666, 0.1958333333333333]",0.19849999999999998,0.04017971779669716,"[0.1708333333333333, 0.1583333333333333, 0.2458333333333333, 0.15, 0.1791666666666666, 0.2041666666666667, 0.1625, 0.25, 0.2583333333333333, 0.3041666666666667, 0.1791666666666666, 0.1583333333333333, 0.1375, 0.1583333333333333, 0.175, 0.2, 0.2208333333333333, 0.1875, 0.2125, 0.1875, 0.1833333333333333, 0.2166666666666666, 0.2125, 0.2541666666666666, 0.1958333333333333]",0.17294277768384744,0.029849668549918853,"[0.15485480702872, 0.1410955991779462, 0.2040311497938617, 0.1382709096029287, 0.165239499284945, 0.1777725960072465, 0.1421102238978499, 0.2068155111633372, 0.2218012241329058, 0.24146936921592, 0.1544913177989592, 0.1389599317988065, 0.1228658698070234, 0.1449735449735449, 0.1560102301790281, 0.1721759126185685, 0.1949920180803932, 0.1677188739307499, 0.1863823070438198, 0.1677188739307499, 0.162333499537004, 0.1867925888544445, 0.1838056680161943, 0.2217250312505661, 0.1691628849706731]",0.19849999999999998,0.04017971779669717,"[0.1708333333333333, 0.1583333333333333, 0.2458333333333333, 0.15, 0.1791666666666667, 0.2041666666666667, 0.1624999999999999, 0.25, 0.2583333333333333, 0.3041666666666667, 0.1791666666666666, 0.1583333333333333, 0.1374999999999999, 0.1583333333333333, 0.175, 0.2, 0.2208333333333333, 0.1875, 0.2125, 0.1875, 0.1833333333333333, 0.2166666666666666, 0.2125, 0.2541666666666666, 0.1958333333333333]","{'finalestimator__estimator_name': ['SVC'], 'mmdtarsreweightadapter__gamma': [0.0001, 0.001, 0.01, 0.1, 1.0, 10.0, 100.0, 1000.0, None], 'mmdtarsreweightadapter__max_iter': [1000], 'mmdtarsreweightadapter__reg': [1e-06], 'mmdtarsreweightadapter__tol': [1e-06]}"
Simulated,subspace,ClassRegOT,importance_weighted,Mapping,0.11316666666666662,0.06002844618888491,"[0.0625, 0.025, 0.1916666666666666, 0.1375, 0.0416666666666666, 0.175, 0.0333333333333333, 0.1583333333333333, 0.1291666666666666, 0.175, 0.1333333333333333, 0.025, 0.1083333333333333, 0.1041666666666666, 0.1208333333333333, 0.1708333333333333, 0.175, 0.1666666666666666, 0.1791666666666666, 0.1791666666666666, 0.05, 0.0333333333333333, 0.0708333333333333, 0.1541666666666666, 0.0291666666666666]",0.11316666666666662,0.06002844618888491,"[0.0625, 0.025, 0.1916666666666666, 0.1375, 0.0416666666666666, 0.175, 0.0333333333333333, 0.1583333333333333, 0.1291666666666666, 0.175, 0.1333333333333333, 0.025, 0.1083333333333333, 0.1041666666666666, 0.1208333333333333, 0.1708333333333333, 0.175, 0.1666666666666666, 0.1791666666666666, 0.1791666666666666, 0.05, 0.0333333333333333, 0.0708333333333333, 0.1541666666666666, 0.0291666666666666]",0.11143028951936283,0.05885195626353363,"[0.0588235294117647, 0.024390243902439, 0.1848168639260452, 0.1367656513353373, 0.0410673337502605, 0.1680089642131802, 0.0332661990416001, 0.1580994720755765, 0.1266040988316414, 0.1721831231273082, 0.1330925257015837, 0.0249322869643725, 0.1067826086956521, 0.1040266708339844, 0.1195952641735774, 0.1690878407766314, 0.1740823136818687, 0.1666087922772414, 0.1790383914153253, 0.1701623519087319, 0.0499340231960552, 0.0332661990416001, 0.0704298740772904, 0.1516776653723598, 0.0290149502526436]",0.11316666666666661,0.06002844618888492,"[0.0625, 0.025, 0.1916666666666666, 0.1374999999999999, 0.0416666666666666, 0.175, 0.0333333333333333, 0.1583333333333333, 0.1291666666666666, 0.175, 0.1333333333333333, 0.0249999999999999, 0.1083333333333333, 0.1041666666666666, 0.1208333333333333, 0.1708333333333333, 0.175, 0.1666666666666666, 0.1791666666666666, 0.1791666666666666, 0.0499999999999999, 0.0333333333333333, 0.0708333333333333, 0.1541666666666666, 0.0291666666666666]","[{'classregularizerotmappingadapter__max_inner_iter': [1000], 'classregularizerotmappingadapter__max_iter': [10], 'classregularizerotmappingadapter__metric': ['sqeuclidean', 'cosine', 'cityblock'], 'classregularizerotmappingadapter__norm': ['lpl1'], 'classregularizerotmappingadapter__reg_cl': [0.1], 'classregularizerotmappingadapter__reg_e': [0.1], 'classregularizerotmappingadapter__tol': [1e-06], 'finalestimator__estimator_name': ['SVC']}, {'classregularizerotmappingadapter__max_inner_iter': [1000], 'classregularizerotmappingadapter__max_iter': [10], 'classregularizerotmappingadapter__metric': ['sqeuclidean', 'cosine', 'cityblock'], 'classregularizerotmappingadapter__norm': ['lpl1'], 'classregularizerotmappingadapter__reg_cl': [0.5], 'classregularizerotmappingadapter__reg_e': [0.5], 'classregularizerotmappingadapter__tol': [1e-06], 'finalestimator__estimator_name': ['SVC']}, {'classregularizerotmappingadapter__max_inner_iter': [1000], 'classregularizerotmappingadapter__max_iter': [10], 'classregularizerotmappingadapter__metric': ['sqeuclidean', 'cosine', 'cityblock'], 'classregularizerotmappingadapter__norm': ['lpl1'], 'classregularizerotmappingadapter__reg_cl': [1.0], 'classregularizerotmappingadapter__reg_e': [1.0], 'classregularizerotmappingadapter__tol': [1e-06], 'finalestimator__estimator_name': ['SVC']}]"
Simulated,subspace,Dens. RW,importance_weighted,Reweighting,0.1751666666666666,0.03781656505544351,"[0.1125, 0.1666666666666666, 0.2166666666666666, 0.1458333333333333, 0.1541666666666666, 0.2083333333333333, 0.1166666666666666, 0.1416666666666666, 0.2416666666666666, 0.1791666666666666, 0.1833333333333333, 0.1416666666666666, 0.1333333333333333, 0.1583333333333333, 0.1666666666666666, 0.2166666666666666, 0.2083333333333333, 0.1625, 0.1333333333333333, 0.1625, 0.2166666666666666, 0.2041666666666666, 0.1666666666666666, 0.2541666666666666, 0.1875]",0.1751666666666666,0.03781656505544351,"[0.1125, 0.1666666666666666, 0.2166666666666666, 0.1458333333333333, 0.1541666666666666, 0.2083333333333333, 0.1166666666666666, 0.1416666666666667, 0.2416666666666666, 0.1791666666666666, 0.1833333333333333, 0.1416666666666666, 0.1333333333333333, 0.1583333333333333, 0.1666666666666666, 0.2166666666666666, 0.2083333333333333, 0.1625, 0.1333333333333333, 0.1625, 0.2166666666666666, 0.2041666666666667, 0.1666666666666666, 0.2541666666666666, 0.1875]",0.1566557290082712,0.030765748969602744,"[0.1042736240822834, 0.1474850809889173, 0.1867925888544445, 0.1348842116368623, 0.1433243656696734, 0.1807990801954584, 0.1061766565947579, 0.1298225851872712, 0.2127460168697282, 0.1633487285661198, 0.1575327745540511, 0.128042328042328, 0.1195767195767195, 0.1449735449735449, 0.1495996031464815, 0.1919191919191919, 0.1879763515919937, 0.1500907345090646, 0.1259892149310175, 0.1500907345090646, 0.1867925888544445, 0.1777725960072465, 0.1515837104072398, 0.2217250312505661, 0.1630751622883099]",0.1751666666666666,0.03781656505544352,"[0.1125, 0.1666666666666666, 0.2166666666666666, 0.1458333333333333, 0.1541666666666666, 0.2083333333333333, 0.1166666666666666, 0.1416666666666667, 0.2416666666666667, 0.1791666666666666, 0.1833333333333333, 0.1416666666666667, 0.1333333333333333, 0.1583333333333333, 0.1666666666666666, 0.2166666666666666, 0.2083333333333333, 0.1624999999999999, 0.1333333333333333, 0.1624999999999999, 0.2166666666666666, 0.2041666666666667, 0.1666666666666666, 0.2541666666666666, 0.1875]","{'densityreweightadapter__weight_estimator__bandwidth': [0.01, 0.1, 1.0, 10.0, 100.0, 'scott', 'silverman'], 'finalestimator__estimator_name': ['SVC']}"
Simulated,subspace,Disc. RW,importance_weighted,Reweighting,0.19299999999999998,0.04397626674738361,"[0.1625, 0.15, 0.275, 0.2125, 0.1625, 0.25, 0.1458333333333333, 0.2708333333333333, 0.2625, 0.2625, 0.1791666666666666, 0.1791666666666666, 0.1333333333333333, 0.1875, 0.1708333333333333, 0.1875, 0.2291666666666666, 0.1583333333333333, 0.175, 0.1875, 0.1666666666666666, 0.1875, 0.1833333333333333, 0.225, 0.1208333333333333]",0.19299999999999998,0.043976266747383606,"[0.1625, 0.15, 0.2749999999999999, 0.2125, 0.1625, 0.25, 0.1458333333333333, 0.2708333333333333, 0.2625, 0.2625, 0.1791666666666666, 0.1791666666666666, 0.1333333333333333, 0.1875, 0.1708333333333333, 0.1875, 0.2291666666666666, 0.1583333333333333, 0.175, 0.1875, 0.1666666666666666, 0.1875, 0.1833333333333333, 0.225, 0.1208333333333333]",0.1684012428016125,0.032460409377343076,"[0.1482900474937763, 0.1346153846153846, 0.2194976076555024, 0.1863823070438198, 0.1517645197024845, 0.2068155111633372, 0.1293730424165206, 0.2168708396263355, 0.2216216216216216, 0.2216216216216216, 0.1544913177989592, 0.1544913177989592, 0.1195767195767195, 0.1698447893569844, 0.1528159645232816, 0.1630751622883099, 0.2010796221322537, 0.1449735449735449, 0.1560102301790281, 0.1677188739307499, 0.1495996031464815, 0.1654630075429305, 0.162333499537004, 0.2005157962604771, 0.1111891180342255]",0.19299999999999998,0.043976266747383586,"[0.1625, 0.15, 0.2749999999999999, 0.2125, 0.1625, 0.25, 0.1458333333333333, 0.2708333333333333, 0.2624999999999999, 0.2624999999999999, 0.1791666666666666, 0.1791666666666666, 0.1333333333333333, 0.1874999999999999, 0.1708333333333333, 0.1875, 0.2291666666666666, 0.1583333333333333, 0.175, 0.1875, 0.1666666666666666, 0.1875, 0.1833333333333333, 0.225, 0.1208333333333333]","{'discriminatorreweightadapter__domain_classifier__estimator_name': ['LR', 'SVC', 'KNN', 'XGB'], 'finalestimator__estimator_name': ['SVC']}"
Simulated,subspace,EntOT,importance_weighted,Mapping,0.09883333333333329,0.06748113590999862,"[0.0291666666666666, 0.0166666666666666, 0.1208333333333333, 0.1291666666666666, 0.1333333333333333, 0.2, 0.0333333333333333, 0.1375, 0.1333333333333333, 0.0916666666666666, 0.0416666666666666, 0.0166666666666666, 0.025, 0.05, 0.1208333333333333, 0.1833333333333333, 0.1833333333333333, 0.0208333333333333, 0.1791666666666666, 0.025, 0.0541666666666666, 0.2166666666666666, 0.175, 0.0291666666666666, 0.125]",0.09883333333333329,0.0674811359099986,"[0.0291666666666666, 0.0166666666666666, 0.1208333333333333, 0.1291666666666666, 0.1333333333333333, 0.1999999999999999, 0.0333333333333333, 0.1375, 0.1333333333333333, 0.0916666666666666, 0.0416666666666666, 0.0166666666666666, 0.025, 0.05, 0.1208333333333333, 0.1833333333333333, 0.1833333333333333, 0.0208333333333333, 0.1791666666666666, 0.025, 0.0541666666666666, 0.2166666666666666, 0.175, 0.0291666666666666, 0.125]",0.09580937272301933,0.06439213972901014,"[0.0283400809716599, 0.0165983748871449, 0.1189825849440665, 0.1287885366912722, 0.132369299221357, 0.1815856777493606, 0.0330647402056126, 0.1320603085308967, 0.1303741899519197, 0.0865283888539702, 0.0414003889969436, 0.0163934426229508, 0.024390243902439, 0.0499340231960552, 0.1189825849440665, 0.1805449097623859, 0.1812865497076023, 0.0206803146324946, 0.1784677937829056, 0.0249322869643725, 0.0513833992094861, 0.2006236269576926, 0.1636158828499014, 0.0291498116286741, 0.1247568769102528]",0.09883333333333329,0.06748113590999862,"[0.0291666666666666, 0.0166666666666666, 0.1208333333333333, 0.1291666666666666, 0.1333333333333333, 0.2, 0.0333333333333333, 0.1375, 0.1333333333333333, 0.0916666666666666, 0.0416666666666666, 0.0166666666666666, 0.025, 0.0499999999999999, 0.1208333333333333, 0.1833333333333333, 0.1833333333333333, 0.0208333333333333, 0.1791666666666667, 0.0249999999999999, 0.0541666666666666, 0.2166666666666666, 0.175, 0.0291666666666666, 0.1249999999999999]","{'entropicotmappingadapter__max_iter': [1000], 'entropicotmappingadapter__metric': ['sqeuclidean', 'cosine', 'cityblock'], 'entropicotmappingadapter__norm': ['median'], 'entropicotmappingadapter__reg_e': [0.1, 0.5, 1.0], 'entropicotmappingadapter__tol': [1e-06], 'finalestimator__estimator_name': ['SVC']}"
Simulated,subspace,Gauss. RW,importance_weighted,Reweighting,0.2068333333333333,0.03531193665561788,"[0.175, 0.1666666666666666, 0.2166666666666666, 0.175, 0.175, 0.2333333333333333, 0.1625, 0.2541666666666666, 0.2666666666666666, 0.2541666666666666, 0.1875, 0.1458333333333333, 0.1541666666666666, 0.175, 0.1833333333333333, 0.2083333333333333, 0.2375, 0.2, 0.2458333333333333, 0.2125, 0.225, 0.2208333333333333, 0.2166666666666666, 0.2583333333333333, 0.2208333333333333]",0.2068333333333333,0.03531193665561788,"[0.175, 0.1666666666666666, 0.2166666666666666, 0.175, 0.175, 0.2333333333333333, 0.1625, 0.2541666666666666, 0.2666666666666666, 0.2541666666666666, 0.1875, 0.1458333333333333, 0.1541666666666666, 0.175, 0.1833333333333333, 0.2083333333333333, 0.2375, 0.1999999999999999, 0.2458333333333333, 0.2125, 0.225, 0.2208333333333333, 0.2166666666666666, 0.2583333333333333, 0.2208333333333333]",0.17982190280672483,0.027860313574316307,"[0.1560102301790281, 0.1474850809889173, 0.1867925888544445, 0.1581036071150166, 0.1600678733031673, 0.1985480943738657, 0.1421102238978499, 0.2095821604018325, 0.2305450306033226, 0.2159296234783085, 0.1605531739340998, 0.1313405957026077, 0.1357871396895787, 0.1581036071150166, 0.162333499537004, 0.1781414461826833, 0.2070914047408424, 0.1771428571428571, 0.2101674575901379, 0.1888266957563618, 0.1927083333333333, 0.1897600693253416, 0.1867925888544445, 0.2246823956442831, 0.1869417924237758]",0.2068333333333333,0.035311936655617916,"[0.175, 0.1666666666666666, 0.2166666666666666, 0.175, 0.175, 0.2333333333333333, 0.1624999999999999, 0.2541666666666667, 0.2666666666666667, 0.2541666666666666, 0.1874999999999999, 0.1458333333333333, 0.1541666666666666, 0.175, 0.1833333333333333, 0.2083333333333333, 0.2375, 0.1999999999999999, 0.2458333333333333, 0.2125, 0.225, 0.2208333333333333, 0.2166666666666666, 0.2583333333333333, 0.2208333333333333]","{'finalestimator__estimator_name': ['SVC'], 'gaussianreweightadapter__reg': ['auto', 1e-05, 0.01, 0.5]}"
Simulated,subspace,LinOT,importance_weighted,Mapping,0.1088333333333333,0.025439425147826187,"[0.1041666666666666, 0.0625, 0.0958333333333333, 0.1166666666666666, 0.0791666666666666, 0.1083333333333333, 0.0958333333333333, 0.1166666666666666, 0.1416666666666666, 0.1375, 0.0791666666666666, 0.0791666666666666, 0.0833333333333333, 0.0958333333333333, 0.0833333333333333, 0.1166666666666666, 0.1166666666666666, 0.1541666666666666, 0.1541666666666666, 0.0916666666666666, 0.1041666666666666, 0.1541666666666666, 0.125, 0.1125, 0.1125]",0.10883333333333328,0.025439425147826187,"[0.1041666666666666, 0.0625, 0.0958333333333333, 0.1166666666666666, 0.0791666666666666, 0.1083333333333333, 0.0958333333333333, 0.1166666666666666, 0.1416666666666666, 0.1375, 0.0791666666666666, 0.0791666666666666, 0.0833333333333333, 0.0958333333333333, 0.0833333333333333, 0.1166666666666666, 0.1166666666666666, 0.1541666666666666, 0.1541666666666666, 0.0916666666666666, 0.1041666666666666, 0.1541666666666666, 0.125, 0.1124999999999999, 0.1125]",0.10404793193385906,0.02313128743565037,"[0.0985167455755691, 0.0611797840713503, 0.0931726767773502, 0.1104895104895104, 0.0755555555555555, 0.10734149054505, 0.0901308548367371, 0.1116698093442279, 0.1395154553049289, 0.1362854013456423, 0.0764569657502046, 0.0778699212434152, 0.0802034701414535, 0.0931726767773502, 0.0810359231411863, 0.1136506166817643, 0.1044776119402985, 0.1378669639539204, 0.1416339258972145, 0.0885652567765312, 0.10377768128528, 0.1433243656696734, 0.122012403316842, 0.1090196078431372, 0.1042736240822834]",0.1088333333333333,0.02543942514782621,"[0.1041666666666666, 0.0624999999999999, 0.0958333333333333, 0.1166666666666666, 0.0791666666666666, 0.1083333333333333, 0.0958333333333333, 0.1166666666666666, 0.1416666666666666, 0.1375, 0.0791666666666666, 0.0791666666666666, 0.0833333333333333, 0.0958333333333333, 0.0833333333333333, 0.1166666666666667, 0.1166666666666666, 0.1541666666666666, 0.1541666666666667, 0.0916666666666666, 0.1041666666666666, 0.1541666666666667, 0.125, 0.1125, 0.1125]","{'finalestimator__estimator_name': ['SVC'], 'linearotmappingadapter__bias': [True, False], 'linearotmappingadapter__reg': [1e-08, 1e-06, 0.1, 1, 10]}"
Simulated,subspace,NN RW,importance_weighted,Reweighting,0.15099999999999997,0.039386939694758205,"[0.1333333333333333, 0.1166666666666666, 0.2, 0.0875, 0.0833333333333333, 0.1375, 0.1333333333333333, 0.1291666666666666, 0.125, 0.1708333333333333, 0.1583333333333333, 0.1166666666666666, 0.1166666666666666, 0.1375, 0.1416666666666666, 0.2, 0.1583333333333333, 0.1375, 0.1333333333333333, 0.1625, 0.225, 0.2041666666666666, 0.1708333333333333, 0.2416666666666666, 0.1541666666666666]",0.15099999999999997,0.0393869396947582,"[0.1333333333333333, 0.1166666666666666, 0.2, 0.0875, 0.0833333333333333, 0.1375, 0.1333333333333333, 0.1291666666666666, 0.125, 0.1708333333333333, 0.1583333333333333, 0.1166666666666666, 0.1166666666666666, 0.1375, 0.1416666666666666, 0.1999999999999999, 0.1583333333333333, 0.1375, 0.1333333333333333, 0.1625, 0.225, 0.2041666666666666, 0.1708333333333333, 0.2416666666666666, 0.1541666666666666]",0.1376963880403181,0.03231402901270019,"[0.1259892149310175, 0.1091813152181525, 0.1721759126185685, 0.0848148212637774, 0.0817391304347826, 0.1264440576040512, 0.1195767195767195, 0.1162635000616642, 0.1200502828409805, 0.15485480702872, 0.1389599317988065, 0.1077441077441077, 0.1061766565947579, 0.1280386134269416, 0.128042328042328, 0.1771428571428571, 0.1512010645003151, 0.1280386134269416, 0.1259892149310175, 0.1500907345090646, 0.1927083333333333, 0.1802428512670112, 0.1567647733893607, 0.2152917505030181, 0.1448881088196577]",0.15099999999999997,0.03938693969475819,"[0.1333333333333333, 0.1166666666666666, 0.2, 0.0875, 0.0833333333333333, 0.1375, 0.1333333333333333, 0.1291666666666666, 0.125, 0.1708333333333333, 0.1583333333333333, 0.1166666666666667, 0.1166666666666666, 0.1374999999999999, 0.1416666666666667, 0.1999999999999999, 0.1583333333333333, 0.1374999999999999, 0.1333333333333333, 0.1624999999999999, 0.225, 0.2041666666666666, 0.1708333333333333, 0.2416666666666666, 0.1541666666666667]","{'finalestimator__estimator_name': ['SVC'], 'nearestneighborreweightadapter__laplace_smoothing': [True, False], 'nearestneighborreweightadapter__n_neighbors': [1]}"
Simulated,subspace,MapOT,importance_weighted,Mapping,0.019833333333333304,0.010709765360365005,"[0.0125, 0.0125, 0.0125, 0.0166666666666666, 0.0166666666666666, 0.0208333333333333, 0.0125, 0.0166666666666666, 0.0291666666666666, 0.0458333333333333, 0.025, 0.0208333333333333, 0.0083333333333333, 0.05, 0.0041666666666666, 0.0083333333333333, 0.025, 0.0166666666666666, 0.0291666666666666, 0.025, 0.0125, 0.0125, 0.025, 0.0166666666666666, 0.0208333333333333]",0.0198333333333333,0.010709765360365,"[0.0125, 0.0125, 0.0125, 0.0166666666666666, 0.0166666666666666, 0.0208333333333333, 0.0125, 0.0166666666666666, 0.0291666666666666, 0.0458333333333333, 0.025, 0.0208333333333333, 0.0083333333333333, 0.05, 0.0041666666666666, 0.0083333333333333, 0.0249999999999999, 0.0166666666666666, 0.0291666666666666, 0.025, 0.0125, 0.0125, 0.025, 0.0166666666666666, 0.0208333333333333]",0.019740310389343006,0.01068716810519147,"[0.012482855605132, 0.012482855605132, 0.012482855605132, 0.0165983748871449, 0.0165983748871449, 0.020816333616903, 0.012482855605132, 0.0165983748871449, 0.0287451150673035, 0.0456842214929416, 0.0249322869643725, 0.0206803146324946, 0.0082644628099173, 0.05, 0.0041493775933609, 0.0082644628099173, 0.0247290914142817, 0.0165983748871449, 0.0291498116286741, 0.0249322869643725, 0.0123456790123456, 0.012482855605132, 0.025, 0.0165983748871449, 0.0204081632653061]",0.019833333333333293,0.010709765360365003,"[0.0125, 0.0125, 0.0125, 0.0166666666666666, 0.0166666666666666, 0.0208333333333333, 0.0124999999999999, 0.0166666666666666, 0.0291666666666666, 0.0458333333333333, 0.025, 0.0208333333333333, 0.0083333333333333, 0.05, 0.0041666666666666, 0.0083333333333333, 0.0249999999999999, 0.0166666666666666, 0.0291666666666666, 0.0249999999999999, 0.0125, 0.0125, 0.025, 0.0166666666666666, 0.0208333333333333]","{'finalestimator__estimator_name': ['SVC'], 'otmappingadapter__max_iter': [1000000], 'otmappingadapter__metric': ['sqeuclidean', 'cosine', 'cityblock'], 'otmappingadapter__norm': ['median']}"
Simulated,subspace,SA,importance_weighted,Subspace,0.1088333333333333,0.027118566825454975,"[0.1, 0.0583333333333333, 0.0958333333333333, 0.1125, 0.0791666666666666, 0.1083333333333333, 0.1, 0.1208333333333333, 0.1375, 0.1333333333333333, 0.0791666666666666, 0.0708333333333333, 0.0833333333333333, 0.1, 0.0791666666666666, 0.1166666666666666, 0.1166666666666666, 0.1583333333333333, 0.1541666666666666, 0.0916666666666666, 0.1041666666666666, 0.1541666666666666, 0.1458333333333333, 0.1125, 0.1083333333333333]",0.10883333333333328,0.02711856682545496,"[0.0999999999999999, 0.0583333333333333, 0.0958333333333333, 0.1125, 0.0791666666666666, 0.1083333333333333, 0.0999999999999999, 0.1208333333333333, 0.1374999999999999, 0.1333333333333333, 0.0791666666666666, 0.0708333333333333, 0.0833333333333333, 0.0999999999999999, 0.0791666666666666, 0.1166666666666666, 0.1166666666666666, 0.1583333333333333, 0.1541666666666666, 0.0916666666666666, 0.1041666666666666, 0.1541666666666666, 0.1458333333333333, 0.1124999999999999, 0.1083333333333333]",0.10392198530433579,0.024975799912400506,"[0.0937062937062937, 0.056695652173913, 0.0931726767773502, 0.105652653125492, 0.0755555555555555, 0.10734149054505, 0.0949088623507228, 0.116399993020537, 0.1356843368882548, 0.1327913279132791, 0.0764569657502046, 0.0688773291115016, 0.0792410714285714, 0.0969270434116089, 0.0764569657502046, 0.1136506166817643, 0.1061766565947579, 0.1410955991779462, 0.1416339258972145, 0.0885652567765312, 0.1029051270015125, 0.1433243656696734, 0.1424836601307189, 0.1090196078431372, 0.0993265993265993]",0.1088333333333333,0.02711856682545499,"[0.0999999999999999, 0.0583333333333333, 0.0958333333333333, 0.1124999999999999, 0.0791666666666666, 0.1083333333333333, 0.1, 0.1208333333333333, 0.1375, 0.1333333333333333, 0.0791666666666666, 0.0708333333333333, 0.0833333333333333, 0.1, 0.0791666666666666, 0.1166666666666667, 0.1166666666666666, 0.1583333333333333, 0.1541666666666667, 0.0916666666666666, 0.1041666666666666, 0.1541666666666667, 0.1458333333333333, 0.1125, 0.1083333333333333]","{'finalestimator__estimator_name': ['SVC'], 'subspacealignmentadapter__n_components': [1, 2, 5, 10, 20, 50, 100]}"
Simulated,subspace,TCA,importance_weighted,Subspace,0.569,0.23502634801072683,"[0.4708333333333333, 0.7166666666666667, 0.4041666666666667, 0.1708333333333333, 0.7458333333333333, 0.4125, 0.5375, 0.25, 0.7875, 0.9208333333333332, 0.4125, 0.7916666666666666, 0.2208333333333333, 0.7375, 0.9791666666666666, 0.1666666666666666, 0.575, 0.6333333333333333, 0.4666666666666667, 0.8625, 0.4125, 0.6291666666666667, 0.45, 0.6208333333333333, 0.85]",0.569,0.23502634801072678,"[0.4708333333333333, 0.7166666666666667, 0.4041666666666667, 0.1708333333333333, 0.7458333333333333, 0.4125, 0.5375000000000001, 0.25, 0.7875, 0.9208333333333334, 0.4125, 0.7916666666666666, 0.2208333333333333, 0.7375, 0.9791666666666669, 0.1666666666666666, 0.575, 0.6333333333333333, 0.4666666666666667, 0.8625, 0.4125, 0.6291666666666667, 0.4499999999999999, 0.6208333333333333, 0.8500000000000001]",0.5602450483289383,0.2415665413754052,"[0.4065305009832746, 0.7127569698676429, 0.3434217826328174, 0.1708189378287817, 0.7374038133845133, 0.4095374360942925, 0.5372991749891445, 0.238095238095238, 0.7838944896625999, 0.9206666782651056, 0.4101960784313725, 0.7914349276974415, 0.1808873720136518, 0.7373860182370819, 0.9791634109496276, 0.1608391608391608, 0.573934837092732, 0.6307692307692307, 0.4666296270574345, 0.8614391434419776, 0.4095374360942925, 0.6250987275120666, 0.4496560350218886, 0.620510503727129, 0.8482186775349589]",0.569,0.23502634801072678,"[0.4708333333333333, 0.7166666666666668, 0.4041666666666667, 0.1708333333333333, 0.7458333333333333, 0.4125, 0.5375, 0.25, 0.7874999999999999, 0.9208333333333332, 0.4125, 0.7916666666666665, 0.2208333333333333, 0.7375, 0.9791666666666669, 0.1666666666666666, 0.575, 0.6333333333333333, 0.4666666666666666, 0.8624999999999999, 0.4125, 0.6291666666666667, 0.45, 0.6208333333333333, 0.85]","{'finalestimator__estimator_name': ['SVC'], 'transfercomponentanalysisadapter__kernel': ['rbf'], 'transfercomponentanalysisadapter__mu': [10, 100], 'transfercomponentanalysisadapter__n_components': [1, 2, 5, 10, 20, 50, 100]}"
Simulated,subspace,TSL,importance_weighted,Subspace,0.18966666666666665,0.03270059179439576,"[0.1666666666666666, 0.1583333333333333, 0.2125, 0.15, 0.1791666666666666, 0.2083333333333333, 0.1583333333333333, 0.2375, 0.2416666666666666, 0.2333333333333333, 0.1833333333333333, 0.1416666666666666, 0.1416666666666666, 0.15, 0.175, 0.2, 0.2166666666666666, 0.1583333333333333, 0.2083333333333333, 0.1875, 0.1875, 0.2041666666666666, 0.2125, 0.2541666666666666, 0.175]",0.18966666666666665,0.03270059179439575,"[0.1666666666666666, 0.1583333333333333, 0.2125, 0.15, 0.1791666666666666, 0.2083333333333333, 0.1583333333333333, 0.2375, 0.2416666666666666, 0.2333333333333333, 0.1833333333333333, 0.1416666666666666, 0.1416666666666667, 0.15, 0.175, 0.2, 0.2166666666666666, 0.1583333333333333, 0.2083333333333333, 0.1875, 0.1875, 0.2041666666666667, 0.2125, 0.2541666666666666, 0.175]",0.16730773004612762,0.0261212594575898,"[0.1515837104072398, 0.1410955991779462, 0.1838056680161943, 0.1382709096029287, 0.165239499284945, 0.1807990801954584, 0.1389599317988065, 0.1984084977459801, 0.2127460168697282, 0.2013888888888889, 0.1575327745540511, 0.128042328042328, 0.126131221719457, 0.1382709096029287, 0.1560102301790281, 0.1721759126185685, 0.1919191919191919, 0.1467192340185863, 0.1833225875779067, 0.1677188739307499, 0.1654630075429305, 0.1777725960072465, 0.1838056680161943, 0.2217250312505661, 0.1537858821853408]",0.18966666666666665,0.03270059179439576,"[0.1666666666666666, 0.1583333333333333, 0.2125, 0.15, 0.1791666666666667, 0.2083333333333333, 0.1583333333333333, 0.2375, 0.2416666666666667, 0.2333333333333333, 0.1833333333333333, 0.1416666666666667, 0.1416666666666666, 0.15, 0.175, 0.2, 0.2166666666666666, 0.1583333333333333, 0.2083333333333333, 0.1875, 0.1875, 0.2041666666666667, 0.2125, 0.2541666666666666, 0.175]","{'finalestimator__estimator_name': ['SVC'], 'transfersubspacelearningadapter__base_method': ['flda'], 'transfersubspacelearningadapter__length_scale': [2], 'transfersubspacelearningadapter__max_iter': [300], 'transfersubspacelearningadapter__mu': [0.1, 1, 10], 'transfersubspacelearningadapter__n_components': [1, 2, 5, 10, 20, 50, 100], 'transfersubspacelearningadapter__reg': [0.0001], 'transfersubspacelearningadapter__tol': [0.0001]}"
Simulated,target_shift,CORAL,importance_weighted,Mapping,0.8384999999999999,0.03996580569687041,"[0.8, 0.85625, 0.85, 0.8375, 0.8375, 0.80625, 0.90625, 0.8, 0.79375, 0.80625, 0.8375, 0.8625, 0.81875, 0.81875, 0.7625, 0.825, 0.8, 0.85, 0.825, 0.83125, 0.9, 0.875, 0.91875, 0.9125, 0.83125]",0.8713888888888889,0.042896116828819955,"[0.8055555555555556, 0.8090277777777778, 0.8888888888888888, 0.7986111111111112, 0.8541666666666667, 0.8368055555555556, 0.9479166666666669, 0.8611111111111112, 0.8854166666666667, 0.8368055555555556, 0.9097222222222222, 0.8958333333333333, 0.8993055555555556, 0.8993055555555556, 0.8402777777777778, 0.875, 0.8611111111111112, 0.9166666666666669, 0.8194444444444444, 0.90625, 0.9166666666666669, 0.875, 0.8715277777777778, 0.9513888888888888, 0.8229166666666667]",0.8653631958017464,0.030390181012137182,"[0.8349039220847592, 0.8752396539630581, 0.8743525480367585, 0.8613333333333333, 0.8638819270398217, 0.8405610753945062, 0.9186345569324292, 0.8367591897974493, 0.8327601809954752, 0.8405610753945062, 0.8658594366938667, 0.8838117106773822, 0.8516868156212419, 0.8516868156212419, 0.8084033613445378, 0.8555409318241644, 0.8367591897974493, 0.8753246753246753, 0.853411306042885, 0.8611338398597311, 0.9126626467788004, 0.8921568627450981, 0.92502965599051, 0.9235798159314502, 0.8580453678185288]",0.8713888888888889,0.042896116828819976,"[0.8055555555555557, 0.8090277777777778, 0.8888888888888888, 0.798611111111111, 0.8541666666666666, 0.8368055555555556, 0.9479166666666669, 0.8611111111111112, 0.8854166666666667, 0.8368055555555556, 0.9097222222222222, 0.8958333333333333, 0.8993055555555556, 0.8993055555555556, 0.8402777777777777, 0.875, 0.8611111111111112, 0.9166666666666669, 0.8194444444444443, 0.90625, 0.9166666666666669, 0.875, 0.8715277777777778, 0.951388888888889, 0.8229166666666667]","{'coraladapter__reg': ['auto'], 'finalestimator__estimator_name': ['SVC']}"
Simulated,target_shift,DASVM,importance_weighted,Other,0.8590000000000001,0.029705586595790392,"[0.8375, 0.85625, 0.875, 0.8625, 0.84375, 0.85625, 0.88125, 0.8375, 0.8625, 0.83125, 0.8625, 0.84375, 0.8625, 0.84375, 0.79375, 0.80625, 0.83125, 0.8625, 0.8625, 0.8625, 0.91875, 0.89375, 0.91875, 0.9, 0.86875]",0.8772222222222222,0.03723381608410806,"[0.8541666666666667, 0.8090277777777778, 0.9027777777777778, 0.8402777777777778, 0.8576388888888888, 0.8645833333333333, 0.9340277777777778, 0.8541666666666667, 0.8680555555555556, 0.8229166666666667, 0.9236111111111112, 0.8854166666666667, 0.9236111111111112, 0.9131944444444444, 0.8576388888888888, 0.8368055555555556, 0.8784722222222222, 0.9236111111111112, 0.8125, 0.8680555555555556, 0.9270833333333331, 0.8854166666666667, 0.8993055555555556, 0.9166666666666669, 0.8715277777777778]",0.8805909116769525,0.022784424433537318,"[0.8638819270398217, 0.8752396539630581, 0.8933333333333333, 0.8813725490196077, 0.868560525757897, 0.8779502879218601, 0.8991763248050149, 0.8638819270398217, 0.8826666666666666, 0.8580453678185288, 0.8848231690336952, 0.869639794168096, 0.8848231690336952, 0.8705890200787139, 0.8320548452844173, 0.8405610753945062, 0.8602361416850111, 0.8848231690336952, 0.8799111393208505, 0.8826666666666666, 0.9275291747124506, 0.9065858585858584, 0.9263571990558616, 0.9126626467788004, 0.8874011597258831]",0.8772222222222222,0.037233816084108064,"[0.8541666666666666, 0.8090277777777778, 0.9027777777777778, 0.8402777777777778, 0.8576388888888888, 0.8645833333333334, 0.9340277777777778, 0.8541666666666666, 0.8680555555555556, 0.8229166666666667, 0.9236111111111112, 0.8854166666666667, 0.9236111111111112, 0.9131944444444444, 0.8576388888888888, 0.8368055555555556, 0.8784722222222222, 0.9236111111111112, 0.8125, 0.8680555555555556, 0.9270833333333331, 0.8854166666666666, 0.8993055555555556, 0.9166666666666669, 0.8715277777777778]","{'dasvmclassifier__base_estimator__estimator_name': ['SVC'], 'dasvmclassifier__max_iter': [200]}"
Simulated,target_shift,JDOT,importance_weighted,Other,0.574,0.036518402894978826,"[0.60625, 0.6625, 0.5875, 0.525, 0.6375, 0.54375, 0.58125, 0.58125, 0.49375, 0.575, 0.5875, 0.625, 0.5625, 0.59375, 0.51875, 0.56875, 0.5375, 0.5625, 0.56875, 0.55625, 0.58125, 0.55, 0.58125, 0.575, 0.5875]",0.7633333333333333,0.020288001608321587,"[0.78125, 0.8125, 0.7708333333333333, 0.7361111111111112, 0.7986111111111112, 0.7465277777777778, 0.7673611111111112, 0.7673611111111112, 0.71875, 0.7638888888888888, 0.7708333333333333, 0.7916666666666667, 0.7569444444444444, 0.7743055555555556, 0.7326388888888888, 0.7604166666666667, 0.7430555555555556, 0.7569444444444444, 0.7604166666666667, 0.7534722222222222, 0.7673611111111112, 0.75, 0.7673611111111112, 0.7638888888888888, 0.7708333333333333]",0.6522191354616913,0.033173897676018416,"[0.6816842105263158, 0.7295169946332737, 0.6650854936569223, 0.6069881201956674, 0.7085990338164251, 0.6248947951273534, 0.6594725535902006, 0.6594725535902006, 0.5761446710273181, 0.6538181818181819, 0.6650854936569223, 0.6979405034324941, 0.6423817233315344, 0.6706578521566271, 0.6009217792077917, 0.6481215244812153, 0.6189737259742549, 0.6423817233315344, 0.6481215244812153, 0.6365979150820993, 0.6594725535902006, 0.6307692307692307, 0.6594725535902006, 0.6538181818181819, 0.6650854936569223]",0.7633333333333333,0.020288001608321574,"[0.78125, 0.8125, 0.7708333333333334, 0.7361111111111112, 0.7986111111111112, 0.7465277777777778, 0.7673611111111112, 0.7673611111111112, 0.71875, 0.7638888888888888, 0.7708333333333334, 0.7916666666666666, 0.7569444444444444, 0.7743055555555556, 0.7326388888888888, 0.7604166666666666, 0.7430555555555556, 0.7569444444444444, 0.7604166666666666, 0.7534722222222222, 0.7673611111111112, 0.75, 0.7673611111111112, 0.7638888888888888, 0.7708333333333334]","{'jdotclassifier__alpha': [0.1, 0.3, 0.5, 0.7, 0.9], 'jdotclassifier__base_estimator__estimator_name': ['SVC'], 'jdotclassifier__n_iter_max': [100], 'jdotclassifier__thr_weights': [1e-07], 'jdotclassifier__tol': [1e-06]}"
Simulated,target_shift,KLIEP,importance_weighted,Reweighting,0.85675,0.041415388142573284,"[0.79375, 0.85625, 0.8875, 0.8625, 0.8375, 0.85625, 0.90625, 0.825, 0.85, 0.84375, 0.8625, 0.875, 0.84375, 0.83125, 0.75625, 0.85, 0.7875, 0.8625, 0.8625, 0.85, 0.9125, 0.91875, 0.94375, 0.89375, 0.85]",0.8804166666666667,0.040431638597654716,"[0.8298611111111112, 0.8090277777777778, 0.9097222222222222, 0.8402777777777778, 0.8819444444444444, 0.8645833333333333, 0.9479166666666669, 0.8194444444444444, 0.8888888888888888, 0.8576388888888888, 0.9236111111111112, 0.9027777777777778, 0.9131944444444444, 0.90625, 0.8368055555555556, 0.8611111111111112, 0.8541666666666667, 0.9236111111111112, 0.8402777777777778, 0.9166666666666669, 0.9236111111111112, 0.8993055555555556, 0.8854166666666667, 0.9409722222222222, 0.8333333333333333]",0.8791943129851321,0.03164964863703173,"[0.8312298246724475, 0.8752396539630581, 0.9029411764705882, 0.8813725490196077, 0.864935064935065, 0.8779502879218601, 0.9186345569324292, 0.853411306042885, 0.8743525480367585, 0.868560525757897, 0.8848231690336952, 0.8933333333333333, 0.8705890200787139, 0.8611338398597311, 0.8036376234193661, 0.8732491389207807, 0.82734375, 0.8848231690336952, 0.8813725490196077, 0.8753246753246753, 0.9225296442687746, 0.9263571990558616, 0.9458646616541356, 0.908848557873334, 0.8719999999999999]",0.8804166666666667,0.0404316385976547,"[0.8298611111111112, 0.8090277777777778, 0.9097222222222222, 0.8402777777777778, 0.8819444444444444, 0.8645833333333334, 0.9479166666666669, 0.8194444444444443, 0.8888888888888888, 0.8576388888888888, 0.9236111111111112, 0.9027777777777778, 0.9131944444444444, 0.90625, 0.8368055555555556, 0.8611111111111112, 0.8541666666666667, 0.9236111111111112, 0.8402777777777778, 0.9166666666666669, 0.9236111111111112, 0.8993055555555556, 0.8854166666666667, 0.9409722222222222, 0.8333333333333333]","{'finalestimator__estimator_name': ['SVC'], 'kliepreweightadapter__cv': [5], 'kliepreweightadapter__gamma': [0.0001, 0.001, 0.01, 0.1, 1.0, 10.0, 100.0, 1000.0, 'auto', 'scale'], 'kliepreweightadapter__max_iter': [1000], 'kliepreweightadapter__n_centers': [100], 'kliepreweightadapter__random_state': [0], 'kliepreweightadapter__tol': [1e-06]}"
Simulated,target_shift,KMM,importance_weighted,Reweighting,0.85625,0.033657280044590655,"[0.775, 0.875, 0.86875, 0.85625, 0.85, 0.8625, 0.90625, 0.8375, 0.83125, 0.83125, 0.8625, 0.8625, 0.83125, 0.8375, 0.7875, 0.85, 0.8375, 0.85625, 0.8625, 0.85, 0.9125, 0.88125, 0.91875, 0.9, 0.8625]",0.8745833333333333,0.0384084911361801,"[0.8194444444444444, 0.8194444444444444, 0.8993055555555556, 0.8368055555555556, 0.8888888888888888, 0.8680555555555556, 0.9479166666666669, 0.8541666666666667, 0.90625, 0.8506944444444444, 0.8958333333333333, 0.8958333333333333, 0.90625, 0.9097222222222222, 0.8541666666666667, 0.8611111111111112, 0.8263888888888888, 0.9201388888888888, 0.8125, 0.8888888888888888, 0.8958333333333333, 0.8784722222222222, 0.84375, 0.9444444444444444, 0.8402777777777778]",0.8784306190993302,0.025330475276659447,"[0.8171875, 0.8893280632411067, 0.8885633063634375, 0.8766774606521576, 0.8743525480367585, 0.8826666666666666, 0.9186345569324292, 0.8638819270398217, 0.8611338398597311, 0.8592109777015438, 0.8838117106773822, 0.8838117106773822, 0.8611338398597311, 0.8658594366938667, 0.82734375, 0.8732491389207807, 0.8626865671641791, 0.8800686106346485, 0.8799111393208505, 0.8743525480367585, 0.9213429256594724, 0.8969371054477439, 0.9235221086811194, 0.9137254901960784, 0.8813725490196077]",0.8745833333333333,0.0384084911361801,"[0.8194444444444444, 0.8194444444444443, 0.8993055555555556, 0.8368055555555557, 0.8888888888888888, 0.8680555555555556, 0.9479166666666669, 0.8541666666666666, 0.90625, 0.8506944444444444, 0.8958333333333333, 0.8958333333333333, 0.90625, 0.9097222222222222, 0.8541666666666667, 0.8611111111111112, 0.826388888888889, 0.9201388888888888, 0.8125, 0.8888888888888888, 0.8958333333333334, 0.8784722222222222, 0.84375, 0.9444444444444444, 0.8402777777777778]","{'finalestimator__estimator_name': ['SVC'], 'kmmreweightadapter__B': [1000.0], 'kmmreweightadapter__gamma': [0.0001, 0.001, 0.01, 0.1, 1.0, 10.0, 100.0, 1000.0, None], 'kmmreweightadapter__max_iter': [1000], 'kmmreweightadapter__smooth_weights': [False], 'kmmreweightadapter__tol': [1e-06]}"
Simulated,target_shift,MMD-LS,importance_weighted,Mapping,0.6829999999999999,0.1116361509921107,"[0.60625, 0.80625, 0.8375, 0.58125, 0.6625, 0.575, 0.88125, 0.6125, 0.50625, 0.6, 0.65625, 0.63125, 0.775, 0.625, 0.7, 0.83125, 0.55, 0.76875, 0.78125, 0.83125, 0.61875, 0.58125, 0.85, 0.60625, 0.6]",0.815,0.05610012325951264,"[0.78125, 0.8368055555555556, 0.8819444444444444, 0.7673611111111112, 0.8125, 0.7638888888888888, 0.9340277777777778, 0.7847222222222222, 0.7256944444444444, 0.7777777777777778, 0.8090277777777778, 0.7951388888888888, 0.875, 0.7916666666666667, 0.8055555555555556, 0.90625, 0.75, 0.8715277777777778, 0.7951388888888888, 0.90625, 0.7881944444444444, 0.7673611111111112, 0.8888888888888888, 0.78125, 0.7777777777777778]",0.7422854209446844,0.09027225267349526,"[0.6816842105263158, 0.8405610753945062, 0.864935064935065, 0.6594725535902006, 0.7295169946332737, 0.6538181818181819, 0.8991763248050149, 0.6871398983242327, 0.5886374412690202, 0.6761904761904762, 0.7243352572640719, 0.7032871059071931, 0.8184873949579832, 0.6979405034324941, 0.7599491417673236, 0.8611338398597311, 0.6307692307692307, 0.8137074888850396, 0.8210013291980506, 0.8611338398597311, 0.6925583818862204, 0.6594725535902006, 0.8743525480367585, 0.6816842105263158, 0.6761904761904762]",0.815,0.05610012325951264,"[0.78125, 0.8368055555555556, 0.8819444444444444, 0.7673611111111112, 0.8125, 0.7638888888888888, 0.9340277777777778, 0.7847222222222222, 0.7256944444444444, 0.7777777777777778, 0.8090277777777778, 0.7951388888888888, 0.875, 0.7916666666666666, 0.8055555555555556, 0.90625, 0.75, 0.8715277777777778, 0.795138888888889, 0.90625, 0.7881944444444444, 0.7673611111111112, 0.8888888888888888, 0.78125, 0.7777777777777778]","{'finalestimator__estimator_name': ['SVC'], 'mmdlsconsmappingadapter__gamma': [0.1, 1, 10], 'mmdlsconsmappingadapter__max_iter': [100], 'mmdlsconsmappingadapter__reg_k': [1e-10, 1e-08], 'mmdlsconsmappingadapter__reg_m': [1e-10, 1e-08], 'mmdlsconsmappingadapter__tol': [1e-05]}"
Simulated,target_shift,Train Src,importance_weighted,NO DA,0.8504999999999999,0.04062179474534988,"[0.79375, 0.85625, 0.88125, 0.85625, 0.8375, 0.85, 0.90625, 0.825, 0.84375, 0.8375, 0.85, 0.85625, 0.8375, 0.81875, 0.75, 0.84375, 0.7875, 0.84375, 0.8625, 0.83125, 0.9125, 0.90625, 0.93125, 0.89375, 0.85]",0.8813888888888889,0.036865015736983836,"[0.8298611111111112, 0.8090277777777778, 0.90625, 0.8368055555555556, 0.8819444444444444, 0.8888888888888888, 0.9479166666666669, 0.875, 0.9131944444444444, 0.8819444444444444, 0.9166666666666669, 0.8923611111111112, 0.9097222222222222, 0.8993055555555556, 0.8333333333333333, 0.8576388888888888, 0.8541666666666667, 0.9131944444444444, 0.8402777777777778, 0.8784722222222222, 0.9236111111111112, 0.8923611111111112, 0.8784722222222222, 0.9409722222222222, 0.8333333333333333]",0.8745684273119078,0.030786062208421606,"[0.8312298246724475, 0.8752396539630581, 0.8981248587996082, 0.8766774606521576, 0.864935064935065, 0.8743525480367585, 0.9186345569324292, 0.8555409318241644, 0.8705890200787139, 0.864935064935065, 0.8753246753246753, 0.8790756836972651, 0.8658594366938667, 0.8516868156212419, 0.7988571428571428, 0.868560525757897, 0.82734375, 0.8705890200787139, 0.8813725490196077, 0.8602361416850111, 0.9225296442687746, 0.9163798169759044, 0.9352879381147932, 0.908848557873334, 0.8719999999999999]",0.8813888888888889,0.03686501573698383,"[0.8298611111111112, 0.8090277777777778, 0.90625, 0.8368055555555557, 0.8819444444444444, 0.8888888888888888, 0.9479166666666669, 0.875, 0.9131944444444444, 0.8819444444444444, 0.9166666666666669, 0.8923611111111112, 0.9097222222222222, 0.8993055555555556, 0.8333333333333334, 0.8576388888888888, 0.8541666666666667, 0.9131944444444444, 0.8402777777777778, 0.8784722222222222, 0.9236111111111112, 0.8923611111111112, 0.8784722222222222, 0.9409722222222222, 0.8333333333333333]",{'finalestimator__estimator_name': ['SVC']}
Simulated,target_shift,NO_DA_SOURCE_ONLY_BASE_ESTIM,importance_weighted,Unknown,,,"[NaN, NaN, NaN, NaN, NaN, NaN, NaN, NaN, NaN, NaN, NaN, NaN, NaN, NaN, NaN, NaN, NaN, NaN, NaN, NaN, NaN, NaN, NaN, NaN, NaN]",,,"[NaN, NaN, NaN, NaN, NaN, NaN, NaN, NaN, NaN, NaN, NaN, NaN, NaN, NaN, NaN, NaN, NaN, NaN, NaN, NaN, NaN, NaN, NaN, NaN, NaN]",,,"[NaN, NaN, NaN, NaN, NaN, NaN, NaN, NaN, NaN, NaN, NaN, NaN, NaN, NaN, NaN, NaN, NaN, NaN, NaN, NaN, NaN, NaN, NaN, NaN, NaN]",,,"[NaN, NaN, NaN, NaN, NaN, NaN, NaN, NaN, NaN, NaN, NaN, NaN, NaN, NaN, NaN, NaN, NaN, NaN, NaN, NaN, NaN, NaN, NaN, NaN, NaN]",{'finalestimator__estimator_name': ['SVC']}
Simulated,target_shift,Train Tgt,importance_weighted,NO DA,0.9315000000000001,0.016583123951777006,"[0.91875, 0.91875, 0.925, 0.9375, 0.95625, 0.9375, 0.94375, 0.925, 0.93125, 0.90625, 0.9625, 0.9375, 0.94375, 0.9625, 0.94375, 0.93125, 0.9, 0.9125, 0.9375, 0.90625, 0.9375, 0.9375, 0.93125, 0.93125, 0.9125]",0.7319444444444444,0.08211885081049426,"[0.7326388888888888, 0.6493055555555556, 0.6805555555555556, 0.7430555555555556, 0.8368055555555556, 0.7152777777777778, 0.71875, 0.6805555555555556, 0.6840277777777778, 0.6423611111111112, 0.8680555555555556, 0.7152777777777778, 0.8298611111111112, 0.8958333333333333, 0.8298611111111112, 0.6840277777777778, 0.6111111111111112, 0.7013888888888888, 0.7152777777777778, 0.5868055555555556, 0.7152777777777778, 0.8263888888888888, 0.65625, 0.8229166666666667, 0.7569444444444444]",0.9235935322172351,0.02071882319439593,"[0.9149662282260932, 0.9040843214756258, 0.9135135135135136, 0.9309262166405023, 0.9542125844294348, 0.927927927927928, 0.933596837944664, 0.9135135135135136, 0.9188405797101448, 0.8942372881355933, 0.9613793103448276, 0.927927927927928, 0.9429400602745842, 0.9625, 0.9429400602745842, 0.9188405797101448, 0.8846846846846848, 0.9068493150684932, 0.927927927927928, 0.8834209268991879, 0.927927927927928, 0.9375, 0.914508679726071, 0.9321718931475028, 0.9125]",0.7319444444444444,0.08211885081049426,"[0.732638888888889, 0.6493055555555556, 0.6805555555555556, 0.7430555555555556, 0.8368055555555556, 0.7152777777777778, 0.71875, 0.6805555555555556, 0.6840277777777778, 0.6423611111111112, 0.8680555555555557, 0.7152777777777778, 0.8298611111111112, 0.8958333333333333, 0.8298611111111112, 0.6840277777777778, 0.611111111111111, 0.701388888888889, 0.7152777777777778, 0.5868055555555556, 0.7152777777777778, 0.8263888888888888, 0.65625, 0.8229166666666666, 0.7569444444444444]",{'finalestimator__estimator_name': ['SVC']}
Simulated,target_shift,OTLabelProp,importance_weighted,Other,0.7552500000000001,0.049924422046395966,"[0.725, 0.85625, 0.80625, 0.7625, 0.78125, 0.70625, 0.78125, 0.7625, 0.70625, 0.775, 0.76875, 0.83125, 0.75625, 0.7625, 0.60625, 0.75625, 0.6875, 0.7125, 0.7375, 0.71875, 0.775, 0.775, 0.775, 0.8, 0.75625]",0.8251388888888889,0.040701593671086854,"[0.7916666666666667, 0.8923611111111112, 0.8645833333333333, 0.8125, 0.8784722222222222, 0.7256944444444444, 0.8229166666666667, 0.7847222222222222, 0.8368055555555556, 0.8194444444444444, 0.8715277777777778, 0.8784722222222222, 0.8645833333333333, 0.8680555555555556, 0.78125, 0.8090277777777778, 0.7986111111111112, 0.8402777777777778, 0.7708333333333333, 0.8159722222222222, 0.8194444444444444, 0.8194444444444444, 0.8194444444444444, 0.8611111111111112, 0.78125]",0.8020417997131155,0.03904972542044631,"[0.7792114695340502, 0.8790756836972651, 0.8414583201468447, 0.8077785731329039, 0.8232552651760958, 0.7639232988291192, 0.8218763510592305, 0.80703125, 0.764987656914754, 0.8171875, 0.8137074888850396, 0.8602361416850111, 0.8041065671135245, 0.8089142857142857, 0.6816842105263158, 0.8030558669105068, 0.75, 0.7699512608603518, 0.7882352941176471, 0.7746938775510205, 0.8171875, 0.8171875, 0.8171875, 0.8367591897974493, 0.8023529411764706]",0.8251388888888889,0.04070159367108685,"[0.7916666666666665, 0.8923611111111112, 0.8645833333333333, 0.8125, 0.8784722222222222, 0.7256944444444443, 0.8229166666666666, 0.7847222222222222, 0.8368055555555556, 0.8194444444444444, 0.8715277777777778, 0.8784722222222222, 0.8645833333333334, 0.8680555555555556, 0.78125, 0.8090277777777778, 0.7986111111111112, 0.8402777777777778, 0.7708333333333334, 0.8159722222222223, 0.8194444444444444, 0.8194444444444444, 0.8194444444444444, 0.8611111111111112, 0.78125]","{'finalestimator__estimator_name': ['SVC'], 'otlabelpropadapter__metric': ['sqeuclidean', 'cosine', 'cityblock'], 'otlabelpropadapter__reg': [None, 0.1, 1.0]}"
Simulated,target_shift,JPCA,importance_weighted,Subspace,0.8504999999999999,0.04062179474534988,"[0.79375, 0.85625, 0.88125, 0.85625, 0.8375, 0.85, 0.90625, 0.825, 0.84375, 0.8375, 0.85, 0.85625, 0.8375, 0.81875, 0.75, 0.84375, 0.7875, 0.84375, 0.8625, 0.83125, 0.9125, 0.90625, 0.93125, 0.89375, 0.85]",0.8813888888888889,0.036865015736983836,"[0.8298611111111112, 0.8090277777777778, 0.90625, 0.8368055555555556, 0.8819444444444444, 0.8888888888888888, 0.9479166666666669, 0.875, 0.9131944444444444, 0.8819444444444444, 0.9166666666666669, 0.8923611111111112, 0.9097222222222222, 0.8993055555555556, 0.8333333333333333, 0.8576388888888888, 0.8541666666666667, 0.9131944444444444, 0.8402777777777778, 0.8784722222222222, 0.9236111111111112, 0.8923611111111112, 0.8784722222222222, 0.9409722222222222, 0.8333333333333333]",0.8745684273119078,0.030786062208421606,"[0.8312298246724475, 0.8752396539630581, 0.8981248587996082, 0.8766774606521576, 0.864935064935065, 0.8743525480367585, 0.9186345569324292, 0.8555409318241644, 0.8705890200787139, 0.864935064935065, 0.8753246753246753, 0.8790756836972651, 0.8658594366938667, 0.8516868156212419, 0.7988571428571428, 0.868560525757897, 0.82734375, 0.8705890200787139, 0.8813725490196077, 0.8602361416850111, 0.9225296442687746, 0.9163798169759044, 0.9352879381147932, 0.908848557873334, 0.8719999999999999]",0.8813888888888889,0.03686501573698383,"[0.8298611111111112, 0.8090277777777778, 0.90625, 0.8368055555555557, 0.8819444444444444, 0.8888888888888888, 0.9479166666666669, 0.875, 0.9131944444444444, 0.8819444444444444, 0.9166666666666669, 0.8923611111111112, 0.9097222222222222, 0.8993055555555556, 0.8333333333333334, 0.8576388888888888, 0.8541666666666667, 0.9131944444444444, 0.8402777777777778, 0.8784722222222222, 0.9236111111111112, 0.8923611111111112, 0.8784722222222222, 0.9409722222222222, 0.8333333333333333]","{'finalestimator__estimator_name': ['SVC'], 'pca__n_components': [1, 2, 5, 10, 20, 50, 100]}"
Simulated,target_shift,MMDTarS,importance_weighted,Reweighting,0.8645,0.03817619513518862,"[0.79375, 0.85625, 0.8875, 0.8625, 0.8375, 0.84375, 0.90625, 0.83125, 0.85, 0.84375, 0.85625, 0.90625, 0.875, 0.83125, 0.79375, 0.85625, 0.8, 0.8875, 0.8625, 0.875, 0.9125, 0.91875, 0.93125, 0.89375, 0.9]",0.8791666666666668,0.03857397711399417,"[0.8298611111111112, 0.8090277777777778, 0.9097222222222222, 0.8402777777777778, 0.8819444444444444, 0.8576388888888888, 0.9479166666666669, 0.8506944444444444, 0.8888888888888888, 0.8576388888888888, 0.9201388888888888, 0.9201388888888888, 0.9027777777777778, 0.90625, 0.8576388888888888, 0.8368055555555556, 0.8611111111111112, 0.9375, 0.8402777777777778, 0.8472222222222222, 0.9236111111111112, 0.8715277777777778, 0.8784722222222222, 0.9409722222222222, 0.8611111111111112]",0.8848257317951596,0.02904358363604514,"[0.8312298246724475, 0.8752396539630581, 0.9029411764705882, 0.8813725490196077, 0.864935064935065, 0.868560525757897, 0.9186345569324292, 0.8592109777015438, 0.8743525480367585, 0.868560525757897, 0.8800686106346485, 0.9175757575757576, 0.8933333333333333, 0.8611338398597311, 0.8320548452844173, 0.8766774606521576, 0.8367591897974493, 0.904, 0.8813725490196077, 0.8908283084735004, 0.9225296442687746, 0.92502965599051, 0.9352879381147932, 0.908848557873334, 0.9101062007536826]",0.8791666666666668,0.03857397711399416,"[0.8298611111111112, 0.8090277777777778, 0.9097222222222222, 0.8402777777777778, 0.8819444444444444, 0.8576388888888888, 0.9479166666666669, 0.8506944444444444, 0.8888888888888888, 0.8576388888888888, 0.9201388888888888, 0.9201388888888888, 0.9027777777777778, 0.90625, 0.8576388888888888, 0.8368055555555557, 0.8611111111111112, 0.9375, 0.8402777777777778, 0.8472222222222222, 0.9236111111111112, 0.8715277777777778, 0.8784722222222222, 0.9409722222222222, 0.861111111111111]","{'finalestimator__estimator_name': ['SVC'], 'mmdtarsreweightadapter__gamma': [0.0001, 0.001, 0.01, 0.1, 1.0, 10.0, 100.0, 1000.0, None], 'mmdtarsreweightadapter__max_iter': [1000], 'mmdtarsreweightadapter__reg': [1e-06], 'mmdtarsreweightadapter__tol': [1e-06]}"
Simulated,target_shift,ClassRegOT,importance_weighted,Mapping,0.58075,0.04117891602507283,"[0.5875, 0.69375, 0.575, 0.5375, 0.65, 0.54375, 0.575, 0.5875, 0.51875, 0.6125, 0.6125, 0.64375, 0.58125, 0.6, 0.50625, 0.58125, 0.55625, 0.56875, 0.5625, 0.5625, 0.58125, 0.53125, 0.575, 0.5875, 0.5875]",0.7670833333333333,0.022877175569484924,"[0.7708333333333333, 0.8298611111111112, 0.7638888888888888, 0.7430555555555556, 0.8055555555555556, 0.7465277777777778, 0.7638888888888888, 0.7708333333333333, 0.7326388888888888, 0.7847222222222222, 0.7847222222222222, 0.8020833333333333, 0.7673611111111112, 0.7777777777777778, 0.7256944444444444, 0.7673611111111112, 0.7534722222222222, 0.7604166666666667, 0.7569444444444444, 0.7569444444444444, 0.7673611111111112, 0.7395833333333334, 0.7638888888888888, 0.7708333333333333, 0.7708333333333333]",0.6581834780257888,0.036690688330359225,"[0.6650854936569223, 0.7549873443876234, 0.6538181818181819, 0.6189737259742549, 0.7191222570532915, 0.6248947951273534, 0.6538181818181819, 0.6650854936569223, 0.6009217792077917, 0.6871398983242327, 0.6871398983242327, 0.7138771341018532, 0.6594725535902006, 0.6761904761904762, 0.5886374412690202, 0.6594725535902006, 0.6365979150820993, 0.6481215244812153, 0.6423817233315344, 0.6423817233315344, 0.6594725535902006, 0.6130051336053706, 0.6538181818181819, 0.6650854936569223, 0.6650854936569223]",0.7670833333333333,0.02287717556948494,"[0.7708333333333334, 0.8298611111111112, 0.7638888888888888, 0.7430555555555556, 0.8055555555555556, 0.7465277777777778, 0.7638888888888888, 0.7708333333333334, 0.7326388888888888, 0.7847222222222222, 0.7847222222222222, 0.8020833333333334, 0.7673611111111112, 0.7777777777777778, 0.7256944444444444, 0.7673611111111112, 0.7534722222222222, 0.7604166666666666, 0.7569444444444444, 0.7569444444444444, 0.7673611111111112, 0.7395833333333333, 0.7638888888888888, 0.7708333333333334, 0.7708333333333334]","[{'classregularizerotmappingadapter__max_inner_iter': [1000], 'classregularizerotmappingadapter__max_iter': [10], 'classregularizerotmappingadapter__metric': ['sqeuclidean', 'cosine', 'cityblock'], 'classregularizerotmappingadapter__norm': ['lpl1'], 'classregularizerotmappingadapter__reg_cl': [0.1], 'classregularizerotmappingadapter__reg_e': [0.1], 'classregularizerotmappingadapter__tol': [1e-06], 'finalestimator__estimator_name': ['SVC']}, {'classregularizerotmappingadapter__max_inner_iter': [1000], 'classregularizerotmappingadapter__max_iter': [10], 'classregularizerotmappingadapter__metric': ['sqeuclidean', 'cosine', 'cityblock'], 'classregularizerotmappingadapter__norm': ['lpl1'], 'classregularizerotmappingadapter__reg_cl': [0.5], 'classregularizerotmappingadapter__reg_e': [0.5], 'classregularizerotmappingadapter__tol': [1e-06], 'finalestimator__estimator_name': ['SVC']}, {'classregularizerotmappingadapter__max_inner_iter': [1000], 'classregularizerotmappingadapter__max_iter': [10], 'classregularizerotmappingadapter__metric': ['sqeuclidean', 'cosine', 'cityblock'], 'classregularizerotmappingadapter__norm': ['lpl1'], 'classregularizerotmappingadapter__reg_cl': [1.0], 'classregularizerotmappingadapter__reg_e': [1.0], 'classregularizerotmappingadapter__tol': [1e-06], 'finalestimator__estimator_name': ['SVC']}]"
Simulated,target_shift,Dens. RW,importance_weighted,Reweighting,0.8604999999999999,0.03838877331547163,"[0.79375, 0.85625, 0.88125, 0.85, 0.8375, 0.85625, 0.90625, 0.85, 0.85625, 0.8375, 0.875, 0.9, 0.84375, 0.84375, 0.7875, 0.85, 0.7875, 0.88125, 0.8625, 0.83125, 0.9125, 0.91875, 0.93125, 0.9, 0.8625]",0.8825,0.03966143205163968,"[0.8298611111111112, 0.8090277777777778, 0.90625, 0.8333333333333333, 0.8819444444444444, 0.8645833333333333, 0.9479166666666669, 0.8333333333333333, 0.8923611111111112, 0.8819444444444444, 0.9305555555555556, 0.9166666666666669, 0.9131944444444444, 0.9131944444444444, 0.8541666666666667, 0.8611111111111112, 0.8541666666666667, 0.9340277777777778, 0.8402777777777778, 0.8784722222222222, 0.9236111111111112, 0.8993055555555556, 0.8784722222222222, 0.9444444444444444, 0.8402777777777778]",0.8820133776125015,0.029342460736279788,"[0.8312298246724475, 0.8752396539630581, 0.8981248587996082, 0.8719999999999999, 0.864935064935065, 0.8779502879218601, 0.9186345569324292, 0.8719999999999999, 0.8790756836972651, 0.864935064935065, 0.894374282433984, 0.9126626467788004, 0.8705890200787139, 0.8705890200787139, 0.82734375, 0.8732491389207807, 0.82734375, 0.8991763248050149, 0.8813725490196077, 0.8602361416850111, 0.9225296442687746, 0.9263571990558616, 0.9352879381147932, 0.9137254901960784, 0.8813725490196077]",0.8825,0.03966143205163969,"[0.8298611111111112, 0.8090277777777778, 0.90625, 0.8333333333333333, 0.8819444444444444, 0.8645833333333334, 0.9479166666666669, 0.8333333333333333, 0.8923611111111112, 0.8819444444444444, 0.9305555555555556, 0.9166666666666669, 0.9131944444444444, 0.9131944444444444, 0.8541666666666667, 0.8611111111111112, 0.8541666666666667, 0.9340277777777778, 0.8402777777777778, 0.8784722222222222, 0.9236111111111112, 0.8993055555555556, 0.8784722222222222, 0.9444444444444444, 0.8402777777777778]","{'densityreweightadapter__weight_estimator__bandwidth': [0.01, 0.1, 1.0, 10.0, 100.0, 'scott', 'silverman'], 'finalestimator__estimator_name': ['SVC']}"
Simulated,target_shift,Disc. RW,importance_weighted,Reweighting,0.8325,0.04307515235028195,"[0.775, 0.84375, 0.8375, 0.825, 0.8375, 0.83125, 0.9, 0.81875, 0.80625, 0.83125, 0.8375, 0.85, 0.825, 0.81875, 0.74375, 0.8, 0.775, 0.8, 0.81875, 0.7875, 0.9, 0.8875, 0.925, 0.8875, 0.85]",0.8813888888888889,0.033689503393325486,"[0.8194444444444444, 0.8576388888888888, 0.8819444444444444, 0.8194444444444444, 0.9097222222222222, 0.8784722222222222, 0.9444444444444444, 0.8715277777777778, 0.8923611111111112, 0.8784722222222222, 0.9097222222222222, 0.8888888888888888, 0.9027777777777778, 0.8993055555555556, 0.8298611111111112, 0.8611111111111112, 0.875, 0.8888888888888888, 0.8159722222222222, 0.8819444444444444, 0.9166666666666669, 0.8819444444444444, 0.9027777777777778, 0.9375, 0.8888888888888888]",0.8613333043335102,0.032659176877678345,"[0.8171875, 0.868560525757897, 0.864935064935065, 0.853411306042885, 0.8658594366938667, 0.8602361416850111, 0.9137254901960784, 0.8508474576271187, 0.8422333395096041, 0.8602361416850111, 0.8658594366938667, 0.8743525480367585, 0.8564102564102564, 0.8516868156212419, 0.7940607500424232, 0.8367591897974493, 0.8184873949579832, 0.8375, 0.8487821612349915, 0.8280124075399666, 0.9126626467788004, 0.9017454776261504, 0.9314285714285712, 0.904, 0.8743525480367585]",0.8813888888888889,0.03368950339332549,"[0.8194444444444444, 0.8576388888888888, 0.8819444444444444, 0.8194444444444443, 0.9097222222222222, 0.8784722222222222, 0.9444444444444444, 0.8715277777777778, 0.8923611111111112, 0.8784722222222222, 0.9097222222222222, 0.8888888888888888, 0.9027777777777778, 0.8993055555555556, 0.8298611111111112, 0.8611111111111112, 0.875, 0.8888888888888888, 0.8159722222222222, 0.8819444444444444, 0.9166666666666669, 0.8819444444444444, 0.9027777777777778, 0.9375, 0.8888888888888888]","{'discriminatorreweightadapter__domain_classifier__estimator_name': ['LR', 'SVC', 'KNN', 'XGB'], 'finalestimator__estimator_name': ['SVC']}"
Simulated,target_shift,EntOT,importance_weighted,Mapping,0.5605,0.06069583490652386,"[0.64375, 0.70625, 0.6375, 0.5125, 0.5875, 0.53125, 0.5625, 0.5125, 0.43125, 0.625, 0.59375, 0.58125, 0.49375, 0.55625, 0.4625, 0.61875, 0.53125, 0.55, 0.5625, 0.51875, 0.56875, 0.49375, 0.575, 0.56875, 0.5875]",0.7558333333333332,0.03371990828140213,"[0.8020833333333333, 0.8368055555555556, 0.7986111111111112, 0.7291666666666666, 0.7708333333333333, 0.7395833333333334, 0.7569444444444444, 0.7291666666666666, 0.6840277777777778, 0.7916666666666667, 0.7743055555555556, 0.7673611111111112, 0.71875, 0.7534722222222222, 0.7013888888888888, 0.7881944444444444, 0.7395833333333334, 0.75, 0.7569444444444444, 0.7326388888888888, 0.7604166666666667, 0.71875, 0.7638888888888888, 0.7604166666666667, 0.7708333333333333]",0.6385407300552227,0.056324179839226,"[0.7138771341018532, 0.764987656914754, 0.7085990338164251, 0.5948051948051948, 0.6650854936569223, 0.6130051336053706, 0.6423817233315344, 0.5948051948051948, 0.5102802195534645, 0.6979405034324941, 0.6706578521566271, 0.6594725535902006, 0.5761446710273181, 0.6365979150820993, 0.5439503272361134, 0.6925583818862204, 0.6130051336053706, 0.6307692307692307, 0.6423817233315344, 0.6009217792077917, 0.6481215244812153, 0.5761446710273181, 0.6538181818181819, 0.6481215244812153, 0.6650854936569223]",0.7558333333333332,0.03371990828140216,"[0.8020833333333334, 0.8368055555555556, 0.7986111111111112, 0.7291666666666667, 0.7708333333333334, 0.7395833333333333, 0.7569444444444444, 0.7291666666666667, 0.6840277777777778, 0.7916666666666666, 0.7743055555555556, 0.7673611111111112, 0.71875, 0.7534722222222222, 0.7013888888888888, 0.7881944444444444, 0.7395833333333333, 0.75, 0.7569444444444444, 0.7326388888888888, 0.7604166666666666, 0.71875, 0.7638888888888888, 0.7604166666666666, 0.7708333333333334]","{'entropicotmappingadapter__max_iter': [1000], 'entropicotmappingadapter__metric': ['sqeuclidean', 'cosine', 'cityblock'], 'entropicotmappingadapter__norm': ['median'], 'entropicotmappingadapter__reg_e': [0.1, 0.5, 1.0], 'entropicotmappingadapter__tol': [1e-06], 'finalestimator__estimator_name': ['SVC']}"
Simulated,target_shift,Gauss. RW,importance_weighted,Reweighting,0.8625,0.03675474742578616,"[0.8, 0.8625, 0.8875, 0.86875, 0.84375, 0.8625, 0.90625, 0.825, 0.85, 0.85, 0.875, 0.875, 0.84375, 0.85, 0.76875, 0.84375, 0.825, 0.8625, 0.875, 0.85625, 0.9125, 0.91875, 0.93125, 0.90625, 0.8625]",0.8825,0.039061599783865746,"[0.8333333333333333, 0.8125, 0.9097222222222222, 0.84375, 0.8854166666666667, 0.8680555555555556, 0.9479166666666669, 0.8194444444444444, 0.8888888888888888, 0.8611111111111112, 0.9305555555555556, 0.9027777777777778, 0.9131944444444444, 0.9166666666666669, 0.84375, 0.8576388888888888, 0.875, 0.9236111111111112, 0.8472222222222222, 0.8923611111111112, 0.9236111111111112, 0.8993055555555556, 0.8784722222222222, 0.9479166666666669, 0.8402777777777778]",0.8834631810221555,0.02809402213222969,"[0.8358974358974359, 0.8799111393208505, 0.9029411764705882, 0.886088379705401, 0.869639794168096, 0.8826666666666666, 0.9186345569324292, 0.853411306042885, 0.8743525480367585, 0.8732491389207807, 0.894374282433984, 0.8933333333333333, 0.8705890200787139, 0.8753246753246753, 0.8131555660433014, 0.868560525757897, 0.8555409318241644, 0.8848231690336952, 0.8908283084735004, 0.8790756836972651, 0.9225296442687746, 0.9263571990558616, 0.9352879381147932, 0.9186345569324292, 0.8813725490196077]",0.8825,0.03906159978386575,"[0.8333333333333334, 0.8125, 0.9097222222222222, 0.84375, 0.8854166666666667, 0.8680555555555556, 0.9479166666666669, 0.8194444444444443, 0.8888888888888888, 0.8611111111111112, 0.9305555555555556, 0.9027777777777778, 0.9131944444444444, 0.9166666666666669, 0.84375, 0.8576388888888888, 0.875, 0.9236111111111112, 0.8472222222222222, 0.8923611111111112, 0.9236111111111112, 0.8993055555555556, 0.8784722222222222, 0.9479166666666669, 0.8402777777777778]","{'finalestimator__estimator_name': ['SVC'], 'gaussianreweightadapter__reg': ['auto', 1e-05, 0.01, 0.5]}"
Simulated,target_shift,LinOT,importance_weighted,Mapping,0.68525,0.08238154374615712,"[0.70625, 0.84375, 0.66875, 0.59375, 0.6625, 0.575, 0.7875, 0.625, 0.55, 0.71875, 0.65, 0.75625, 0.66875, 0.69375, 0.61875, 0.64375, 0.6375, 0.68125, 0.61875, 0.65, 0.625, 0.775, 0.8875, 0.775, 0.71875]",0.8184722222222223,0.03747105364292696,"[0.8368055555555556, 0.8576388888888888, 0.8159722222222222, 0.7743055555555556, 0.8125, 0.7638888888888888, 0.8819444444444444, 0.7916666666666667, 0.75, 0.84375, 0.8055555555555556, 0.8368055555555556, 0.8159722222222222, 0.8298611111111112, 0.7881944444444444, 0.7743055555555556, 0.7986111111111112, 0.8229166666666667, 0.7881944444444444, 0.8055555555555556, 0.7916666666666667, 0.875, 0.8819444444444444, 0.875, 0.84375]",0.7459929615885617,0.06586178053622772,"[0.764987656914754, 0.868560525757897, 0.7346683354192741, 0.6706578521566271, 0.7295169946332737, 0.6538181818181819, 0.8280124075399666, 0.6979405034324941, 0.6307692307692307, 0.7748917748917749, 0.7191222570532915, 0.8036376234193661, 0.7346683354192741, 0.7549873443876234, 0.6925583818862204, 0.7143110848009473, 0.7085990338164251, 0.7448833307915205, 0.6925583818862204, 0.7191222570532915, 0.6979405034324941, 0.8184873949579832, 0.9017454776261504, 0.8184873949579832, 0.7748917748917749]",0.8184722222222223,0.03747105364292696,"[0.8368055555555556, 0.8576388888888888, 0.8159722222222222, 0.7743055555555556, 0.8125, 0.7638888888888888, 0.8819444444444444, 0.7916666666666666, 0.75, 0.84375, 0.8055555555555556, 0.8368055555555556, 0.8159722222222222, 0.8298611111111112, 0.7881944444444444, 0.7743055555555556, 0.7986111111111112, 0.8229166666666666, 0.7881944444444444, 0.8055555555555556, 0.7916666666666666, 0.875, 0.8819444444444444, 0.875, 0.84375]","{'finalestimator__estimator_name': ['SVC'], 'linearotmappingadapter__bias': [True, False], 'linearotmappingadapter__reg': [1e-08, 1e-06, 0.1, 1, 10]}"
Simulated,target_shift,NN RW,importance_weighted,Reweighting,0.85675,0.038650746543027234,"[0.8, 0.85625, 0.875, 0.8625, 0.8125, 0.85625, 0.90625, 0.85, 0.83125, 0.85, 0.875, 0.875, 0.85625, 0.85625, 0.75625, 0.8375, 0.80625, 0.85, 0.86875, 0.8375, 0.9125, 0.9, 0.9375, 0.89375, 0.85625]",0.88375,0.03936189278217018,"[0.8333333333333333, 0.8090277777777778, 0.9027777777777778, 0.8402777777777778, 0.8958333333333333, 0.8645833333333333, 0.9479166666666669, 0.8888888888888888, 0.8784722222222222, 0.8888888888888888, 0.9305555555555556, 0.9027777777777778, 0.9201388888888888, 0.9201388888888888, 0.8368055555555556, 0.8541666666666667, 0.8645833333333333, 0.9166666666666669, 0.8159722222222222, 0.8819444444444444, 0.9236111111111112, 0.8888888888888888, 0.9097222222222222, 0.9409722222222222, 0.8368055555555556]",0.8792522693626502,0.029484755215445527,"[0.8358974358974359, 0.8752396539630581, 0.8933333333333333, 0.8813725490196077, 0.8469617404351087, 0.8779502879218601, 0.9186345569324292, 0.8743525480367585, 0.8602361416850111, 0.8743525480367585, 0.894374282433984, 0.8933333333333333, 0.8800686106346485, 0.8800686106346485, 0.8036376234193661, 0.8638819270398217, 0.8414583201468447, 0.8753246753246753, 0.8846060606060606, 0.864935064935065, 0.9225296442687746, 0.9114624505928852, 0.9417693169092944, 0.908848557873334, 0.8766774606521576]",0.88375,0.039361892782170185,"[0.8333333333333334, 0.8090277777777778, 0.9027777777777778, 0.8402777777777778, 0.8958333333333333, 0.8645833333333334, 0.9479166666666669, 0.8888888888888888, 0.8784722222222222, 0.8888888888888888, 0.9305555555555556, 0.9027777777777778, 0.9201388888888888, 0.9201388888888888, 0.8368055555555556, 0.8541666666666666, 0.8645833333333333, 0.9166666666666669, 0.8159722222222222, 0.8819444444444444, 0.9236111111111112, 0.8888888888888888, 0.9097222222222222, 0.9409722222222222, 0.8368055555555557]","{'finalestimator__estimator_name': ['SVC'], 'nearestneighborreweightadapter__laplace_smoothing': [True, False], 'nearestneighborreweightadapter__n_neighbors': [1]}"
Simulated,target_shift,MapOT,importance_weighted,Mapping,0.5735,0.036276929652328635,"[0.60625, 0.6625, 0.5875, 0.525, 0.63125, 0.54375, 0.58125, 0.58125, 0.49375, 0.575, 0.5875, 0.625, 0.5625, 0.59375, 0.51875, 0.56875, 0.5375, 0.5625, 0.56875, 0.55625, 0.58125, 0.54375, 0.58125, 0.575, 0.5875]",0.7630555555555556,0.02015384980684925,"[0.78125, 0.8125, 0.7708333333333333, 0.7361111111111112, 0.7951388888888888, 0.7465277777777778, 0.7673611111111112, 0.7673611111111112, 0.71875, 0.7638888888888888, 0.7708333333333333, 0.7916666666666667, 0.7569444444444444, 0.7743055555555556, 0.7326388888888888, 0.7604166666666667, 0.7430555555555556, 0.7569444444444444, 0.7604166666666667, 0.7534722222222222, 0.7673611111111112, 0.7465277777777778, 0.7673611111111112, 0.7638888888888888, 0.7708333333333333]",0.651771680919647,0.03299175410209743,"[0.6816842105263158, 0.7295169946332737, 0.6650854936569223, 0.6069881201956674, 0.7032871059071931, 0.6248947951273534, 0.6594725535902006, 0.6594725535902006, 0.5761446710273181, 0.6538181818181819, 0.6650854936569223, 0.6979405034324941, 0.6423817233315344, 0.6706578521566271, 0.6009217792077917, 0.6481215244812153, 0.6189737259742549, 0.6423817233315344, 0.6481215244812153, 0.6365979150820993, 0.6594725535902006, 0.6248947951273534, 0.6594725535902006, 0.6538181818181819, 0.6650854936569223]",0.7630555555555556,0.020153849806849228,"[0.78125, 0.8125, 0.7708333333333334, 0.7361111111111112, 0.7951388888888888, 0.7465277777777778, 0.7673611111111112, 0.7673611111111112, 0.71875, 0.7638888888888888, 0.7708333333333334, 0.7916666666666666, 0.7569444444444444, 0.7743055555555556, 0.7326388888888888, 0.7604166666666666, 0.7430555555555556, 0.7569444444444444, 0.7604166666666666, 0.7534722222222222, 0.7673611111111112, 0.7465277777777778, 0.7673611111111112, 0.7638888888888888, 0.7708333333333334]","{'finalestimator__estimator_name': ['SVC'], 'otmappingadapter__max_iter': [1000000], 'otmappingadapter__metric': ['sqeuclidean', 'cosine', 'cityblock'], 'otmappingadapter__norm': ['median']}"
Simulated,target_shift,SA,importance_weighted,Subspace,0.67525,0.03551518161293843,"[0.6875, 0.74375, 0.71875, 0.6375, 0.69375, 0.675, 0.73125, 0.65, 0.64375, 0.68125, 0.725, 0.70625, 0.6875, 0.6875, 0.6, 0.64375, 0.63125, 0.6625, 0.66875, 0.65, 0.6625, 0.6625, 0.65625, 0.65, 0.725]",0.8151388888888889,0.023038222790878197,"[0.8263888888888888, 0.8576388888888888, 0.84375, 0.7986111111111112, 0.8298611111111112, 0.8194444444444444, 0.8506944444444444, 0.8055555555555556, 0.8020833333333333, 0.8229166666666667, 0.8472222222222222, 0.8090277777777778, 0.8263888888888888, 0.8263888888888888, 0.7777777777777778, 0.7743055555555556, 0.7951388888888888, 0.8125, 0.7881944444444444, 0.8055555555555556, 0.8125, 0.8125, 0.78125, 0.8055555555555556, 0.8472222222222222]",0.7395909505089929,0.028980868321520994,"[0.7499487599918016, 0.7944429038877489, 0.7748917748917749, 0.7085990338164251, 0.7549873443876234, 0.7397901533494753, 0.7847074829931973, 0.7191222570532915, 0.7138771341018532, 0.7448833307915205, 0.7798101811906817, 0.764886964886965, 0.7499487599918016, 0.7499487599918016, 0.6761904761904762, 0.7143110848009473, 0.7032871059071931, 0.7295169946332737, 0.7348787555284428, 0.7191222570532915, 0.7295169946332737, 0.7295169946332737, 0.7246558197747184, 0.7191222570532915, 0.7798101811906817]",0.8151388888888889,0.023038222790878193,"[0.8263888888888888, 0.8576388888888888, 0.84375, 0.7986111111111112, 0.8298611111111112, 0.8194444444444444, 0.8506944444444444, 0.8055555555555556, 0.8020833333333334, 0.8229166666666666, 0.8472222222222222, 0.8090277777777777, 0.8263888888888888, 0.8263888888888888, 0.7777777777777778, 0.7743055555555556, 0.7951388888888888, 0.8125, 0.7881944444444444, 0.8055555555555556, 0.8125, 0.8125, 0.78125, 0.8055555555555556, 0.8472222222222222]","{'finalestimator__estimator_name': ['SVC'], 'subspacealignmentadapter__n_components': [1, 2, 5, 10, 20, 50, 100]}"
Simulated,target_shift,TCA,importance_weighted,Subspace,0.46875,0.07969260604556316,"[0.4625, 0.4625, 0.49375, 0.46875, 0.375, 0.53125, 0.51875, 0.46875, 0.35625, 0.46875, 0.53125, 0.55625, 0.5375, 0.43125, 0.48125, 0.3125, 0.5375, 0.3625, 0.575, 0.5125, 0.49375, 0.33125, 0.54375, 0.56875, 0.3375]",0.48486111111111113,0.10008335485603327,"[0.3680555555555556, 0.5069444444444444, 0.6354166666666666, 0.3715277777777778, 0.4583333333333333, 0.4895833333333333, 0.5659722222222222, 0.5381944444444444, 0.3368055555555556, 0.3993055555555556, 0.7118055555555556, 0.5590277777777778, 0.4652777777777778, 0.40625, 0.40625, 0.5069444444444444, 0.6041666666666667, 0.3680555555555556, 0.4583333333333333, 0.3680555555555556, 0.4409722222222222, 0.6006944444444444, 0.6076388888888888, 0.5381944444444444, 0.4097222222222222]",0.5612077404486691,0.08059927480185597,"[0.5660327621916775, 0.558974358974359, 0.5820455442938002, 0.5715977452512908, 0.46970968283269, 0.6235225448708595, 0.6098562248624659, 0.5632336655592469, 0.4610234705656021, 0.5705263157894737, 0.6146179401993356, 0.6436013424777469, 0.6293381037567085, 0.5342311305981836, 0.5816777983042016, 0.385652383245065, 0.6255952380952381, 0.4648952478283086, 0.6599279508370417, 0.609685230024213, 0.5917578513571125, 0.3956683020222568, 0.6311578947368421, 0.6545682102628285, 0.4312965722801788]",0.48486111111111113,0.10008335485603329,"[0.3680555555555556, 0.5069444444444444, 0.6354166666666667, 0.3715277777777778, 0.4583333333333333, 0.4895833333333333, 0.5659722222222222, 0.5381944444444444, 0.3368055555555556, 0.3993055555555556, 0.7118055555555556, 0.5590277777777778, 0.4652777777777778, 0.40625, 0.40625, 0.5069444444444444, 0.6041666666666666, 0.3680555555555556, 0.4583333333333333, 0.3680555555555556, 0.4409722222222222, 0.6006944444444444, 0.6076388888888888, 0.5381944444444444, 0.4097222222222222]","{'finalestimator__estimator_name': ['SVC'], 'transfercomponentanalysisadapter__kernel': ['rbf'], 'transfercomponentanalysisadapter__mu': [10, 100], 'transfercomponentanalysisadapter__n_components': [1, 2, 5, 10, 20, 50, 100]}"
Simulated,target_shift,TSL,importance_weighted,Subspace,0.8504999999999999,0.04062179474534988,"[0.79375, 0.85625, 0.88125, 0.85625, 0.8375, 0.85, 0.90625, 0.825, 0.84375, 0.8375, 0.85, 0.85625, 0.8375, 0.81875, 0.75, 0.84375, 0.7875, 0.84375, 0.8625, 0.83125, 0.9125, 0.90625, 0.93125, 0.89375, 0.85]",0.8813888888888889,0.036865015736983836,"[0.8298611111111112, 0.8090277777777778, 0.90625, 0.8368055555555556, 0.8819444444444444, 0.8888888888888888, 0.9479166666666669, 0.875, 0.9131944444444444, 0.8819444444444444, 0.9166666666666669, 0.8923611111111112, 0.9097222222222222, 0.8993055555555556, 0.8333333333333333, 0.8576388888888888, 0.8541666666666667, 0.9131944444444444, 0.8402777777777778, 0.8784722222222222, 0.9236111111111112, 0.8923611111111112, 0.8784722222222222, 0.9409722222222222, 0.8333333333333333]",0.8745684273119078,0.030786062208421606,"[0.8312298246724475, 0.8752396539630581, 0.8981248587996082, 0.8766774606521576, 0.864935064935065, 0.8743525480367585, 0.9186345569324292, 0.8555409318241644, 0.8705890200787139, 0.864935064935065, 0.8753246753246753, 0.8790756836972651, 0.8658594366938667, 0.8516868156212419, 0.7988571428571428, 0.868560525757897, 0.82734375, 0.8705890200787139, 0.8813725490196077, 0.8602361416850111, 0.9225296442687746, 0.9163798169759044, 0.9352879381147932, 0.908848557873334, 0.8719999999999999]",0.8813888888888889,0.03686501573698383,"[0.8298611111111112, 0.8090277777777778, 0.90625, 0.8368055555555557, 0.8819444444444444, 0.8888888888888888, 0.9479166666666669, 0.875, 0.9131944444444444, 0.8819444444444444, 0.9166666666666669, 0.8923611111111112, 0.9097222222222222, 0.8993055555555556, 0.8333333333333334, 0.8576388888888888, 0.8541666666666667, 0.9131944444444444, 0.8402777777777778, 0.8784722222222222, 0.9236111111111112, 0.8923611111111112, 0.8784722222222222, 0.9409722222222222, 0.8333333333333333]","{'finalestimator__estimator_name': ['SVC'], 'transfersubspacelearningadapter__base_method': ['flda'], 'transfersubspacelearningadapter__length_scale': [2], 'transfersubspacelearningadapter__max_iter': [300], 'transfersubspacelearningadapter__mu': [0.1, 1, 10], 'transfersubspacelearningadapter__n_components': [1, 2, 5, 10, 20, 50, 100], 'transfersubspacelearningadapter__reg': [0.0001], 'transfersubspacelearningadapter__tol': [0.0001]}"
Simulated,concept_drift,CORAL,prediction_entropy,Mapping,0.6635,0.0295187087567642,"[0.63125, 0.64375, 0.7, 0.65, 0.6625, 0.69375, 0.69375, 0.71875, 0.63125, 0.7, 0.60625, 0.7, 0.65, 0.66875, 0.68125, 0.6625, 0.625, 0.65625, 0.65, 0.69375, 0.6625, 0.6125, 0.65, 0.66875, 0.675]",0.6635,0.029518708756764208,"[0.63125, 0.64375, 0.7, 0.65, 0.6625000000000001, 0.69375, 0.69375, 0.71875, 0.63125, 0.7, 0.60625, 0.7, 0.65, 0.66875, 0.68125, 0.6625, 0.625, 0.65625, 0.65, 0.69375, 0.6625, 0.6125, 0.65, 0.66875, 0.675]",0.6258118382491888,0.039308370751956756,"[0.5818383167220377, 0.5960132890365448, 0.6754563894523326, 0.6011396011396011, 0.6226415094339622, 0.6620543988965041, 0.6699086354258769, 0.6968548692686625, 0.5818383167220377, 0.6729688298415943, 0.5534883720930233, 0.6799999999999999, 0.6050079351084465, 0.6312883168833427, 0.6511478773887391, 0.6291208791208792, 0.5767942161876213, 0.6173746684638463, 0.6121212121212121, 0.6674443266171792, 0.625974025974026, 0.5584045584045583, 0.6086652690426275, 0.6279233030582247, 0.6398268398268397]",0.6635,0.02951870875676423,"[0.63125, 0.64375, 0.7000000000000001, 0.65, 0.6625, 0.69375, 0.69375, 0.71875, 0.63125, 0.7000000000000001, 0.60625, 0.7, 0.65, 0.6687500000000001, 0.68125, 0.6625000000000001, 0.625, 0.65625, 0.65, 0.69375, 0.6625000000000001, 0.6124999999999999, 0.6499999999999999, 0.66875, 0.6750000000000002]","{'coraladapter__reg': ['auto'], 'finalestimator__estimator_name': ['SVC']}"
Simulated,concept_drift,DASVM,prediction_entropy,Other,0.6475,0.028298078556679408,"[0.64375, 0.6375, 0.7, 0.6, 0.64375, 0.6625, 0.6875, 0.7125, 0.6625, 0.675, 0.61875, 0.63125, 0.6375, 0.60625, 0.66875, 0.6125, 0.63125, 0.64375, 0.65625, 0.6375, 0.675, 0.61875, 0.65625, 0.63125, 0.6375]",0.6475,0.028298078556679415,"[0.64375, 0.6375, 0.7, 0.6, 0.64375, 0.6625000000000001, 0.6875, 0.7125, 0.6625, 0.675, 0.6187499999999999, 0.63125, 0.6375, 0.6062500000000001, 0.66875, 0.6125, 0.63125, 0.64375, 0.65625, 0.6375, 0.675, 0.61875, 0.65625, 0.63125, 0.6375]",0.6036535108170613,0.03974019861494921,"[0.5998420429116756, 0.586894586894587, 0.6729688298415943, 0.5293252436109579, 0.5960132890365448, 0.6226415094339622, 0.6643732169827152, 0.6889790398918187, 0.6291208791208792, 0.6428571428571429, 0.5717607827651265, 0.5895473716248533, 0.586894586894587, 0.5392842451665981, 0.6344670028880556, 0.5584045584045583, 0.5818383167220377, 0.5998420429116756, 0.6173746684638463, 0.5909010756480338, 0.6428571428571429, 0.5676633444075304, 0.6173746684638463, 0.5732175957321759, 0.586894586894587]",0.6475,0.0282980785566794,"[0.6437499999999999, 0.6375000000000001, 0.7000000000000001, 0.6, 0.64375, 0.6625, 0.6875, 0.7125, 0.6625000000000001, 0.6749999999999999, 0.61875, 0.63125, 0.6375000000000001, 0.6062500000000002, 0.66875, 0.6124999999999999, 0.63125, 0.6437499999999999, 0.65625, 0.6375000000000001, 0.6749999999999999, 0.6187499999999999, 0.65625, 0.63125, 0.6375000000000001]","{'dasvmclassifier__base_estimator__estimator_name': ['SVC'], 'dasvmclassifier__max_iter': [200]}"
Simulated,concept_drift,JDOT,prediction_entropy,Other,0.81575,0.03385592944128598,"[0.76875, 0.7875, 0.8375, 0.8, 0.83125, 0.825, 0.80625, 0.85, 0.83125, 0.83125, 0.83125, 0.78125, 0.8375, 0.925, 0.81875, 0.79375, 0.78125, 0.8, 0.7875, 0.80625, 0.85, 0.76875, 0.78125, 0.83125, 0.83125]",0.81575,0.033855929441285966,"[0.76875, 0.7875000000000001, 0.8375, 0.8, 0.83125, 0.825, 0.8062499999999999, 0.85, 0.83125, 0.83125, 0.83125, 0.78125, 0.8375, 0.925, 0.81875, 0.79375, 0.78125, 0.8, 0.7875, 0.8062499999999999, 0.85, 0.76875, 0.78125, 0.83125, 0.83125]",0.8154740951061052,0.03402452914799192,"[0.7687409664440018, 0.7869674185463659, 0.8372711625723674, 0.7994987468671679, 0.8312434079456228, 0.825, 0.8061818608104412, 0.85, 0.8311906529639327, 0.8312434079456228, 0.8311906529639327, 0.7802111542839201, 0.8375, 0.9249882794186592, 0.8181746933657275, 0.7923793794974637, 0.7811730686569497, 0.7988686360779385, 0.7875, 0.8058784392000312, 0.849906191369606, 0.7680159880873074, 0.7812414547443259, 0.8312434079456228, 0.8312434079456228]",0.81575,0.03385592944128595,"[0.76875, 0.7875000000000001, 0.8375, 0.8, 0.8312499999999999, 0.825, 0.8062499999999999, 0.85, 0.8312499999999999, 0.8312499999999999, 0.83125, 0.7812500000000001, 0.8374999999999999, 0.925, 0.81875, 0.79375, 0.78125, 0.8, 0.7875, 0.80625, 0.85, 0.7687499999999999, 0.78125, 0.8312499999999999, 0.8312499999999999]","{'jdotclassifier__alpha': [0.1, 0.3, 0.5, 0.7, 0.9], 'jdotclassifier__base_estimator__estimator_name': ['SVC'], 'jdotclassifier__n_iter_max': [100], 'jdotclassifier__thr_weights': [1e-07], 'jdotclassifier__tol': [1e-06]}"
Simulated,concept_drift,KLIEP,prediction_entropy,Reweighting,0.6609999999999999,0.022912878474779148,"[0.6625, 0.65625, 0.69375, 0.64375, 0.66875, 0.6625, 0.7, 0.69375, 0.65625, 0.66875, 0.61875, 0.64375, 0.63125, 0.68125, 0.675, 0.69375, 0.65, 0.65625, 0.66875, 0.68125, 0.6625, 0.6125, 0.6375, 0.6625, 0.64375]",0.6609999999999999,0.022912878474779148,"[0.6625, 0.65625, 0.69375, 0.64375, 0.66875, 0.6625000000000001, 0.7, 0.6937500000000001, 0.65625, 0.66875, 0.61875, 0.64375, 0.6312500000000001, 0.68125, 0.675, 0.69375, 0.65, 0.65625, 0.66875, 0.68125, 0.6625, 0.6125, 0.6375, 0.6625, 0.64375]",0.6230906985216721,0.03183544769042904,"[0.625974025974026, 0.6173746684638463, 0.6699086354258769, 0.5960132890365448, 0.6312883168833427, 0.6226415094339622, 0.6799999999999999, 0.6648283527852593, 0.6206733048838312, 0.6312883168833427, 0.5676633444075304, 0.6101064511991792, 0.5776475325488792, 0.6482607008922798, 0.6428571428571429, 0.6699086354258769, 0.6086652690426275, 0.6206733048838312, 0.6344670028880556, 0.6511478773887391, 0.625974025974026, 0.5538765965101637, 0.5909010756480338, 0.6191147945688591, 0.5960132890365448]",0.6609999999999999,0.02291287847477915,"[0.6625000000000001, 0.65625, 0.69375, 0.64375, 0.6687500000000001, 0.6625, 0.7, 0.69375, 0.6562500000000001, 0.6687500000000001, 0.6187499999999999, 0.64375, 0.63125, 0.68125, 0.6749999999999999, 0.69375, 0.6499999999999999, 0.6562500000000001, 0.66875, 0.68125, 0.6625000000000001, 0.6125, 0.6375000000000001, 0.6625, 0.64375]","{'finalestimator__estimator_name': ['SVC'], 'kliepreweightadapter__cv': [5], 'kliepreweightadapter__gamma': [0.0001, 0.001, 0.01, 0.1, 1.0, 10.0, 100.0, 1000.0, 'auto', 'scale'], 'kliepreweightadapter__max_iter': [1000], 'kliepreweightadapter__n_centers': [100], 'kliepreweightadapter__random_state': [0], 'kliepreweightadapter__tol': [1e-06]}"
Simulated,concept_drift,KMM,prediction_entropy,Reweighting,0.6655,0.02621525478291855,"[0.65625, 0.6625, 0.70625, 0.65, 0.66875, 0.70625, 0.7125, 0.7125, 0.63125, 0.675, 0.625, 0.675, 0.66875, 0.66875, 0.6625, 0.68125, 0.6375, 0.65625, 0.675, 0.675, 0.66875, 0.6125, 0.6375, 0.66875, 0.64375]",0.6655,0.02621525478291854,"[0.65625, 0.6625, 0.70625, 0.65, 0.66875, 0.70625, 0.7124999999999999, 0.7125, 0.63125, 0.675, 0.625, 0.675, 0.66875, 0.66875, 0.6625, 0.68125, 0.6375, 0.65625, 0.675, 0.675, 0.66875, 0.6125, 0.6375, 0.66875, 0.64375]",0.6295551703767885,0.03493549999541515,"[0.6173746684638463, 0.625974025974026, 0.6856055855177892, 0.6050079351084465, 0.6312883168833427, 0.6810180275715801, 0.6953137936744495, 0.6889790398918187, 0.5818383167220377, 0.6428571428571429, 0.5879120879120879, 0.6484110885733604, 0.6344670028880556, 0.6312883168833427, 0.625974025974026, 0.6538706256627783, 0.5909010756480338, 0.6173746684638463, 0.6428571428571429, 0.6428571428571429, 0.6344670028880556, 0.5584045584045583, 0.5909010756480338, 0.6279233030582247, 0.5960132890365448]",0.6655,0.026215254782918525,"[0.65625, 0.6625000000000001, 0.7062499999999999, 0.65, 0.6687500000000001, 0.70625, 0.7125, 0.7125, 0.63125, 0.6749999999999999, 0.625, 0.6749999999999999, 0.66875, 0.6687500000000001, 0.6625000000000001, 0.6812499999999999, 0.6375000000000001, 0.65625, 0.6749999999999999, 0.6749999999999999, 0.66875, 0.6124999999999999, 0.6375000000000001, 0.66875, 0.64375]","{'finalestimator__estimator_name': ['SVC'], 'kmmreweightadapter__B': [1000.0], 'kmmreweightadapter__gamma': [0.0001, 0.001, 0.01, 0.1, 1.0, 10.0, 100.0, 1000.0, None], 'kmmreweightadapter__max_iter': [1000], 'kmmreweightadapter__smooth_weights': [False], 'kmmreweightadapter__tol': [1e-06]}"
Simulated,concept_drift,MMD-LS,prediction_entropy,Mapping,0.8127500000000001,0.03264989471652245,"[0.76875, 0.8, 0.8375, 0.8, 0.81875, 0.80625, 0.8, 0.84375, 0.84375, 0.825, 0.825, 0.7875, 0.83125, 0.90625, 0.80625, 0.80625, 0.79375, 0.76875, 0.79375, 0.83125, 0.84375, 0.75625, 0.7625, 0.8375, 0.825]",0.8127500000000001,0.03264989471652243,"[0.76875, 0.8, 0.8374999999999999, 0.8, 0.81875, 0.80625, 0.8, 0.84375, 0.84375, 0.825, 0.825, 0.7875, 0.83125, 0.90625, 0.80625, 0.80625, 0.79375, 0.76875, 0.79375, 0.83125, 0.84375, 0.7562500000000001, 0.7625, 0.8375, 0.825]",0.8124478566635743,0.03285497462864223,"[0.7687409664440018, 0.7994987468671679, 0.837092731829574, 0.7994987468671679, 0.8187429196452987, 0.806060606060606, 0.8, 0.8436950490406783, 0.8436950490406783, 0.8248905565978737, 0.8249726519768714, 0.7873671044402751, 0.8311906529639327, 0.906217029424407, 0.806060606060606, 0.8056350170461226, 0.7937419430446502, 0.7672132436789745, 0.7937419430446502, 0.8301285832251976, 0.843743896245947, 0.7546301757697298, 0.7621655452980753, 0.8375, 0.8249726519768714]",0.8127500000000001,0.03264989471652246,"[0.7687499999999999, 0.8, 0.8374999999999999, 0.8, 0.8187499999999999, 0.80625, 0.8, 0.8437500000000001, 0.8437500000000001, 0.825, 0.8250000000000001, 0.7874999999999999, 0.8312499999999999, 0.90625, 0.80625, 0.80625, 0.79375, 0.7687499999999999, 0.79375, 0.83125, 0.8437500000000001, 0.75625, 0.7625000000000001, 0.8374999999999999, 0.8250000000000001]","{'finalestimator__estimator_name': ['SVC'], 'mmdlsconsmappingadapter__gamma': [0.1, 1, 10], 'mmdlsconsmappingadapter__max_iter': [100], 'mmdlsconsmappingadapter__reg_k': [1e-10, 1e-08], 'mmdlsconsmappingadapter__reg_m': [1e-10, 1e-08], 'mmdlsconsmappingadapter__tol': [1e-05]}"
Simulated,concept_drift,Train Src,prediction_entropy,NO DA,0.66175,0.0238211653087473,"[0.6625, 0.65625, 0.7, 0.65, 0.66875, 0.6625, 0.7, 0.69375, 0.65625, 0.66875, 0.6125, 0.64375, 0.63125, 0.68125, 0.675, 0.69375, 0.65, 0.65625, 0.66875, 0.68125, 0.6625, 0.6125, 0.6375, 0.675, 0.64375]",0.66175,0.023821165308747297,"[0.6625, 0.65625, 0.7, 0.65, 0.66875, 0.6625000000000001, 0.7, 0.6937500000000001, 0.65625, 0.66875, 0.6125, 0.64375, 0.6312500000000001, 0.68125, 0.675, 0.69375, 0.65, 0.65625, 0.66875, 0.68125, 0.6625, 0.6125, 0.6375, 0.675, 0.64375]",0.624267149182694,0.0325497333707863,"[0.625974025974026, 0.6173746684638463, 0.6777982883034066, 0.6050079351084465, 0.6312883168833427, 0.6226415094339622, 0.6799999999999999, 0.6648283527852593, 0.6206733048838312, 0.6312883168833427, 0.5626873567272086, 0.6101064511991792, 0.5776475325488792, 0.6482607008922798, 0.6428571428571429, 0.6699086354258769, 0.6086652690426275, 0.6206733048838312, 0.6344670028880556, 0.6511478773887391, 0.625974025974026, 0.5538765965101637, 0.5909010756480338, 0.636617749825297, 0.5960132890365448]",0.66175,0.023821165308747314,"[0.6625000000000001, 0.65625, 0.7, 0.65, 0.6687500000000001, 0.6625, 0.7, 0.69375, 0.6562500000000001, 0.6687500000000001, 0.6124999999999999, 0.64375, 0.63125, 0.68125, 0.6749999999999999, 0.69375, 0.6499999999999999, 0.6562500000000001, 0.66875, 0.68125, 0.6625000000000001, 0.6125, 0.6375000000000001, 0.675, 0.64375]",{'finalestimator__estimator_name': ['SVC']}
Simulated,concept_drift,NO_DA_SOURCE_ONLY_BASE_ESTIM,prediction_entropy,Unknown,,,"[NaN, NaN, NaN, NaN, NaN, NaN, NaN, NaN, NaN, NaN, NaN, NaN, NaN, NaN, NaN, NaN, NaN, NaN, NaN, NaN, NaN, NaN, NaN, NaN, NaN]",,,"[NaN, NaN, NaN, NaN, NaN, NaN, NaN, NaN, NaN, NaN, NaN, NaN, NaN, NaN, NaN, NaN, NaN, NaN, NaN, NaN, NaN, NaN, NaN, NaN, NaN]",,,"[NaN, NaN, NaN, NaN, NaN, NaN, NaN, NaN, NaN, NaN, NaN, NaN, NaN, NaN, NaN, NaN, NaN, NaN, NaN, NaN, NaN, NaN, NaN, NaN, NaN]",,,"[NaN, NaN, NaN, NaN, NaN, NaN, NaN, NaN, NaN, NaN, NaN, NaN, NaN, NaN, NaN, NaN, NaN, NaN, NaN, NaN, NaN, NaN, NaN, NaN, NaN]",{'finalestimator__estimator_name': ['SVC']}
Simulated,concept_drift,Train Tgt,prediction_entropy,NO DA,0.8170000000000001,0.026853188823676044,"[0.78125, 0.8, 0.83125, 0.8125, 0.81875, 0.81875, 0.8125, 0.8625, 0.825, 0.84375, 0.825, 0.775, 0.8125, 0.8875, 0.83125, 0.8125, 0.79375, 0.7875, 0.78125, 0.80625, 0.84375, 0.7875, 0.8, 0.83125, 0.84375]",0.8170000000000001,0.026853188823676037,"[0.78125, 0.8, 0.83125, 0.8125, 0.8187500000000001, 0.81875, 0.8125, 0.8625, 0.825, 0.84375, 0.825, 0.7749999999999999, 0.8125, 0.8875, 0.83125, 0.8125, 0.79375, 0.7875000000000001, 0.78125, 0.80625, 0.84375, 0.7875, 0.8, 0.83125, 0.84375]",0.8165039371484406,0.02705591986401915,"[0.7805556644069125, 0.7979797979797979, 0.8304486047333098, 0.8100965342617503, 0.8184024108645452, 0.8187429196452987, 0.8124706985466478, 0.8624140087554721, 0.8249726519768714, 0.8436950490406783, 0.8249726519768714, 0.7737272155876808, 0.81203007518797, 0.8874296435272045, 0.8304486047333098, 0.8114393463230674, 0.7937419430446502, 0.7862979258328096, 0.7812414547443259, 0.806060606060606, 0.8432540460049376, 0.7873671044402751, 0.7998749218261413, 0.8311906529639327, 0.843743896245947]",0.8170000000000001,0.026853188823676065,"[0.78125, 0.7999999999999999, 0.8312499999999998, 0.8125, 0.8187500000000001, 0.8187499999999999, 0.8125, 0.8625, 0.825, 0.84375, 0.825, 0.7749999999999999, 0.8125, 0.8875000000000001, 0.8312499999999998, 0.8125, 0.79375, 0.7875000000000001, 0.78125, 0.80625, 0.8437499999999999, 0.7874999999999999, 0.7999999999999999, 0.83125, 0.84375]",{'finalestimator__estimator_name': ['SVC']}
Simulated,concept_drift,OTLabelProp,prediction_entropy,Other,0.7959999999999999,0.05415304315856434,"[0.7625, 0.7875, 0.8375, 0.80625, 0.75625, 0.74375, 0.81875, 0.86875, 0.83125, 0.83125, 0.84375, 0.78125, 0.83125, 0.90625, 0.75, 0.8125, 0.69375, 0.7875, 0.76875, 0.74375, 0.85, 0.68125, 0.7375, 0.8375, 0.83125]",0.7959999999999999,0.054153043158564326,"[0.7625, 0.7875, 0.8375, 0.80625, 0.75625, 0.7437499999999999, 0.8187500000000001, 0.8687499999999999, 0.83125, 0.83125, 0.84375, 0.78125, 0.83125, 0.90625, 0.75, 0.8125, 0.6937500000000001, 0.7875000000000001, 0.76875, 0.74375, 0.85, 0.68125, 0.7375, 0.8375, 0.83125]",0.7940599582320159,0.05689989679148138,"[0.7625, 0.7866666666666667, 0.8372711625723674, 0.805329879508615, 0.7560117302052787, 0.7323650605850436, 0.818686256887187, 0.8687038411941698, 0.8311906529639327, 0.8312434079456228, 0.843743896245947, 0.7802111542839201, 0.8312434079456228, 0.9062463377475684, 0.7467953790156671, 0.8117647058823529, 0.6847734309034619, 0.7874667916862009, 0.7680159880873074, 0.7414778325123152, 0.849788765451416, 0.6688177279922074, 0.7324414715719063, 0.8375, 0.8312434079456228]",0.7959999999999999,0.05415304315856432,"[0.7625, 0.7875000000000001, 0.8375, 0.80625, 0.75625, 0.74375, 0.81875, 0.8687499999999999, 0.8312499999999999, 0.8312499999999999, 0.8437500000000001, 0.7812500000000001, 0.8312499999999999, 0.90625, 0.75, 0.8125, 0.69375, 0.7875, 0.7687499999999999, 0.74375, 0.8499999999999999, 0.68125, 0.7375, 0.8374999999999999, 0.8312499999999999]","{'finalestimator__estimator_name': ['SVC'], 'otlabelpropadapter__metric': ['sqeuclidean', 'cosine', 'cityblock'], 'otlabelpropadapter__reg': [None, 0.1, 1.0]}"
Simulated,concept_drift,JPCA,prediction_entropy,Subspace,0.66175,0.0238211653087473,"[0.6625, 0.65625, 0.7, 0.65, 0.66875, 0.6625, 0.7, 0.69375, 0.65625, 0.66875, 0.6125, 0.64375, 0.63125, 0.68125, 0.675, 0.69375, 0.65, 0.65625, 0.66875, 0.68125, 0.6625, 0.6125, 0.6375, 0.675, 0.64375]",0.66175,0.023821165308747297,"[0.6625, 0.65625, 0.7, 0.65, 0.66875, 0.6625000000000001, 0.7, 0.6937500000000001, 0.65625, 0.66875, 0.6125, 0.64375, 0.6312500000000001, 0.68125, 0.675, 0.69375, 0.65, 0.65625, 0.66875, 0.68125, 0.6625, 0.6125, 0.6375, 0.675, 0.64375]",0.624267149182694,0.0325497333707863,"[0.625974025974026, 0.6173746684638463, 0.6777982883034066, 0.6050079351084465, 0.6312883168833427, 0.6226415094339622, 0.6799999999999999, 0.6648283527852593, 0.6206733048838312, 0.6312883168833427, 0.5626873567272086, 0.6101064511991792, 0.5776475325488792, 0.6482607008922798, 0.6428571428571429, 0.6699086354258769, 0.6086652690426275, 0.6206733048838312, 0.6344670028880556, 0.6511478773887391, 0.625974025974026, 0.5538765965101637, 0.5909010756480338, 0.636617749825297, 0.5960132890365448]",0.66175,0.023821165308747314,"[0.6625000000000001, 0.65625, 0.7, 0.65, 0.6687500000000001, 0.6625, 0.7, 0.69375, 0.6562500000000001, 0.6687500000000001, 0.6124999999999999, 0.64375, 0.63125, 0.68125, 0.6749999999999999, 0.69375, 0.6499999999999999, 0.6562500000000001, 0.66875, 0.68125, 0.6625000000000001, 0.6125, 0.6375000000000001, 0.675, 0.64375]","{'finalestimator__estimator_name': ['SVC'], 'pca__n_components': [1, 2, 5, 10, 20, 50, 100]}"
Simulated,concept_drift,MMDTarS,prediction_entropy,Reweighting,0.659,0.024677608777999533,"[0.65625, 0.65625, 0.7, 0.65, 0.66875, 0.6625, 0.7, 0.70625, 0.65625, 0.66875, 0.6125, 0.64375, 0.61875, 0.675, 0.66875, 0.66875, 0.65, 0.65, 0.66875, 0.68125, 0.6625, 0.60625, 0.6375, 0.6625, 0.64375]",0.659,0.024677608777999533,"[0.65625, 0.65625, 0.7, 0.65, 0.66875, 0.6625000000000001, 0.7, 0.70625, 0.65625, 0.66875, 0.6125, 0.64375, 0.61875, 0.675, 0.66875, 0.66875, 0.65, 0.65, 0.66875, 0.68125, 0.6625, 0.60625, 0.6375, 0.6625, 0.64375]",0.6200242673933698,0.034209065344169176,"[0.6173746684638463, 0.6173746684638463, 0.6754563894523326, 0.6050079351084465, 0.6312883168833427, 0.6226415094339622, 0.6799999999999999, 0.6810180275715801, 0.6206733048838312, 0.6312883168833427, 0.5584045584045583, 0.606879606879607, 0.558750395587504, 0.6398268398268397, 0.6344670028880556, 0.6374674019922193, 0.6086652690426275, 0.6121212121212121, 0.6344670028880556, 0.6511478773887391, 0.625974025974026, 0.544283195442832, 0.5909010756480338, 0.6191147945688591, 0.5960132890365448]",0.659,0.02467760877799958,"[0.65625, 0.65625, 0.7000000000000001, 0.65, 0.6687500000000001, 0.6625, 0.7, 0.70625, 0.6562500000000001, 0.6687500000000001, 0.6124999999999999, 0.6437499999999999, 0.61875, 0.6750000000000002, 0.66875, 0.6687500000000001, 0.6499999999999999, 0.65, 0.66875, 0.68125, 0.6625000000000001, 0.60625, 0.6375000000000001, 0.6625, 0.64375]","{'finalestimator__estimator_name': ['SVC'], 'mmdtarsreweightadapter__gamma': [0.0001, 0.001, 0.01, 0.1, 1.0, 10.0, 100.0, 1000.0, None], 'mmdtarsreweightadapter__max_iter': [1000], 'mmdtarsreweightadapter__reg': [1e-06], 'mmdtarsreweightadapter__tol': [1e-06]}"
Simulated,concept_drift,ClassRegOT,prediction_entropy,Mapping,0.81475,0.039973949850704855,"[0.76875, 0.76875, 0.83125, 0.79375, 0.83125, 0.8375, 0.73125, 0.85625, 0.85625, 0.81875, 0.83125, 0.775, 0.85, 0.91875, 0.8375, 0.8, 0.78125, 0.79375, 0.79375, 0.8125, 0.85, 0.7625, 0.79375, 0.84375, 0.83125]",0.81475,0.039973949850704855,"[0.76875, 0.76875, 0.83125, 0.79375, 0.83125, 0.8374999999999999, 0.73125, 0.85625, 0.85625, 0.81875, 0.83125, 0.775, 0.8500000000000001, 0.91875, 0.8375, 0.8, 0.78125, 0.79375, 0.79375, 0.8125, 0.85, 0.7625, 0.79375, 0.84375, 0.83125]",0.8143531910407333,0.04058483629821819,"[0.7687409664440018, 0.768306524206489, 0.8310850439882698, 0.7933544675355172, 0.8312434079456228, 0.8374746054070948, 0.7255793546328427, 0.8562443845462713, 0.8561994451174242, 0.8187429196452987, 0.8311906529639327, 0.7746831481771241, 0.8499765588373183, 0.9187468260478924, 0.8372711625723674, 0.7994987468671679, 0.7811730686569497, 0.7930953407265176, 0.7935483870967742, 0.8124706985466478, 0.849906191369606, 0.7615686274509803, 0.7937419430446502, 0.843743896245947, 0.8312434079456228]",0.81475,0.03997394985070487,"[0.76875, 0.7687499999999999, 0.8312500000000002, 0.79375, 0.8312499999999999, 0.8374999999999999, 0.73125, 0.8562500000000001, 0.85625, 0.8187499999999999, 0.83125, 0.7750000000000001, 0.8500000000000001, 0.91875, 0.8375, 0.8, 0.7812500000000001, 0.7937500000000001, 0.79375, 0.8125, 0.85, 0.7625, 0.7937500000000001, 0.8437500000000001, 0.8312499999999999]","[{'classregularizerotmappingadapter__max_inner_iter': [1000], 'classregularizerotmappingadapter__max_iter': [10], 'classregularizerotmappingadapter__metric': ['sqeuclidean', 'cosine', 'cityblock'], 'classregularizerotmappingadapter__norm': ['lpl1'], 'classregularizerotmappingadapter__reg_cl': [0.1], 'classregularizerotmappingadapter__reg_e': [0.1], 'classregularizerotmappingadapter__tol': [1e-06], 'finalestimator__estimator_name': ['SVC']}, {'classregularizerotmappingadapter__max_inner_iter': [1000], 'classregularizerotmappingadapter__max_iter': [10], 'classregularizerotmappingadapter__metric': ['sqeuclidean', 'cosine', 'cityblock'], 'classregularizerotmappingadapter__norm': ['lpl1'], 'classregularizerotmappingadapter__reg_cl': [0.5], 'classregularizerotmappingadapter__reg_e': [0.5], 'classregularizerotmappingadapter__tol': [1e-06], 'finalestimator__estimator_name': ['SVC']}, {'classregularizerotmappingadapter__max_inner_iter': [1000], 'classregularizerotmappingadapter__max_iter': [10], 'classregularizerotmappingadapter__metric': ['sqeuclidean', 'cosine', 'cityblock'], 'classregularizerotmappingadapter__norm': ['lpl1'], 'classregularizerotmappingadapter__reg_cl': [1.0], 'classregularizerotmappingadapter__reg_e': [1.0], 'classregularizerotmappingadapter__tol': [1e-06], 'finalestimator__estimator_name': ['SVC']}]"
Simulated,concept_drift,Dens. RW,prediction_entropy,Reweighting,0.66175,0.0238211653087473,"[0.6625, 0.65625, 0.7, 0.65, 0.66875, 0.6625, 0.7, 0.69375, 0.65625, 0.66875, 0.6125, 0.64375, 0.63125, 0.68125, 0.675, 0.69375, 0.65, 0.65625, 0.66875, 0.68125, 0.6625, 0.6125, 0.6375, 0.675, 0.64375]",0.66175,0.023821165308747297,"[0.6625, 0.65625, 0.7, 0.65, 0.66875, 0.6625000000000001, 0.7, 0.6937500000000001, 0.65625, 0.66875, 0.6125, 0.64375, 0.6312500000000001, 0.68125, 0.675, 0.69375, 0.65, 0.65625, 0.66875, 0.68125, 0.6625, 0.6125, 0.6375, 0.675, 0.64375]",0.624267149182694,0.0325497333707863,"[0.625974025974026, 0.6173746684638463, 0.6777982883034066, 0.6050079351084465, 0.6312883168833427, 0.6226415094339622, 0.6799999999999999, 0.6648283527852593, 0.6206733048838312, 0.6312883168833427, 0.5626873567272086, 0.6101064511991792, 0.5776475325488792, 0.6482607008922798, 0.6428571428571429, 0.6699086354258769, 0.6086652690426275, 0.6206733048838312, 0.6344670028880556, 0.6511478773887391, 0.625974025974026, 0.5538765965101637, 0.5909010756480338, 0.636617749825297, 0.5960132890365448]",0.66175,0.023821165308747314,"[0.6625000000000001, 0.65625, 0.7, 0.65, 0.6687500000000001, 0.6625, 0.7, 0.69375, 0.6562500000000001, 0.6687500000000001, 0.6124999999999999, 0.64375, 0.63125, 0.68125, 0.6749999999999999, 0.69375, 0.6499999999999999, 0.6562500000000001, 0.66875, 0.68125, 0.6625000000000001, 0.6125, 0.6375000000000001, 0.675, 0.64375]","{'densityreweightadapter__weight_estimator__bandwidth': [0.01, 0.1, 1.0, 10.0, 100.0, 'scott', 'silverman'], 'finalestimator__estimator_name': ['SVC']}"
Simulated,concept_drift,Disc. RW,prediction_entropy,Reweighting,0.71625,0.03272557931751043,"[0.7125, 0.70625, 0.79375, 0.7, 0.73125, 0.73125, 0.725, 0.71875, 0.7, 0.7125, 0.66875, 0.73125, 0.65625, 0.76875, 0.75625, 0.74375, 0.7125, 0.70625, 0.69375, 0.73125, 0.675, 0.73125, 0.65, 0.725, 0.725]",0.71625,0.03272557931751043,"[0.7125, 0.70625, 0.79375, 0.7, 0.73125, 0.73125, 0.725, 0.71875, 0.7, 0.7125, 0.66875, 0.73125, 0.65625, 0.76875, 0.75625, 0.7437499999999999, 0.7125, 0.70625, 0.69375, 0.73125, 0.675, 0.73125, 0.65, 0.725, 0.725]",0.698307475250808,0.040151905498980796,"[0.6933333333333334, 0.6833817523472696, 0.7907999524545346, 0.6820665673124691, 0.7142738485817517, 0.7123625569630837, 0.7103357472021067, 0.6989840712404365, 0.6777982883034066, 0.6912233596240981, 0.6478259063914613, 0.7233726026295686, 0.6173746684638463, 0.7571282051282051, 0.744, 0.7323650605850436, 0.6971691902567478, 0.6914871794871795, 0.6783589743589744, 0.7177435897435898, 0.6428571428571429, 0.7207678883071553, 0.6121212121212121, 0.7119947635411552, 0.7085610200364298]",0.71625,0.03272557931751045,"[0.7125, 0.70625, 0.79375, 0.7, 0.7312500000000001, 0.7312500000000001, 0.7249999999999999, 0.7187499999999999, 0.7, 0.7124999999999999, 0.66875, 0.73125, 0.65625, 0.76875, 0.75625, 0.74375, 0.7125, 0.70625, 0.69375, 0.73125, 0.6749999999999999, 0.7312500000000001, 0.65, 0.725, 0.7250000000000001]","{'discriminatorreweightadapter__domain_classifier__estimator_name': ['LR', 'SVC', 'KNN', 'XGB'], 'finalestimator__estimator_name': ['SVC']}"
Simulated,concept_drift,EntOT,prediction_entropy,Mapping,0.815,0.03336586953759786,"[0.75625, 0.76875, 0.83125, 0.80625, 0.83125, 0.83125, 0.81875, 0.84375, 0.8375, 0.84375, 0.83125, 0.79375, 0.84375, 0.9, 0.8375, 0.8125, 0.78125, 0.79375, 0.7875, 0.80625, 0.825, 0.7625, 0.7625, 0.8375, 0.83125]",0.815,0.03336586953759787,"[0.75625, 0.76875, 0.83125, 0.8062499999999999, 0.83125, 0.83125, 0.8187500000000001, 0.84375, 0.8375, 0.84375, 0.83125, 0.79375, 0.84375, 0.9, 0.8374999999999999, 0.8125, 0.78125, 0.79375, 0.7875, 0.80625, 0.825, 0.7625, 0.7625, 0.8374999999999999, 0.83125]",0.8147592916535907,0.0334976143710569,"[0.7560117302052787, 0.768668672580204, 0.8310850439882698, 0.8061818608104412, 0.8311906529639327, 0.8310850439882698, 0.8184024108645452, 0.8435972629521016, 0.836862745098039, 0.8435972629521016, 0.8312434079456228, 0.7936774647336954, 0.8436950490406783, 0.8999374609130708, 0.8374746054070948, 0.8123827392120073, 0.7811730686569497, 0.7930953407265176, 0.7873671044402751, 0.8062424313449743, 0.825, 0.7606676113997796, 0.7621655452980753, 0.837092731829574, 0.8310850439882698]",0.815,0.03336586953759786,"[0.75625, 0.76875, 0.8312500000000002, 0.8062499999999999, 0.8312499999999999, 0.8312500000000002, 0.8187500000000001, 0.84375, 0.8374999999999999, 0.84375, 0.8312499999999999, 0.7937500000000001, 0.8437500000000001, 0.9, 0.8374999999999999, 0.8125, 0.7812500000000001, 0.7937500000000001, 0.7874999999999999, 0.8062500000000001, 0.825, 0.7625000000000001, 0.7625000000000001, 0.8375, 0.8312500000000002]","{'entropicotmappingadapter__max_iter': [1000], 'entropicotmappingadapter__metric': ['sqeuclidean', 'cosine', 'cityblock'], 'entropicotmappingadapter__norm': ['median'], 'entropicotmappingadapter__reg_e': [0.1, 0.5, 1.0], 'entropicotmappingadapter__tol': [1e-06], 'finalestimator__estimator_name': ['SVC']}"
Simulated,concept_drift,Gauss. RW,prediction_entropy,Reweighting,0.6495000000000001,0.02426792722229622,"[0.65, 0.64375, 0.7, 0.6375, 0.66875, 0.6625, 0.675, 0.6875, 0.6375, 0.66875, 0.6125, 0.6375, 0.61875, 0.66875, 0.65625, 0.6625, 0.6375, 0.64375, 0.6625, 0.6625, 0.63125, 0.5875, 0.6375, 0.65625, 0.63125]",0.6495000000000001,0.024267927222296218,"[0.65, 0.64375, 0.7, 0.6375, 0.66875, 0.6625, 0.675, 0.6875, 0.6375, 0.66875, 0.6125, 0.6375, 0.61875, 0.66875, 0.65625, 0.6625, 0.6375, 0.64375, 0.6625, 0.6625, 0.63125, 0.5875, 0.6375, 0.65625, 0.6312500000000001]",0.6059421538145648,0.03427135057551099,"[0.6086652690426275, 0.5960132890365448, 0.6754563894523326, 0.586894586894587, 0.6312883168833427, 0.6191147945688591, 0.6484110885733604, 0.6565934065934066, 0.5946890286512928, 0.6279233030582247, 0.5584045584045583, 0.5946890286512928, 0.558750395587504, 0.6312883168833427, 0.6173746684638463, 0.6291208791208792, 0.5909010756480338, 0.5998420429116756, 0.625974025974026, 0.625974025974026, 0.5818383167220377, 0.5146166574738003, 0.586894586894587, 0.6101882613510521, 0.5776475325488792]",0.6495000000000001,0.024267927222296246,"[0.6499999999999999, 0.64375, 0.7000000000000001, 0.6375000000000001, 0.6687500000000001, 0.6625, 0.6749999999999999, 0.6875, 0.6375000000000001, 0.66875, 0.6124999999999999, 0.6375000000000001, 0.61875, 0.6687500000000001, 0.65625, 0.6625000000000001, 0.6375000000000001, 0.6437499999999999, 0.6625000000000001, 0.6625000000000001, 0.63125, 0.5874999999999999, 0.6375000000000001, 0.65625, 0.63125]","{'finalestimator__estimator_name': ['SVC'], 'gaussianreweightadapter__reg': ['auto', 1e-05, 0.01, 0.5]}"
Simulated,concept_drift,LinOT,prediction_entropy,Mapping,0.73425,0.05590519318453337,"[0.7625, 0.76875, 0.83125, 0.79375, 0.83125, 0.7375, 0.7375, 0.8375, 0.83125, 0.70625, 0.64375, 0.73125, 0.675, 0.7375, 0.73125, 0.725, 0.69375, 0.7, 0.6625, 0.74375, 0.73125, 0.68125, 0.68125, 0.70625, 0.675]",0.73425,0.05590519318453337,"[0.7625, 0.76875, 0.83125, 0.79375, 0.83125, 0.7375, 0.7375, 0.8374999999999999, 0.83125, 0.70625, 0.64375, 0.73125, 0.675, 0.7375, 0.73125, 0.725, 0.69375, 0.7, 0.6625, 0.74375, 0.73125, 0.68125, 0.6812499999999999, 0.70625, 0.675]",0.7194639777522164,0.06597109721974327,"[0.7625, 0.768306524206489, 0.8309263825290595, 0.7933544675355172, 0.8312434079456228, 0.72, 0.7250859106529208, 0.8374746054070948, 0.8311906529639327, 0.6856055855177892, 0.6160161677403057, 0.7207678883071553, 0.6428571428571429, 0.72, 0.7142738485817517, 0.7103357472021067, 0.672227099795142, 0.685812469317624, 0.6423248882265276, 0.7308717948717949, 0.7142738485817517, 0.6538706256627783, 0.656435518504484, 0.6810180275715801, 0.6398268398268397]",0.73425,0.05590519318453339,"[0.7625, 0.7687499999999999, 0.83125, 0.79375, 0.8312499999999999, 0.7375, 0.7374999999999999, 0.8375, 0.8312499999999999, 0.7062499999999999, 0.6437499999999999, 0.7312500000000001, 0.6749999999999999, 0.7375, 0.7312500000000001, 0.7249999999999999, 0.69375, 0.7000000000000001, 0.6625, 0.74375, 0.7312500000000001, 0.6812499999999999, 0.6812499999999999, 0.70625, 0.6750000000000002]","{'finalestimator__estimator_name': ['SVC'], 'linearotmappingadapter__bias': [True, False], 'linearotmappingadapter__reg': [1e-08, 1e-06, 0.1, 1, 10]}"
Simulated,concept_drift,NN RW,prediction_entropy,Reweighting,0.6657500000000001,0.02565039392160155,"[0.64375, 0.675, 0.7125, 0.625, 0.69375, 0.675, 0.7, 0.71875, 0.65625, 0.6625, 0.64375, 0.6625, 0.6375, 0.66875, 0.6875, 0.675, 0.65, 0.65, 0.66875, 0.69375, 0.65625, 0.61875, 0.65625, 0.675, 0.6375]",0.6657500000000001,0.02565039392160155,"[0.64375, 0.675, 0.7124999999999999, 0.625, 0.6937500000000001, 0.675, 0.7, 0.71875, 0.65625, 0.6625000000000001, 0.64375, 0.6625, 0.6375, 0.66875, 0.6875, 0.675, 0.65, 0.65, 0.66875, 0.69375, 0.65625, 0.61875, 0.65625, 0.675, 0.6375]",0.6298830398781728,0.035111441858681536,"[0.5998420429116756, 0.6428571428571429, 0.6953137936744495, 0.5682676740420939, 0.6648283527852593, 0.6398268398268397, 0.6799999999999999, 0.6968548692686625, 0.6206733048838312, 0.6226415094339622, 0.606879606879607, 0.6348884381338742, 0.586894586894587, 0.6312883168833427, 0.6593425310849941, 0.6457162323283938, 0.6086652690426275, 0.6121212121212121, 0.6402969247083774, 0.6674443266171792, 0.6173746684638463, 0.5676633444075304, 0.6138826729849501, 0.636617749825297, 0.586894586894587]",0.6657500000000001,0.02565039392160156,"[0.6437499999999999, 0.6749999999999999, 0.7125, 0.625, 0.69375, 0.6750000000000002, 0.7, 0.71875, 0.6562500000000001, 0.6625, 0.6437499999999999, 0.6625, 0.6375000000000001, 0.6687500000000001, 0.6875, 0.675, 0.6499999999999999, 0.65, 0.66875, 0.69375, 0.65625, 0.6187499999999999, 0.65625, 0.675, 0.6375000000000001]","{'finalestimator__estimator_name': ['SVC'], 'nearestneighborreweightadapter__laplace_smoothing': [True, False], 'nearestneighborreweightadapter__n_neighbors': [1]}"
Simulated,concept_drift,MapOT,prediction_entropy,Mapping,0.816,0.033805895072703936,"[0.76875, 0.7875, 0.8375, 0.8, 0.83125, 0.825, 0.80625, 0.85, 0.83125, 0.83125, 0.83125, 0.78125, 0.8375, 0.925, 0.81875, 0.79375, 0.78125, 0.8, 0.7875, 0.8125, 0.85, 0.76875, 0.78125, 0.83125, 0.83125]",0.816,0.03380589507270392,"[0.76875, 0.7875000000000001, 0.8375, 0.8, 0.83125, 0.825, 0.8062499999999999, 0.85, 0.83125, 0.83125, 0.83125, 0.78125, 0.8375, 0.925, 0.81875, 0.79375, 0.78125, 0.8, 0.7875, 0.8125, 0.85, 0.76875, 0.78125, 0.83125, 0.83125]",0.8157201605456227,0.0339744493245395,"[0.7687409664440018, 0.7869674185463659, 0.8372711625723674, 0.7994987468671679, 0.8312434079456228, 0.825, 0.8061818608104412, 0.85, 0.8311906529639327, 0.8312434079456228, 0.8311906529639327, 0.7802111542839201, 0.8375, 0.9249882794186592, 0.8181746933657275, 0.7923793794974637, 0.7811730686569497, 0.7988686360779385, 0.7875, 0.81203007518797, 0.849906191369606, 0.7680159880873074, 0.7812414547443259, 0.8312434079456228, 0.8312434079456228]",0.816,0.03380589507270391,"[0.76875, 0.7875000000000001, 0.8375, 0.8, 0.8312499999999999, 0.825, 0.8062499999999999, 0.85, 0.8312499999999999, 0.8312499999999999, 0.83125, 0.7812500000000001, 0.8374999999999999, 0.925, 0.81875, 0.79375, 0.78125, 0.8, 0.7875, 0.8125, 0.85, 0.7687499999999999, 0.78125, 0.8312499999999999, 0.8312499999999999]","{'finalestimator__estimator_name': ['SVC'], 'otmappingadapter__max_iter': [1000000], 'otmappingadapter__metric': ['sqeuclidean', 'cosine', 'cityblock'], 'otmappingadapter__norm': ['median']}"
Simulated,concept_drift,SA,prediction_entropy,Subspace,0.80125,0.028867513459481298,"[0.75625, 0.76875, 0.825, 0.8, 0.81875, 0.8125, 0.78125, 0.825, 0.825, 0.825, 0.775, 0.7875, 0.8125, 0.86875, 0.8125, 0.81875, 0.7625, 0.7875, 0.7875, 0.825, 0.81875, 0.7625, 0.75, 0.83125, 0.79375]",0.80125,0.028867513459481298,"[0.7562500000000001, 0.76875, 0.825, 0.8, 0.8187500000000001, 0.8125, 0.78125, 0.825, 0.825, 0.825, 0.775, 0.7875000000000001, 0.8125, 0.86875, 0.8125, 0.81875, 0.7625, 0.7875, 0.7875, 0.825, 0.81875, 0.7625, 0.75, 0.83125, 0.79375]",0.8003213389758819,0.029141453925512834,"[0.7557825525419749, 0.7687409664440018, 0.8249726519768714, 0.7994987468671679, 0.818686256887187, 0.8117647058823529, 0.7802111542839201, 0.8240100565681961, 0.8240100565681961, 0.8240100565681961, 0.7732640529050544, 0.7874667916862009, 0.8106060606060606, 0.8675862068965519, 0.8114393463230674, 0.818572825024438, 0.7615686274509803, 0.7875, 0.7866666666666667, 0.8247535596933186, 0.8178892421209623, 0.7587301587301587, 0.7474747474747474, 0.8304486047333098, 0.7923793794974637]",0.80125,0.028867513459481305,"[0.7562500000000001, 0.76875, 0.825, 0.8, 0.8187500000000001, 0.8125, 0.78125, 0.825, 0.825, 0.825, 0.775, 0.7875, 0.8124999999999999, 0.86875, 0.8125, 0.8187500000000001, 0.7625, 0.7875, 0.7875, 0.8250000000000002, 0.81875, 0.7625, 0.7499999999999999, 0.8312499999999999, 0.79375]","{'finalestimator__estimator_name': ['SVC'], 'subspacealignmentadapter__n_components': [1, 2, 5, 10, 20, 50, 100]}"
Simulated,concept_drift,TCA,prediction_entropy,Subspace,0.5185,0.11062500000000001,"[0.5, 0.4125, 0.4375, 0.65, 0.5875, 0.66875, 0.40625, 0.68125, 0.40625, 0.53125, 0.54375, 0.6625, 0.225, 0.425, 0.4625, 0.59375, 0.6125, 0.525, 0.48125, 0.625, 0.4625, 0.46875, 0.4, 0.58125, 0.6125]",0.5185,0.11062500000000003,"[0.5, 0.4125, 0.4375, 0.65, 0.5874999999999999, 0.66875, 0.40625, 0.68125, 0.40625, 0.53125, 0.54375, 0.6625000000000001, 0.2249999999999999, 0.425, 0.4625, 0.59375, 0.6125, 0.525, 0.48125, 0.625, 0.4625, 0.46875, 0.4, 0.58125, 0.6125]",0.5148182077268909,0.11163332530500994,"[0.4920634920634921, 0.4116726646847128, 0.4318181818181818, 0.6497811131957474, 0.574468085106383, 0.6684261974584556, 0.4034302759134974, 0.6766908356115536, 0.4043653748187624, 0.5270935960591132, 0.5433040078201369, 0.6616541353383459, 0.2100652970218187, 0.420563690757361, 0.460392156862745, 0.5891114535182332, 0.6085858585858586, 0.5243310905961508, 0.4787864515875819, 0.6235294117647059, 0.4621638524077548, 0.4685631667383064, 0.3984962406015037, 0.5808406647116324, 0.6002578981302386]",0.5185,0.11062500000000001,"[0.5, 0.4125, 0.4375, 0.65, 0.5874999999999999, 0.66875, 0.40625, 0.68125, 0.40625, 0.53125, 0.54375, 0.6625, 0.225, 0.4249999999999999, 0.4625, 0.59375, 0.6124999999999999, 0.525, 0.48125, 0.625, 0.4625, 0.46875, 0.4, 0.58125, 0.6125]","{'finalestimator__estimator_name': ['SVC'], 'transfercomponentanalysisadapter__kernel': ['rbf'], 'transfercomponentanalysisadapter__mu': [10, 100], 'transfercomponentanalysisadapter__n_components': [1, 2, 5, 10, 20, 50, 100]}"
Simulated,concept_drift,TSL,prediction_entropy,Subspace,0.66175,0.0238211653087473,"[0.6625, 0.65625, 0.7, 0.65, 0.66875, 0.6625, 0.7, 0.69375, 0.65625, 0.66875, 0.6125, 0.64375, 0.63125, 0.68125, 0.675, 0.69375, 0.65, 0.65625, 0.66875, 0.68125, 0.6625, 0.6125, 0.6375, 0.675, 0.64375]",0.66175,0.023821165308747297,"[0.6625, 0.65625, 0.7, 0.65, 0.66875, 0.6625000000000001, 0.7, 0.6937500000000001, 0.65625, 0.66875, 0.6125, 0.64375, 0.6312500000000001, 0.68125, 0.675, 0.69375, 0.65, 0.65625, 0.66875, 0.68125, 0.6625, 0.6125, 0.6375, 0.675, 0.64375]",0.624267149182694,0.0325497333707863,"[0.625974025974026, 0.6173746684638463, 0.6777982883034066, 0.6050079351084465, 0.6312883168833427, 0.6226415094339622, 0.6799999999999999, 0.6648283527852593, 0.6206733048838312, 0.6312883168833427, 0.5626873567272086, 0.6101064511991792, 0.5776475325488792, 0.6482607008922798, 0.6428571428571429, 0.6699086354258769, 0.6086652690426275, 0.6206733048838312, 0.6344670028880556, 0.6511478773887391, 0.625974025974026, 0.5538765965101637, 0.5909010756480338, 0.636617749825297, 0.5960132890365448]",0.66175,0.023821165308747314,"[0.6625000000000001, 0.65625, 0.7, 0.65, 0.6687500000000001, 0.6625, 0.7, 0.69375, 0.6562500000000001, 0.6687500000000001, 0.6124999999999999, 0.64375, 0.63125, 0.68125, 0.6749999999999999, 0.69375, 0.6499999999999999, 0.6562500000000001, 0.66875, 0.68125, 0.6625000000000001, 0.6125, 0.6375000000000001, 0.675, 0.64375]","{'finalestimator__estimator_name': ['SVC'], 'transfersubspacelearningadapter__base_method': ['flda'], 'transfersubspacelearningadapter__length_scale': [2], 'transfersubspacelearningadapter__max_iter': [300], 'transfersubspacelearningadapter__mu': [0.1, 1, 10], 'transfersubspacelearningadapter__n_components': [1, 2, 5, 10, 20, 50, 100], 'transfersubspacelearningadapter__reg': [0.0001], 'transfersubspacelearningadapter__tol': [0.0001]}"
Simulated,covariate_shift,CORAL,prediction_entropy,Mapping,0.66475,0.04223107317682878,"[0.65625, 0.6375, 0.65, 0.76875, 0.65625, 0.71875, 0.64375, 0.66875, 0.7125, 0.6875, 0.6, 0.63125, 0.6125, 0.6125, 0.65, 0.6125, 0.6875, 0.60625, 0.65625, 0.7125, 0.7, 0.70625, 0.68125, 0.7, 0.65]",0.6825289493221918,0.041552403823940036,"[0.6802325581395349, 0.6627906976744187, 0.6734758013827782, 0.7839409176618479, 0.6802325581395349, 0.7383720930232558, 0.6686046511627907, 0.6918604651162791, 0.7325581395348837, 0.7093023255813954, 0.6144578313253012, 0.6445783132530121, 0.6260366139884213, 0.6260366139884213, 0.6626506024096386, 0.6345098039215686, 0.7058823529411764, 0.6286274509803922, 0.6764705882352942, 0.7286274509803922, 0.7108433734939759, 0.7168674698795181, 0.6927710843373494, 0.7108433734939759, 0.6626506024096386]",0.6295139057859559,0.05631810379707713,"[0.6220211780556608, 0.5963166411173566, 0.6166974324551099, 0.7613248374616091, 0.6220211780556608, 0.7017104565297213, 0.6049893955461293, 0.6386565073790711, 0.694104892816233, 0.662920185461169, 0.5332254002518438, 0.580656289763503, 0.5571526185857874, 0.5571526185857874, 0.6075757575757575, 0.5621753246753247, 0.6614583333333334, 0.5529887169007348, 0.6201617179215271, 0.6949046800850924, 0.6746266152038933, 0.6825844516911241, 0.6502200424178155, 0.6746266152038933, 0.6075757575757575]",0.6825289493221918,0.04155240382394004,"[0.6802325581395349, 0.6627906976744187, 0.6734758013827782, 0.7839409176618478, 0.6802325581395349, 0.7383720930232558, 0.6686046511627908, 0.6918604651162791, 0.7325581395348837, 0.7093023255813953, 0.6144578313253012, 0.6445783132530121, 0.6260366139884211, 0.6260366139884211, 0.6626506024096386, 0.6345098039215686, 0.7058823529411764, 0.6286274509803922, 0.6764705882352942, 0.7286274509803922, 0.7108433734939759, 0.7168674698795181, 0.6927710843373494, 0.7108433734939759, 0.6626506024096386]","{'coraladapter__reg': ['auto'], 'finalestimator__estimator_name': ['SVC']}"
Simulated,covariate_shift,DASVM,prediction_entropy,Other,0.89,0.022821773229381923,"[0.875, 0.8875, 0.8875, 0.875, 0.90625, 0.8875, 0.925, 0.9375, 0.93125, 0.86875, 0.89375, 0.89375, 0.86875, 0.91875, 0.89375, 0.8625, 0.8875, 0.8625, 0.9, 0.85, 0.89375, 0.91875, 0.875, 0.86875, 0.88125]",0.8933204428534939,0.02254026167509771,"[0.8799497171590195, 0.8915776241357637, 0.8925204274041483, 0.8790069138906349, 0.9099622878692646, 0.8925204274041483, 0.9292897548711504, 0.9399748585795098, 0.9351037083595224, 0.8760213702074168, 0.8975903614457832, 0.8957127210139258, 0.8730245657956501, 0.9207479267720232, 0.8966515412298545, 0.8674509803921568, 0.8909803921568628, 0.8650980392156862, 0.9027450980392157, 0.8533333333333333, 0.8943044906900328, 0.9202785166640588, 0.8762322015334063, 0.8706775152558285, 0.8822562979189486]",0.8898873586502567,0.022909739450212678,"[0.875, 0.8875879043600563, 0.8875, 0.8750976715111737, 0.9063489117267788, 0.8875, 0.9250586029067044, 0.9375880143952432, 0.9313225352663046, 0.8683137829912024, 0.8929701911377996, 0.8936379000429838, 0.8674752270850536, 0.9186642765034584, 0.8933715901530273, 0.8621990306441525, 0.8875, 0.8625859509298326, 0.9000625097671511, 0.85, 0.8937873666523387, 0.9187277823352474, 0.875, 0.8686115235825096, 0.8812731942654011]",0.8933204428534939,0.022540261675097692,"[0.8799497171590196, 0.8915776241357636, 0.8925204274041483, 0.8790069138906349, 0.9099622878692646, 0.8925204274041483, 0.9292897548711502, 0.9399748585795098, 0.9351037083595224, 0.8760213702074169, 0.8975903614457832, 0.8957127210139258, 0.8730245657956501, 0.9207479267720232, 0.8966515412298545, 0.867450980392157, 0.8909803921568628, 0.8650980392156862, 0.9027450980392158, 0.8533333333333334, 0.8943044906900329, 0.9202785166640588, 0.8762322015334064, 0.8706775152558284, 0.8822562979189486]","{'dasvmclassifier__base_estimator__estimator_name': ['SVC'], 'dasvmclassifier__max_iter': [200]}"
Simulated,covariate_shift,JDOT,prediction_entropy,Other,0.71825,0.04021912635799042,"[0.66875, 0.71875, 0.70625, 0.71875, 0.6375, 0.68125, 0.73125, 0.7875, 0.75625, 0.7625, 0.7375, 0.7125, 0.73125, 0.7375, 0.6125, 0.71875, 0.7875, 0.70625, 0.7375, 0.725, 0.675, 0.725, 0.73125, 0.7125, 0.7375]",0.7192786984759888,0.0400493406926532,"[0.6664047768698931, 0.7176304211187932, 0.7078881206788183, 0.7204588309239472, 0.6382778126964174, 0.6884035197988687, 0.7292583280955374, 0.7891263356379636, 0.7581709616593337, 0.7630421118793211, 0.7375997496479425, 0.7125645438898451, 0.7320450633703646, 0.7390079799718354, 0.6166484118291347, 0.7203921568627452, 0.7890196078431373, 0.7047058823529412, 0.7388235294117647, 0.7301960784313726, 0.6740729150367705, 0.7232045063370365, 0.7315756532624003, 0.7149115944296667, 0.7385385698638711]",0.718009718594181,0.040788200475731694,"[0.6685806692619245, 0.718871423525256, 0.7066520039100684, 0.7191348973607038, 0.6380104834924112, 0.6795908183632735, 0.7311126184577876, 0.7877992489438272, 0.75658357771261, 0.7627976190476191, 0.7375820825515947, 0.7125898999374609, 0.7313024922848548, 0.7373359118612284, 0.6082290190521178, 0.7189807940291508, 0.7876993433395872, 0.7061231798736214, 0.7377462476547842, 0.7239672977624785, 0.674796365914787, 0.7242221873035827, 0.7313445156500332, 0.7116902675637615, 0.7375]",0.7192786984759888,0.040049340692653194,"[0.6664047768698931, 0.7176304211187932, 0.7078881206788183, 0.7204588309239472, 0.6382778126964173, 0.6884035197988685, 0.7292583280955374, 0.7891263356379636, 0.7581709616593337, 0.7630421118793211, 0.7375997496479425, 0.7125645438898451, 0.7320450633703646, 0.7390079799718354, 0.6166484118291348, 0.720392156862745, 0.7890196078431373, 0.7047058823529413, 0.7388235294117647, 0.7301960784313726, 0.6740729150367705, 0.7232045063370365, 0.7315756532624003, 0.7149115944296667, 0.7385385698638711]","{'jdotclassifier__alpha': [0.1, 0.3, 0.5, 0.7, 0.9], 'jdotclassifier__base_estimator__estimator_name': ['SVC'], 'jdotclassifier__n_iter_max': [100], 'jdotclassifier__thr_weights': [1e-07], 'jdotclassifier__tol': [1e-06]}"
Simulated,covariate_shift,KLIEP,prediction_entropy,Reweighting,0.8885,0.026923406019050918,"[0.85, 0.85625, 0.8875, 0.85, 0.90625, 0.88125, 0.91875, 0.925, 0.9375, 0.875, 0.9, 0.88125, 0.88125, 0.9375, 0.9125, 0.8625, 0.88125, 0.85625, 0.9, 0.85, 0.8875, 0.925, 0.88125, 0.89375, 0.875]",0.8919178079656579,0.0261089423788683,"[0.8566939032055312, 0.8634506599622879, 0.8925204274041483, 0.8557510999371465, 0.9099622878692646, 0.8867064739157762, 0.9225329981143936, 0.9274041483343808, 0.9418604651162792, 0.8808925204274041, 0.9036144578313252, 0.8827257080269129, 0.8850727585667344, 0.9388202159286496, 0.914723830386481, 0.8674509803921568, 0.8835294117647059, 0.8592156862745097, 0.9019607843137256, 0.8533333333333333, 0.888749804412455, 0.926302613049601, 0.8827257080269129, 0.8952433109059614, 0.8767016116413706]",0.8883903136916649,0.027006126069087505,"[0.8496247654784241, 0.855772238514174, 0.8875, 0.8498359118612283, 0.9063489117267788, 0.8811896949099574, 0.9188357234965416, 0.925105617274292, 0.9375488357555868, 0.8748632598843571, 0.8993725490196077, 0.8812175280284386, 0.8803784489187173, 0.9375, 0.912363195747342, 0.8621990306441525, 0.8813474463678638, 0.856300539083558, 0.900093808630394, 0.85, 0.8875, 0.925, 0.8812175280284386, 0.8937209461307083, 0.8749218627910611]",0.8919178079656579,0.026108942378868263,"[0.8566939032055312, 0.863450659962288, 0.8925204274041483, 0.8557510999371465, 0.9099622878692646, 0.8867064739157763, 0.9225329981143936, 0.9274041483343808, 0.9418604651162792, 0.8808925204274041, 0.9036144578313252, 0.8827257080269129, 0.8850727585667344, 0.9388202159286496, 0.914723830386481, 0.867450980392157, 0.8835294117647059, 0.8592156862745098, 0.9019607843137256, 0.8533333333333334, 0.888749804412455, 0.926302613049601, 0.8827257080269129, 0.8952433109059614, 0.8767016116413706]","{'finalestimator__estimator_name': ['SVC'], 'kliepreweightadapter__cv': [5], 'kliepreweightadapter__gamma': [0.0001, 0.001, 0.01, 0.1, 1.0, 10.0, 100.0, 1000.0, 'auto', 'scale'], 'kliepreweightadapter__max_iter': [1000], 'kliepreweightadapter__n_centers': [100], 'kliepreweightadapter__random_state': [0], 'kliepreweightadapter__tol': [1e-06]}"
Simulated,covariate_shift,KMM,prediction_entropy,Reweighting,0.88575,0.025098763249743344,"[0.85, 0.8625, 0.85625, 0.85625, 0.88125, 0.8875, 0.925, 0.93125, 0.9125, 0.8625, 0.9125, 0.8875, 0.88125, 0.9375, 0.9, 0.875, 0.88125, 0.85625, 0.8875, 0.8625, 0.89375, 0.91875, 0.875, 0.875, 0.875]",0.8892078511207151,0.024181853164782892,"[0.8566939032055312, 0.86926461345066, 0.8606222501571339, 0.8625078566939033, 0.8876492771841609, 0.8925204274041483, 0.9274041483343808, 0.933218101822753, 0.917661847894406, 0.8683218101822753, 0.9156626506024096, 0.888749804412455, 0.8850727585667344, 0.9388202159286496, 0.9026756376153966, 0.8792156862745097, 0.8835294117647059, 0.8600000000000001, 0.8894117647058823, 0.8650980392156862, 0.8943044906900328, 0.9207479267720232, 0.8771710217493349, 0.8776404318572993, 0.8762322015334063]",0.8856262999212468,0.02515573736776258,"[0.8496247654784241, 0.8621560350218885, 0.8563117699910153, 0.8559972255871205, 0.8810411863545777, 0.8875, 0.925105617274292, 0.9313441743963052, 0.9125, 0.8623495858727926, 0.9121162280701752, 0.8875, 0.8803784489187173, 0.9375, 0.8997183539352214, 0.8748827941865918, 0.8813474463678638, 0.8561882300089847, 0.8876055347091931, 0.8625859509298326, 0.8937873666523387, 0.9186642765034584, 0.8748045653533459, 0.8746479424190268, 0.875]",0.8892078511207151,0.024181853164782885,"[0.8566939032055312, 0.86926461345066, 0.8606222501571339, 0.8625078566939033, 0.8876492771841609, 0.8925204274041483, 0.9274041483343808, 0.933218101822753, 0.917661847894406, 0.8683218101822753, 0.9156626506024096, 0.888749804412455, 0.8850727585667344, 0.9388202159286496, 0.9026756376153966, 0.8792156862745099, 0.8835294117647059, 0.86, 0.8894117647058825, 0.8650980392156862, 0.8943044906900329, 0.9207479267720232, 0.8771710217493349, 0.8776404318572993, 0.8762322015334064]","{'finalestimator__estimator_name': ['SVC'], 'kmmreweightadapter__B': [1000.0], 'kmmreweightadapter__gamma': [0.0001, 0.001, 0.01, 0.1, 1.0, 10.0, 100.0, 1000.0, None], 'kmmreweightadapter__max_iter': [1000], 'kmmreweightadapter__smooth_weights': [False], 'kmmreweightadapter__tol': [1e-06]}"
Simulated,covariate_shift,MMD-LS,prediction_entropy,Mapping,0.65425,0.07956424291099619,"[0.6375, 0.7125, 0.6625, 0.69375, 0.7, 0.63125, 0.69375, 0.70625, 0.65625, 0.70625, 0.76875, 0.71875, 0.7375, 0.7625, 0.6625, 0.4875, 0.51875, 0.55625, 0.70625, 0.5375, 0.5125, 0.70625, 0.5875, 0.675, 0.61875]",0.6532421190277964,0.07956461442898785,"[0.633563796354494, 0.7108736643620364, 0.6653048397234445, 0.6915461973601509, 0.6983029541169076, 0.6362350722815839, 0.6896605908233815, 0.7031741043368951, 0.657605279698303, 0.7041169076052797, 0.7681896416836176, 0.7167109998435299, 0.7380691597559068, 0.7631043655140041, 0.6643717728055077, 0.4933333333333333, 0.5266666666666666, 0.5337254901960784, 0.7047058823529412, 0.5490196078431372, 0.4963229541542794, 0.6966828352370521, 0.5906743858551087, 0.6759505554686278, 0.6231419183226412]",0.6445850585879491,0.09542164808577562,"[0.6365845959595959, 0.7125, 0.6627637130801688, 0.6935934489402698, 0.7, 0.6306015786800045, 0.6927215439927303, 0.7057290640394089, 0.6567204301075268, 0.7060998387794424, 0.7686866463152127, 0.7177436003303056, 0.7375820440693859, 0.7625742303484919, 0.6619723264540338, 0.4834803921568628, 0.5116379310344827, 0.4877519532152928, 0.7061231798736214, 0.5224184782608695, 0.3990301724137931, 0.684382290562036, 0.5849117647058824, 0.675, 0.6140172413793105]",0.6532421190277964,0.07956461442898784,"[0.6335637963544941, 0.7108736643620364, 0.6653048397234443, 0.6915461973601509, 0.6983029541169075, 0.6362350722815839, 0.6896605908233815, 0.7031741043368951, 0.657605279698303, 0.7041169076052797, 0.7681896416836176, 0.71671099984353, 0.7380691597559068, 0.7631043655140041, 0.6643717728055077, 0.4933333333333333, 0.5266666666666666, 0.5337254901960785, 0.7047058823529413, 0.5490196078431373, 0.4963229541542794, 0.696682835237052, 0.5906743858551088, 0.6759505554686278, 0.6231419183226412]","{'finalestimator__estimator_name': ['SVC'], 'mmdlsconsmappingadapter__gamma': [0.1, 1, 10], 'mmdlsconsmappingadapter__max_iter': [100], 'mmdlsconsmappingadapter__reg_k': [1e-10, 1e-08], 'mmdlsconsmappingadapter__reg_m': [1e-10, 1e-08], 'mmdlsconsmappingadapter__tol': [1e-05]}"
Simulated,covariate_shift,Train Src,prediction_entropy,NO DA,0.88075,0.025953183009668247,"[0.85, 0.85, 0.88125, 0.8375, 0.8875, 0.875, 0.91875, 0.91875, 0.925, 0.86875, 0.8875, 0.86875, 0.875, 0.93125, 0.9125, 0.86875, 0.875, 0.85625, 0.88125, 0.84375, 0.875, 0.9125, 0.88125, 0.8625, 0.875]",0.8848478147083457,0.02518293214344884,"[0.8566939032055312, 0.8576367064739158, 0.8876492771841609, 0.8441231929604023, 0.893463230672533, 0.8818353236957888, 0.9225329981143936, 0.9215901948460088, 0.9302325581395348, 0.8760213702074168, 0.891566265060241, 0.8711469253637929, 0.8790486621811924, 0.9327961195431076, 0.914723830386481, 0.8733333333333333, 0.8792156862745097, 0.8592156862745097, 0.8850980392156862, 0.8482352941176471, 0.8767016116413706, 0.9142544202785168, 0.8827257080269129, 0.8646534188702863, 0.8767016116413706]",0.8805193328319945,0.026072761919467925,"[0.8496247654784241, 0.849366296354248, 0.8810411863545777, 0.8370934959349594, 0.8873769338959212, 0.8746873045653534, 0.9188357234965416, 0.91886119257087, 0.925, 0.8683137829912024, 0.8865454116907605, 0.8684677419354838, 0.8739393463230674, 0.9312312004375172, 0.912363195747342, 0.8685499785080693, 0.8748827941865918, 0.856300539083558, 0.8811989726161178, 0.8435118791762729, 0.8749218627910611, 0.9124453039537428, 0.8812175280284386, 0.8622850218886804, 0.8749218627910611]",0.8848478147083457,0.02518293214344882,"[0.8566939032055312, 0.8576367064739158, 0.8876492771841609, 0.8441231929604023, 0.8934632306725331, 0.8818353236957888, 0.9225329981143936, 0.9215901948460088, 0.9302325581395348, 0.8760213702074169, 0.891566265060241, 0.8711469253637929, 0.8790486621811923, 0.9327961195431074, 0.914723830386481, 0.8733333333333334, 0.8792156862745099, 0.8592156862745098, 0.8850980392156862, 0.8482352941176471, 0.8767016116413706, 0.9142544202785168, 0.8827257080269129, 0.8646534188702863, 0.8767016116413706]",{'finalestimator__estimator_name': ['SVC']}
Simulated,covariate_shift,NO_DA_SOURCE_ONLY_BASE_ESTIM,prediction_entropy,Unknown,,,"[NaN, NaN, NaN, NaN, NaN, NaN, NaN, NaN, NaN, NaN, NaN, NaN, NaN, NaN, NaN, NaN, NaN, NaN, NaN, NaN, NaN, NaN, NaN, NaN, NaN]",,,"[NaN, NaN, NaN, NaN, NaN, NaN, NaN, NaN, NaN, NaN, NaN, NaN, NaN, NaN, NaN, NaN, NaN, NaN, NaN, NaN, NaN, NaN, NaN, NaN, NaN]",,,"[NaN, NaN, NaN, NaN, NaN, NaN, NaN, NaN, NaN, NaN, NaN, NaN, NaN, NaN, NaN, NaN, NaN, NaN, NaN, NaN, NaN, NaN, NaN, NaN, NaN]",,,"[NaN, NaN, NaN, NaN, NaN, NaN, NaN, NaN, NaN, NaN, NaN, NaN, NaN, NaN, NaN, NaN, NaN, NaN, NaN, NaN, NaN, NaN, NaN, NaN, NaN]",{'finalestimator__estimator_name': ['SVC']}
Simulated,covariate_shift,Train Tgt,prediction_entropy,NO DA,0.915,0.020885351724753545,"[0.9, 0.91875, 0.91875, 0.9, 0.90625, 0.9, 0.9375, 0.94375, 0.95, 0.88125, 0.95625, 0.925, 0.9125, 0.925, 0.9375, 0.90625, 0.89375, 0.88125, 0.9125, 0.8875, 0.91875, 0.94375, 0.9125, 0.9, 0.90625]",0.915359763322877,0.02066174349767348,"[0.9003771213073539, 0.91781898177247, 0.9197045883092394, 0.8994343180389692, 0.9071338780641108, 0.9003771213073539, 0.9380892520427404, 0.9439032055311124, 0.9497171590194846, 0.884820867379007, 0.9573619151932404, 0.9239555625097792, 0.9151932404944454, 0.9244249726177436, 0.9374119856047568, 0.9070588235294118, 0.8952941176470588, 0.8811764705882352, 0.9129411764705884, 0.8878431372549019, 0.9184008762322016, 0.9443749022062276, 0.9114379596307308, 0.8998591769676108, 0.9058832733531528]",0.9150111693514508,0.02086261365550337,"[0.900078431372549, 0.9187084660453776, 0.918835965359144, 0.9, 0.9063491907990128, 0.900078431372549, 0.9375490196078432, 0.9437742847050512, 0.95, 0.8813752881872533, 0.956258545255674, 0.9248823529411766, 0.9122535596933188, 0.9249530075187968, 0.9375, 0.9063270517787952, 0.8938538611925709, 0.8812918805595832, 0.9125548245614036, 0.8875704887218046, 0.9187277405972368, 0.9437697823453558, 0.9123627450980392, 0.9, 0.9062243160737348]",0.915359763322877,0.020661743497673503,"[0.9003771213073538, 0.91781898177247, 0.9197045883092396, 0.8994343180389692, 0.9071338780641108, 0.9003771213073538, 0.9380892520427404, 0.9439032055311124, 0.9497171590194848, 0.8848208673790069, 0.9573619151932404, 0.9239555625097792, 0.9151932404944452, 0.9244249726177436, 0.9374119856047566, 0.9070588235294118, 0.8952941176470589, 0.8811764705882352, 0.912941176470588, 0.8878431372549018, 0.9184008762322016, 0.9443749022062274, 0.9114379596307306, 0.8998591769676106, 0.9058832733531528]",{'finalestimator__estimator_name': ['SVC']}
Simulated,covariate_shift,OTLabelProp,prediction_entropy,Other,0.89275,0.03459588125774514,"[0.85625, 0.8875, 0.85625, 0.89375, 0.84375, 0.875, 0.93125, 0.94375, 0.9625, 0.8625, 0.94375, 0.90625, 0.90625, 0.925, 0.8875, 0.89375, 0.875, 0.85, 0.89375, 0.8375, 0.89375, 0.95, 0.8625, 0.8875, 0.89375]",0.8933324404754793,0.03353227570470769,"[0.8587366436203645, 0.8887492143306097, 0.8596794468887492, 0.890791954745443, 0.8471087366436203, 0.8790069138906349, 0.9313324952859836, 0.9429604022627278, 0.9622878692646136, 0.8654934003771213, 0.9443749022062276, 0.9049444531372242, 0.9068220935690816, 0.9239555625097792, 0.885933343764669, 0.8937254901960785, 0.8768627450980392, 0.8501960784313726, 0.8945098039215686, 0.8400000000000001, 0.891488030042247, 0.9485213581599125, 0.8637145986543577, 0.8878109841965263, 0.8943044906900328]",0.8927414400911884,0.03453254542639086,"[0.8564467253176931, 0.8876409774436091, 0.8564016646477277, 0.8933931887321718, 0.8439148528779649, 0.8750976715111737, 0.9312796813061738, 0.943721245723723, 0.9625, 0.8626719824890557, 0.9437697823453558, 0.9060476274579063, 0.9062829705755928, 0.9248823529411766, 0.8871818038969203, 0.8937874720796269, 0.8751172607879927, 0.8500939849624058, 0.8938373253493014, 0.8376015783716205, 0.8931847290640395, 0.9498585795097424, 0.8625, 0.8875351782363978, 0.8937873666523387]",0.8933324404754793,0.033532275704707695,"[0.8587366436203645, 0.8887492143306096, 0.8596794468887492, 0.890791954745443, 0.8471087366436203, 0.8790069138906349, 0.9313324952859836, 0.9429604022627278, 0.9622878692646134, 0.8654934003771213, 0.9443749022062274, 0.9049444531372244, 0.9068220935690814, 0.9239555625097792, 0.885933343764669, 0.8937254901960785, 0.8768627450980393, 0.8501960784313726, 0.8945098039215686, 0.84, 0.8914880300422469, 0.9485213581599125, 0.8637145986543577, 0.8878109841965264, 0.8943044906900329]","{'finalestimator__estimator_name': ['SVC'], 'otlabelpropadapter__metric': ['sqeuclidean', 'cosine', 'cityblock'], 'otlabelpropadapter__reg': [None, 0.1, 1.0]}"
Simulated,covariate_shift,JPCA,prediction_entropy,Subspace,0.88075,0.025953183009668247,"[0.85, 0.85, 0.88125, 0.8375, 0.8875, 0.875, 0.91875, 0.91875, 0.925, 0.86875, 0.8875, 0.86875, 0.875, 0.93125, 0.9125, 0.86875, 0.875, 0.85625, 0.88125, 0.84375, 0.875, 0.9125, 0.88125, 0.8625, 0.875]",0.8848478147083457,0.02518293214344884,"[0.8566939032055312, 0.8576367064739158, 0.8876492771841609, 0.8441231929604023, 0.893463230672533, 0.8818353236957888, 0.9225329981143936, 0.9215901948460088, 0.9302325581395348, 0.8760213702074168, 0.891566265060241, 0.8711469253637929, 0.8790486621811924, 0.9327961195431076, 0.914723830386481, 0.8733333333333333, 0.8792156862745097, 0.8592156862745097, 0.8850980392156862, 0.8482352941176471, 0.8767016116413706, 0.9142544202785168, 0.8827257080269129, 0.8646534188702863, 0.8767016116413706]",0.8805193328319945,0.026072761919467925,"[0.8496247654784241, 0.849366296354248, 0.8810411863545777, 0.8370934959349594, 0.8873769338959212, 0.8746873045653534, 0.9188357234965416, 0.91886119257087, 0.925, 0.8683137829912024, 0.8865454116907605, 0.8684677419354838, 0.8739393463230674, 0.9312312004375172, 0.912363195747342, 0.8685499785080693, 0.8748827941865918, 0.856300539083558, 0.8811989726161178, 0.8435118791762729, 0.8749218627910611, 0.9124453039537428, 0.8812175280284386, 0.8622850218886804, 0.8749218627910611]",0.8848478147083457,0.02518293214344882,"[0.8566939032055312, 0.8576367064739158, 0.8876492771841609, 0.8441231929604023, 0.8934632306725331, 0.8818353236957888, 0.9225329981143936, 0.9215901948460088, 0.9302325581395348, 0.8760213702074169, 0.891566265060241, 0.8711469253637929, 0.8790486621811923, 0.9327961195431074, 0.914723830386481, 0.8733333333333334, 0.8792156862745099, 0.8592156862745098, 0.8850980392156862, 0.8482352941176471, 0.8767016116413706, 0.9142544202785168, 0.8827257080269129, 0.8646534188702863, 0.8767016116413706]","{'finalestimator__estimator_name': ['SVC'], 'pca__n_components': [1, 2, 5, 10, 20, 50, 100]}"
Simulated,covariate_shift,MMDTarS,prediction_entropy,Reweighting,0.87125,0.02997394702070451,"[0.83125, 0.8125, 0.86875, 0.81875, 0.86875, 0.875, 0.90625, 0.925, 0.9, 0.85625, 0.88125, 0.875, 0.875, 0.90625, 0.9125, 0.8375, 0.86875, 0.85, 0.85625, 0.8375, 0.88125, 0.91875, 0.88125, 0.8625, 0.875]",0.8764629364519397,0.028311894712048133,"[0.8392520427404149, 0.8227529855436833, 0.8760213702074168, 0.8276241357636707, 0.8760213702074168, 0.8837209302325582, 0.9127906976744188, 0.9274041483343808, 0.9069767441860466, 0.8653362664990571, 0.8855421686746988, 0.8776404318572993, 0.8790486621811924, 0.9086997340009388, 0.914723830386481, 0.8447058823529412, 0.8733333333333333, 0.8533333333333333, 0.8623529411764705, 0.843921568627451, 0.8831951181348772, 0.9207479267720232, 0.8827257080269129, 0.8660616491941793, 0.8776404318572993]",0.8706582031432006,0.03038429361165188,"[0.8303716097217329, 0.8103786926461345, 0.8683137829912024, 0.8174076178533642, 0.8683137829912024, 0.87421679197995, 0.9060851471220348, 0.925105617274292, 0.8997498436522827, 0.8551853520905992, 0.8800966340293342, 0.8746479424190268, 0.8739393463230674, 0.9060483870967742, 0.912363195747342, 0.8362254901960785, 0.8685499785080693, 0.85, 0.8555805056553559, 0.8365836466165414, 0.8811247118127467, 0.9186642765034584, 0.8812175280284386, 0.8616372549019609, 0.8746479424190268]",0.8764629364519397,0.028311894712048136,"[0.8392520427404148, 0.8227529855436833, 0.8760213702074169, 0.8276241357636707, 0.8760213702074169, 0.8837209302325582, 0.9127906976744188, 0.9274041483343808, 0.9069767441860466, 0.8653362664990571, 0.8855421686746988, 0.8776404318572993, 0.8790486621811923, 0.9086997340009388, 0.914723830386481, 0.8447058823529412, 0.8733333333333334, 0.8533333333333334, 0.8623529411764705, 0.843921568627451, 0.8831951181348772, 0.9207479267720232, 0.8827257080269129, 0.8660616491941794, 0.8776404318572993]","{'finalestimator__estimator_name': ['SVC'], 'mmdtarsreweightadapter__gamma': [0.0001, 0.001, 0.01, 0.1, 1.0, 10.0, 100.0, 1000.0, None], 'mmdtarsreweightadapter__max_iter': [1000], 'mmdtarsreweightadapter__reg': [1e-06], 'mmdtarsreweightadapter__tol': [1e-06]}"
Simulated,covariate_shift,ClassRegOT,prediction_entropy,Mapping,0.5435,0.0403225924059123,"[0.5125, 0.55, 0.56875, 0.56875, 0.50625, 0.53125, 0.575, 0.59375, 0.6, 0.58125, 0.55, 0.5375, 0.55, 0.58125, 0.49375, 0.5125, 0.575, 0.54375, 0.53125, 0.525, 0.48125, 0.425, 0.55625, 0.54375, 0.59375]",0.5490791831850292,0.0408496570499905,"[0.5144563167818982, 0.556882463859208, 0.5790383406662476, 0.5762099308610936, 0.514299182903834, 0.5441546197360151, 0.5791954745443118, 0.5919233186675047, 0.6071653048397234, 0.5878378378378378, 0.5545298075418558, 0.5415427945548428, 0.5554686277577844, 0.5874667501173525, 0.5012517602879049, 0.516078431372549, 0.580392156862745, 0.5486274509803921, 0.5407843137254902, 0.5356862745098039, 0.4816930057893913, 0.4260679079956188, 0.5596150837114693, 0.5494445313722423, 0.5971678923486152]",0.5381500612115037,0.0412195152406946,"[0.512880918893577, 0.5471804511278195, 0.5618669950738917, 0.5655560562717975, 0.501347187880215, 0.5183383679796494, 0.5745350836068136, 0.593925389536481, 0.5974937343358396, 0.5790702907909671, 0.54375, 0.532402377578334, 0.5407142857142857, 0.5701093893342907, 0.4729961832061068, 0.5114329268292683, 0.5726033834586467, 0.5416250831669993, 0.5210165814810412, 0.5116857779901258, 0.481351322317278, 0.424640568838881, 0.5529931512225754, 0.5334676457728845, 0.5907683778798226]",0.5490791831850292,0.0408496570499905,"[0.5144563167818982, 0.556882463859208, 0.5790383406662476, 0.5762099308610936, 0.514299182903834, 0.5441546197360151, 0.5791954745443118, 0.5919233186675047, 0.6071653048397234, 0.5878378378378378, 0.5545298075418558, 0.5415427945548428, 0.5554686277577844, 0.5874667501173525, 0.5012517602879049, 0.516078431372549, 0.580392156862745, 0.5486274509803921, 0.5407843137254902, 0.5356862745098039, 0.4816930057893913, 0.4260679079956188, 0.5596150837114693, 0.5494445313722423, 0.5971678923486152]","[{'classregularizerotmappingadapter__max_inner_iter': [1000], 'classregularizerotmappingadapter__max_iter': [10], 'classregularizerotmappingadapter__metric': ['sqeuclidean', 'cosine', 'cityblock'], 'classregularizerotmappingadapter__norm': ['lpl1'], 'classregularizerotmappingadapter__reg_cl': [0.1], 'classregularizerotmappingadapter__reg_e': [0.1], 'classregularizerotmappingadapter__tol': [1e-06], 'finalestimator__estimator_name': ['SVC']}, {'classregularizerotmappingadapter__max_inner_iter': [1000], 'classregularizerotmappingadapter__max_iter': [10], 'classregularizerotmappingadapter__metric': ['sqeuclidean', 'cosine', 'cityblock'], 'classregularizerotmappingadapter__norm': ['lpl1'], 'classregularizerotmappingadapter__reg_cl': [0.5], 'classregularizerotmappingadapter__reg_e': [0.5], 'classregularizerotmappingadapter__tol': [1e-06], 'finalestimator__estimator_name': ['SVC']}, {'classregularizerotmappingadapter__max_inner_iter': [1000], 'classregularizerotmappingadapter__max_iter': [10], 'classregularizerotmappingadapter__metric': ['sqeuclidean', 'cosine', 'cityblock'], 'classregularizerotmappingadapter__norm': ['lpl1'], 'classregularizerotmappingadapter__reg_cl': [1.0], 'classregularizerotmappingadapter__reg_e': [1.0], 'classregularizerotmappingadapter__tol': [1e-06], 'finalestimator__estimator_name': ['SVC']}]"
Simulated,covariate_shift,Dens. RW,prediction_entropy,Reweighting,0.89325,0.026264876736813346,"[0.8625, 0.88125, 0.89375, 0.85625, 0.9, 0.90625, 0.925, 0.9375, 0.9375, 0.8625, 0.9125, 0.89375, 0.88125, 0.94375, 0.91875, 0.88125, 0.88125, 0.8625, 0.8875, 0.85, 0.89375, 0.91875, 0.88125, 0.8875, 0.875]",0.8961391063045769,0.02578617813921938,"[0.8683218101822753, 0.8867064739157762, 0.8983343808925204, 0.8615650534255186, 0.9050911376492772, 0.9080766813324952, 0.9283469516027656, 0.9390320553111252, 0.9418604651162792, 0.8673790069138907, 0.9156626506024096, 0.8938350805820685, 0.8850727585667344, 0.944844312314192, 0.9207479267720232, 0.8850980392156862, 0.8835294117647059, 0.8650980392156862, 0.8886274509803922, 0.8525490196078431, 0.8947739007979971, 0.9202785166640588, 0.8827257080269129, 0.8892192145204194, 0.8767016116413706]",0.8932080555016552,0.026287226260598408,"[0.8623495858727926, 0.8811896949099574, 0.8937956560803156, 0.8561769991015273, 0.9, 0.9063784196313256, 0.925093808630394, 0.937578320802005, 0.9375488357555868, 0.8625, 0.9121162280701752, 0.8937707722385142, 0.8803784489187173, 0.9437609867572953, 0.9186642765034584, 0.8811989726161178, 0.8813474463678638, 0.8625859509298326, 0.8876056172742921, 0.8500937646507266, 0.8937707527637798, 0.9187277823352474, 0.8812175280284386, 0.8874296765119549, 0.8749218627910611]",0.8961391063045769,0.02578617813921938,"[0.8683218101822753, 0.8867064739157763, 0.8983343808925204, 0.8615650534255186, 0.9050911376492772, 0.9080766813324952, 0.9283469516027656, 0.939032055311125, 0.9418604651162792, 0.8673790069138907, 0.9156626506024096, 0.8938350805820685, 0.8850727585667344, 0.944844312314192, 0.9207479267720232, 0.8850980392156862, 0.8835294117647059, 0.8650980392156862, 0.8886274509803922, 0.8525490196078431, 0.8947739007979972, 0.9202785166640588, 0.8827257080269129, 0.8892192145204193, 0.8767016116413706]","{'densityreweightadapter__weight_estimator__bandwidth': [0.01, 0.1, 1.0, 10.0, 100.0, 'scott', 'silverman'], 'finalestimator__estimator_name': ['SVC']}"
Simulated,covariate_shift,Disc. RW,prediction_entropy,Reweighting,0.8615,0.02752129857037998,"[0.8375, 0.85625, 0.8625, 0.85, 0.875, 0.8625, 0.9, 0.89375, 0.90625, 0.84375, 0.86875, 0.85625, 0.8125, 0.90625, 0.8875, 0.8375, 0.8375, 0.8375, 0.825, 0.85, 0.875, 0.9125, 0.83125, 0.84375, 0.86875]",0.8670621826486082,0.026153651567456308,"[0.845065996228787, 0.8634506599622879, 0.86926461345066, 0.8566939032055312, 0.8818353236957888, 0.8702074167190447, 0.9050911376492772, 0.8955059710873665, 0.9109050911376492, 0.8527655562539284, 0.8734939759036144, 0.8595681427006728, 0.8188076983257706, 0.9086997340009388, 0.8910968549522766, 0.8447058823529412, 0.8462745098039216, 0.8431372549019608, 0.8329411764705883, 0.8572549019607844, 0.878579252073228, 0.9142544202785168, 0.8354717571585042, 0.8493975903614458, 0.8720857455797215]",0.860508690098024,0.028280977232878004,"[0.8368134877171023, 0.855772238514174, 0.8621560350218885, 0.8496247654784241, 0.8746873045653534, 0.861919104991394, 0.9, 0.8938955422488355, 0.9062902847767492, 0.842592774011521, 0.8671206896551725, 0.8554895372075709, 0.8079013377926423, 0.9060483870967742, 0.8867941176470587, 0.8362254901960785, 0.8353507321681624, 0.8368897668596464, 0.8231851037083595, 0.8488235294117648, 0.8742156862745099, 0.9124453039537428, 0.8296110062522117, 0.8408093624945521, 0.8680556644069124]",0.8670621826486082,0.026153651567456318,"[0.845065996228787, 0.863450659962288, 0.86926461345066, 0.8566939032055312, 0.8818353236957888, 0.8702074167190447, 0.9050911376492772, 0.8955059710873664, 0.9109050911376492, 0.8527655562539282, 0.8734939759036144, 0.8595681427006729, 0.8188076983257706, 0.9086997340009388, 0.8910968549522766, 0.8447058823529412, 0.8462745098039216, 0.8431372549019607, 0.8329411764705881, 0.8572549019607844, 0.878579252073228, 0.9142544202785168, 0.8354717571585042, 0.8493975903614458, 0.8720857455797215]","{'discriminatorreweightadapter__domain_classifier__estimator_name': ['LR', 'SVC', 'KNN', 'XGB'], 'finalestimator__estimator_name': ['SVC']}"
Simulated,covariate_shift,EntOT,prediction_entropy,Mapping,0.71925,0.09519579603813047,"[0.63125, 0.70625, 0.68125, 0.70625, 0.60625, 0.9, 0.65, 0.93125, 0.71875, 0.86875, 0.69375, 0.64375, 0.65, 0.68125, 0.6125, 0.89375, 0.73125, 0.68125, 0.6625, 0.68125, 0.6875, 0.6875, 0.68125, 0.88125, 0.7125]",0.7245300710523527,0.0931189945738418,"[0.6343494657448145, 0.7135449402891263, 0.6893463230672533, 0.7135449402891263, 0.6158076681332495, 0.9003771213073539, 0.6574481458202388, 0.9313324952859836, 0.7261156505342552, 0.8731929604022628, 0.6987169457048976, 0.6481771240807386, 0.6570176811140667, 0.688076983257706, 0.6208731028008136, 0.8952941176470588, 0.7368627450980392, 0.6882352941176471, 0.6745098039215687, 0.6929411764705882, 0.6875293381317478, 0.6879987482397121, 0.6843217023939916, 0.8817868878109842, 0.7158504146455954]",0.7155847214923715,0.09779661992765269,"[0.631408453455213, 0.7047209502563501, 0.6788892589835025, 0.7047209502563501, 0.6012180016515277, 0.900078431372549, 0.6478070175438596, 0.9312796813061738, 0.7172860162028883, 0.8688063986874488, 0.6890191023665599, 0.6393275862068966, 0.6383164821056011, 0.6713588588588589, 0.5933268229166667, 0.8938538611925709, 0.7299983366600132, 0.678360120098905, 0.6514945652173914, 0.6716001555582147, 0.687597717323327, 0.6875976715111737, 0.6795637564167876, 0.8812917627290844, 0.7106960784313726]",0.7245300710523527,0.0931189945738418,"[0.6343494657448145, 0.7135449402891264, 0.6893463230672532, 0.7135449402891264, 0.6158076681332495, 0.9003771213073538, 0.6574481458202388, 0.9313324952859836, 0.7261156505342552, 0.8731929604022628, 0.6987169457048975, 0.6481771240807386, 0.6570176811140667, 0.6880769832577062, 0.6208731028008136, 0.8952941176470589, 0.7368627450980392, 0.6882352941176471, 0.6745098039215686, 0.6929411764705882, 0.6875293381317477, 0.6879987482397121, 0.6843217023939916, 0.8817868878109842, 0.7158504146455954]","{'entropicotmappingadapter__max_iter': [1000], 'entropicotmappingadapter__metric': ['sqeuclidean', 'cosine', 'cityblock'], 'entropicotmappingadapter__norm': ['median'], 'entropicotmappingadapter__reg_e': [0.1, 0.5, 1.0], 'entropicotmappingadapter__tol': [1e-06], 'finalestimator__estimator_name': ['SVC']}"
Simulated,covariate_shift,Gauss. RW,prediction_entropy,Reweighting,0.8905,0.0255868618630734,"[0.85625, 0.85625, 0.8875, 0.8625, 0.90625, 0.8875, 0.91875, 0.925, 0.9375, 0.8625, 0.90625, 0.9, 0.88125, 0.9375, 0.9125, 0.875, 0.89375, 0.85625, 0.89375, 0.85625, 0.88125, 0.925, 0.88125, 0.8875, 0.875]",0.8939125065924531,0.0247865220821935,"[0.8625078566939033, 0.8634506599622879, 0.8925204274041483, 0.8673790069138907, 0.9099622878692646, 0.8925204274041483, 0.9225329981143936, 0.9274041483343808, 0.9418604651162792, 0.86926461345066, 0.9096385542168676, 0.9007979971835394, 0.8850727585667344, 0.9388202159286496, 0.914723830386481, 0.8792156862745097, 0.8968627450980392, 0.8592156862745097, 0.8952941176470588, 0.8592156862745097, 0.8831951181348772, 0.926302613049601, 0.8827257080269129, 0.8892192145204194, 0.8781098419652636]",0.8903856116876457,0.025671135481864827,"[0.8559972255871205, 0.855772238514174, 0.8875, 0.8625, 0.9063489117267788, 0.8875, 0.9188357234965416, 0.925105617274292, 0.9375488357555868, 0.8621560350218885, 0.9057540460049374, 0.9000312548835755, 0.8803784489187173, 0.9375, 0.912363195747342, 0.8748827941865918, 0.8937873549748037, 0.856300539083558, 0.8938538611925709, 0.856300539083558, 0.8811247118127467, 0.925, 0.8812175280284386, 0.8874296765119549, 0.8744517543859649]",0.8939125065924531,0.02478652208219347,"[0.8625078566939033, 0.863450659962288, 0.8925204274041483, 0.8673790069138907, 0.9099622878692646, 0.8925204274041483, 0.9225329981143936, 0.9274041483343808, 0.9418604651162792, 0.86926461345066, 0.9096385542168676, 0.9007979971835396, 0.8850727585667344, 0.9388202159286496, 0.914723830386481, 0.8792156862745099, 0.8968627450980393, 0.8592156862745098, 0.8952941176470589, 0.8592156862745098, 0.8831951181348772, 0.926302613049601, 0.8827257080269129, 0.8892192145204193, 0.8781098419652636]","{'finalestimator__estimator_name': ['SVC'], 'gaussianreweightadapter__reg': ['auto', 1e-05, 0.01, 0.5]}"
Simulated,covariate_shift,LinOT,prediction_entropy,Mapping,0.89225,0.028995779146857435,"[0.875, 0.9125, 0.89375, 0.88125, 0.8875, 0.88125, 0.91875, 0.9375, 0.94375, 0.8625, 0.93125, 0.875, 0.8875, 0.93125, 0.9125, 0.8625, 0.86875, 0.85625, 0.85625, 0.8375, 0.89375, 0.9375, 0.8875, 0.8875, 0.8875]",0.8941646310453193,0.028686235817466356,"[0.8761785040854808, 0.9138906348208674, 0.8955059710873665, 0.8829352608422376, 0.8896920175989944, 0.8857636706473916, 0.920647391577624, 0.9390320553111252, 0.945788812067882, 0.8683218101822753, 0.9337349397590362, 0.875762791425442, 0.8906274448443123, 0.9323267094351432, 0.9142544202785168, 0.8658823529411765, 0.8709803921568627, 0.856078431372549, 0.8592156862745097, 0.8400000000000001, 0.8938350805820685, 0.9383508058206852, 0.8882803943044907, 0.888749804412455, 0.8882803943044907]",0.8922771154316238,0.02898996482095212,"[0.8751566416040101, 0.9126096491228072, 0.8938955422488355, 0.8814126648663457, 0.887658425911438, 0.8813010273838822, 0.9188612970138156, 0.937578320802005, 0.9438270517787952, 0.8623495858727926, 0.9311021505376346, 0.8750390686044694, 0.8870065789473685, 0.9312634282589164, 0.9124453039537428, 0.8625, 0.8688577038802704, 0.8563006975194952, 0.856300539083558, 0.8376015783716205, 0.8937707722385142, 0.9375195343022348, 0.8875351617440224, 0.8875, 0.8875351617440224]",0.8941646310453193,0.02868623581746635,"[0.8761785040854808, 0.9138906348208674, 0.8955059710873664, 0.8829352608422375, 0.8896920175989943, 0.8857636706473916, 0.9206473915776242, 0.939032055311125, 0.9457888120678818, 0.8683218101822753, 0.9337349397590362, 0.875762791425442, 0.8906274448443123, 0.9323267094351432, 0.9142544202785168, 0.8658823529411764, 0.8709803921568628, 0.8560784313725491, 0.8592156862745098, 0.84, 0.8938350805820685, 0.9383508058206854, 0.8882803943044907, 0.888749804412455, 0.8882803943044907]","{'finalestimator__estimator_name': ['SVC'], 'linearotmappingadapter__bias': [True, False], 'linearotmappingadapter__reg': [1e-08, 1e-06, 0.1, 1, 10]}"
Simulated,covariate_shift,NN RW,prediction_entropy,Reweighting,0.88575,0.026115728019720265,"[0.85625, 0.83125, 0.88125, 0.85, 0.875, 0.8875, 0.925, 0.925, 0.9375, 0.86875, 0.89375, 0.89375, 0.8875, 0.90625, 0.91875, 0.875, 0.89375, 0.8625, 0.89375, 0.85625, 0.8875, 0.91875, 0.88125, 0.8625, 0.875]",0.8894822264253147,0.025065692795730433,"[0.8625078566939033, 0.8411376492771843, 0.8867064739157762, 0.8557510999371465, 0.8818353236957888, 0.8944060339409177, 0.9292897548711504, 0.9274041483343808, 0.9418604651162792, 0.8760213702074168, 0.8975903614457832, 0.8933656704741042, 0.8910968549522766, 0.9086997340009388, 0.9207479267720232, 0.8792156862745097, 0.8952941176470588, 0.8650980392156862, 0.8945098039215686, 0.8600000000000001, 0.8892192145204194, 0.9207479267720232, 0.8827257080269129, 0.8651228289782507, 0.8767016116413706]",0.8855368804564071,0.02630793894892041,"[0.8559972255871205, 0.8295743553514658, 0.8811896949099574, 0.8498359118612283, 0.8746873045653534, 0.8872185741088181, 0.9250586029067044, 0.925105617274292, 0.9375488357555868, 0.8683137829912024, 0.8929701911377996, 0.8937208915502328, 0.8867941176470587, 0.9060483870967742, 0.9186642765034584, 0.8748827941865918, 0.8938538611925709, 0.8625859509298326, 0.8938373253493014, 0.8561882300089847, 0.8874296765119549, 0.9186642765034584, 0.8812175280284386, 0.8621127366609294, 0.8749218627910611]",0.8894822264253147,0.02506569279573043,"[0.8625078566939033, 0.841137649277184, 0.8867064739157763, 0.8557510999371465, 0.8818353236957888, 0.8944060339409177, 0.9292897548711502, 0.9274041483343808, 0.9418604651162792, 0.8760213702074169, 0.8975903614457832, 0.8933656704741042, 0.8910968549522766, 0.9086997340009388, 0.9207479267720232, 0.8792156862745099, 0.8952941176470589, 0.8650980392156862, 0.8945098039215686, 0.86, 0.8892192145204193, 0.9207479267720232, 0.8827257080269129, 0.8651228289782507, 0.8767016116413706]","{'finalestimator__estimator_name': ['SVC'], 'nearestneighborreweightadapter__laplace_smoothing': [True, False], 'nearestneighborreweightadapter__n_neighbors': [1]}"
Simulated,covariate_shift,MapOT,prediction_entropy,Mapping,0.71825,0.04021912635799042,"[0.66875, 0.71875, 0.70625, 0.71875, 0.6375, 0.68125, 0.73125, 0.7875, 0.75625, 0.7625, 0.7375, 0.7125, 0.73125, 0.7375, 0.6125, 0.71875, 0.7875, 0.70625, 0.7375, 0.725, 0.675, 0.725, 0.73125, 0.7125, 0.7375]",0.7192786984759888,0.0400493406926532,"[0.6664047768698931, 0.7176304211187932, 0.7078881206788183, 0.7204588309239472, 0.6382778126964174, 0.6884035197988687, 0.7292583280955374, 0.7891263356379636, 0.7581709616593337, 0.7630421118793211, 0.7375997496479425, 0.7125645438898451, 0.7320450633703646, 0.7390079799718354, 0.6166484118291347, 0.7203921568627452, 0.7890196078431373, 0.7047058823529412, 0.7388235294117647, 0.7301960784313726, 0.6740729150367705, 0.7232045063370365, 0.7315756532624003, 0.7149115944296667, 0.7385385698638711]",0.718009718594181,0.040788200475731694,"[0.6685806692619245, 0.718871423525256, 0.7066520039100684, 0.7191348973607038, 0.6380104834924112, 0.6795908183632735, 0.7311126184577876, 0.7877992489438272, 0.75658357771261, 0.7627976190476191, 0.7375820825515947, 0.7125898999374609, 0.7313024922848548, 0.7373359118612284, 0.6082290190521178, 0.7189807940291508, 0.7876993433395872, 0.7061231798736214, 0.7377462476547842, 0.7239672977624785, 0.674796365914787, 0.7242221873035827, 0.7313445156500332, 0.7116902675637615, 0.7375]",0.7192786984759888,0.040049340692653194,"[0.6664047768698931, 0.7176304211187932, 0.7078881206788183, 0.7204588309239472, 0.6382778126964173, 0.6884035197988685, 0.7292583280955374, 0.7891263356379636, 0.7581709616593337, 0.7630421118793211, 0.7375997496479425, 0.7125645438898451, 0.7320450633703646, 0.7390079799718354, 0.6166484118291348, 0.720392156862745, 0.7890196078431373, 0.7047058823529413, 0.7388235294117647, 0.7301960784313726, 0.6740729150367705, 0.7232045063370365, 0.7315756532624003, 0.7149115944296667, 0.7385385698638711]","{'finalestimator__estimator_name': ['SVC'], 'otmappingadapter__max_iter': [1000000], 'otmappingadapter__metric': ['sqeuclidean', 'cosine', 'cityblock'], 'otmappingadapter__norm': ['median']}"
Simulated,covariate_shift,SA,prediction_entropy,Subspace,0.742,0.03782498072262124,"[0.69375, 0.76875, 0.75, 0.7875, 0.7125, 0.75625, 0.7375, 0.7625, 0.76875, 0.75, 0.775, 0.6875, 0.80625, 0.775, 0.73125, 0.6875, 0.78125, 0.66875, 0.7625, 0.75625, 0.675, 0.70625, 0.74375, 0.775, 0.73125]",0.7309079024580285,0.03931261454514261,"[0.6736329352608422, 0.7518856065367693, 0.7382149591451916, 0.7759270898805782, 0.6986172218730358, 0.7468573224387178, 0.7209302325581395, 0.7498428661219358, 0.7547140163419233, 0.7344437460716531, 0.7685808167735879, 0.6804881865122829, 0.8005789391331559, 0.7681114066656235, 0.7245345016429354, 0.672156862745098, 0.7690196078431373, 0.6529411764705882, 0.7513725490196079, 0.7478431372549019, 0.6651541229854483, 0.6971522453450164, 0.7361132843060554, 0.7695196369895165, 0.724065091534971]",0.7296678857074339,0.04336197920636679,"[0.6672648810817862, 0.7541834570519617, 0.7423498609065619, 0.7809973817705776, 0.7007410167246233, 0.7513964618926451, 0.7218813387423936, 0.7540569453587886, 0.7586371942356409, 0.7367846954186945, 0.7673828125, 0.6753293241695303, 0.8010304333777615, 0.7662371134020619, 0.7214806617437068, 0.6654637199795606, 0.7709752273765522, 0.6441232739087683, 0.7533533574720211, 0.7508254574094269, 0.6495358541986034, 0.6865726706243948, 0.7316201353637901, 0.7694148936170213, 0.7200589743589744]",0.7309079024580285,0.03931261454514259,"[0.6736329352608422, 0.7518856065367693, 0.7382149591451918, 0.7759270898805781, 0.6986172218730359, 0.7468573224387177, 0.7209302325581396, 0.749842866121936, 0.7547140163419234, 0.7344437460716531, 0.7685808167735878, 0.6804881865122829, 0.8005789391331559, 0.7681114066656235, 0.7245345016429354, 0.6721568627450981, 0.7690196078431373, 0.6529411764705881, 0.7513725490196078, 0.7478431372549019, 0.6651541229854483, 0.6971522453450164, 0.7361132843060554, 0.7695196369895165, 0.724065091534971]","{'finalestimator__estimator_name': ['SVC'], 'subspacealignmentadapter__n_components': [1, 2, 5, 10, 20, 50, 100]}"
Simulated,covariate_shift,TCA,prediction_entropy,Subspace,0.43424999999999997,0.21147208493872977,"[0.7375, 0.4375, 0.70625, 0.7, 0.375, 0.81875, 0.20625, 0.15, 0.13125, 0.3, 0.15, 0.65625, 0.21875, 0.4375, 0.3625, 0.325, 0.5, 0.75625, 0.53125, 0.58125, 0.2875, 0.39375, 0.58125, 0.2875, 0.225]",0.4316586803990822,0.21181626050654345,"[0.7341294783155248, 0.4314896291640477, 0.7078881206788183, 0.6926461345065996, 0.3818353236957888, 0.8153676932746701, 0.194688874921433, 0.1574481458202388, 0.1268070395977372, 0.3101822752985543, 0.1502112345485839, 0.656000625880144, 0.2113127836019402, 0.4442184321702394, 0.3592552026286966, 0.3192156862745098, 0.4972549019607842, 0.7611764705882353, 0.5196078431372549, 0.5807843137254902, 0.2841495853544046, 0.3809263026130496, 0.5757314974182444, 0.278986074166797, 0.2201533406352683]",0.423687067145617,0.21649586425998965,"[0.7368371212121212, 0.4350965342617502, 0.7066520039100684, 0.696547314578005, 0.3696078431372548, 0.8181413219548812, 0.1933245547022636, 0.1378208156195874, 0.1316250637780132, 0.2850451020731128, 0.15, 0.6563172043010752, 0.1903507608828689, 0.4187229176697159, 0.3584753787878788, 0.3211544548188004, 0.4995285983658076, 0.7555351906158358, 0.514423076923077, 0.5815941646119526, 0.2830018939393939, 0.3149003400295289, 0.5717034900084436, 0.2516331346249379, 0.21413839783405]",0.4316586803990822,0.2118162605065435,"[0.7341294783155248, 0.4314896291640477, 0.7078881206788183, 0.6926461345065996, 0.3818353236957887, 0.81536769327467, 0.194688874921433, 0.1574481458202388, 0.1268070395977372, 0.3101822752985543, 0.1502112345485839, 0.6560006258801441, 0.2113127836019402, 0.4442184321702394, 0.3592552026286966, 0.3192156862745097, 0.4972549019607843, 0.7611764705882352, 0.5196078431372548, 0.5807843137254902, 0.2841495853544046, 0.3809263026130496, 0.5757314974182445, 0.2789860741667971, 0.2201533406352683]","{'finalestimator__estimator_name': ['SVC'], 'transfercomponentanalysisadapter__kernel': ['rbf'], 'transfercomponentanalysisadapter__mu': [10, 100], 'transfercomponentanalysisadapter__n_components': [1, 2, 5, 10, 20, 50, 100]}"
Simulated,covariate_shift,TSL,prediction_entropy,Subspace,0.88075,0.025953183009668247,"[0.85, 0.85, 0.88125, 0.8375, 0.8875, 0.875, 0.91875, 0.91875, 0.925, 0.86875, 0.8875, 0.86875, 0.875, 0.93125, 0.9125, 0.86875, 0.875, 0.85625, 0.88125, 0.84375, 0.875, 0.9125, 0.88125, 0.8625, 0.875]",0.8848478147083457,0.02518293214344884,"[0.8566939032055312, 0.8576367064739158, 0.8876492771841609, 0.8441231929604023, 0.893463230672533, 0.8818353236957888, 0.9225329981143936, 0.9215901948460088, 0.9302325581395348, 0.8760213702074168, 0.891566265060241, 0.8711469253637929, 0.8790486621811924, 0.9327961195431076, 0.914723830386481, 0.8733333333333333, 0.8792156862745097, 0.8592156862745097, 0.8850980392156862, 0.8482352941176471, 0.8767016116413706, 0.9142544202785168, 0.8827257080269129, 0.8646534188702863, 0.8767016116413706]",0.8805193328319945,0.026072761919467925,"[0.8496247654784241, 0.849366296354248, 0.8810411863545777, 0.8370934959349594, 0.8873769338959212, 0.8746873045653534, 0.9188357234965416, 0.91886119257087, 0.925, 0.8683137829912024, 0.8865454116907605, 0.8684677419354838, 0.8739393463230674, 0.9312312004375172, 0.912363195747342, 0.8685499785080693, 0.8748827941865918, 0.856300539083558, 0.8811989726161178, 0.8435118791762729, 0.8749218627910611, 0.9124453039537428, 0.8812175280284386, 0.8622850218886804, 0.8749218627910611]",0.8848478147083457,0.02518293214344882,"[0.8566939032055312, 0.8576367064739158, 0.8876492771841609, 0.8441231929604023, 0.8934632306725331, 0.8818353236957888, 0.9225329981143936, 0.9215901948460088, 0.9302325581395348, 0.8760213702074169, 0.891566265060241, 0.8711469253637929, 0.8790486621811923, 0.9327961195431074, 0.914723830386481, 0.8733333333333334, 0.8792156862745099, 0.8592156862745098, 0.8850980392156862, 0.8482352941176471, 0.8767016116413706, 0.9142544202785168, 0.8827257080269129, 0.8646534188702863, 0.8767016116413706]","{'finalestimator__estimator_name': ['SVC'], 'transfersubspacelearningadapter__base_method': ['flda'], 'transfersubspacelearningadapter__length_scale': [2], 'transfersubspacelearningadapter__max_iter': [300], 'transfersubspacelearningadapter__mu': [0.1, 1, 10], 'transfersubspacelearningadapter__n_components': [1, 2, 5, 10, 20, 50, 100], 'transfersubspacelearningadapter__reg': [0.0001], 'transfersubspacelearningadapter__tol': [0.0001]}"
Simulated,subspace,CORAL,prediction_entropy,Mapping,0.18666666666666665,0.028514534955066402,"[0.1625, 0.1666666666666666, 0.2083333333333333, 0.1583333333333333, 0.1791666666666666, 0.1875, 0.1583333333333333, 0.225, 0.2291666666666666, 0.2166666666666666, 0.1875, 0.1458333333333333, 0.1416666666666666, 0.15, 0.175, 0.2, 0.2125, 0.1583333333333333, 0.2, 0.1916666666666666, 0.1875, 0.1958333333333333, 0.2041666666666666, 0.2541666666666666, 0.1708333333333333]",0.18666666666666665,0.02851453495506639,"[0.1625, 0.1666666666666666, 0.2083333333333333, 0.1583333333333333, 0.1791666666666666, 0.1875, 0.1583333333333333, 0.225, 0.2291666666666666, 0.2166666666666666, 0.1875, 0.1458333333333333, 0.1416666666666667, 0.15, 0.175, 0.2, 0.2125, 0.1583333333333333, 0.1999999999999999, 0.1916666666666666, 0.1875, 0.1958333333333333, 0.2041666666666667, 0.2541666666666666, 0.1708333333333333]",0.16530344875705968,0.02340296197432424,"[0.1463608854913203, 0.1474850809889173, 0.1833225875779067, 0.1449735449735449, 0.1633487285661198, 0.1654630075429305, 0.1389599317988065, 0.1898366606170599, 0.2036017291169665, 0.1894222477723484, 0.1605531739340998, 0.1313405957026077, 0.126131221719457, 0.1382709096029287, 0.1560102301790281, 0.1721759126185685, 0.1911410688493018, 0.1467192340185863, 0.1771428571428571, 0.1730605285592497, 0.1654630075429305, 0.1716590067776605, 0.1777725960072465, 0.2217250312505661, 0.1506464405754832]",0.18666666666666665,0.028514534955066402,"[0.1625, 0.1666666666666666, 0.2083333333333333, 0.1583333333333333, 0.1791666666666666, 0.1875, 0.1583333333333333, 0.225, 0.2291666666666666, 0.2166666666666666, 0.1874999999999999, 0.1458333333333333, 0.1416666666666666, 0.15, 0.175, 0.2, 0.2125, 0.1583333333333333, 0.1999999999999999, 0.1916666666666666, 0.1875, 0.1958333333333333, 0.2041666666666667, 0.2541666666666666, 0.1708333333333333]","{'coraladapter__reg': ['auto'], 'finalestimator__estimator_name': ['SVC']}"
Simulated,subspace,DASVM,prediction_entropy,Other,0.1363333333333333,0.042534708049884254,"[0.1041666666666666, 0.2, 0.2166666666666666, 0.1291666666666666, 0.1, 0.1666666666666666, 0.1125, 0.1125, 0.1291666666666666, 0.2, 0.1125, 0.075, 0.1125, 0.1125, 0.0625, 0.1166666666666666, 0.1583333333333333, 0.175, 0.1291666666666666, 0.1291666666666666, 0.0958333333333333, 0.1583333333333333, 0.1875, 0.2083333333333333, 0.1041666666666666]",0.1363333333333333,0.04253470804988425,"[0.1041666666666666, 0.2, 0.2166666666666666, 0.1291666666666666, 0.0999999999999999, 0.1666666666666666, 0.1125, 0.1125, 0.1291666666666666, 0.1999999999999999, 0.1125, 0.075, 0.1125, 0.1124999999999999, 0.0625, 0.1166666666666666, 0.1583333333333333, 0.175, 0.1291666666666666, 0.1291666666666666, 0.0958333333333333, 0.1583333333333333, 0.1875, 0.2083333333333333, 0.1041666666666666]",0.12400813482281046,0.035255171401012135,"[0.0943396226415094, 0.1721759126185685, 0.1840277777777777, 0.1210947766816772, 0.0937062937062937, 0.1474850809889173, 0.1027643703378674, 0.1027643703378674, 0.1210947766816772, 0.1771428571428571, 0.1042736240822834, 0.0708705357142857, 0.1027643703378674, 0.108024637504144, 0.0597412547230589, 0.1077441077441077, 0.1467192340185863, 0.1581036071150166, 0.1196138657305836, 0.1210947766816772, 0.0888573977851257, 0.1449735449735449, 0.1654630075429305, 0.1857142857142857, 0.099649281987751]",0.1363333333333333,0.04253470804988428,"[0.1041666666666666, 0.2, 0.2166666666666667, 0.1291666666666666, 0.1, 0.1666666666666666, 0.1124999999999999, 0.1124999999999999, 0.1291666666666666, 0.1999999999999999, 0.1125, 0.0749999999999999, 0.1124999999999999, 0.1124999999999999, 0.0624999999999999, 0.1166666666666667, 0.1583333333333333, 0.175, 0.1291666666666666, 0.1291666666666666, 0.0958333333333333, 0.1583333333333333, 0.1875, 0.2083333333333333, 0.1041666666666666]","{'dasvmclassifier__base_estimator__estimator_name': ['SVC'], 'dasvmclassifier__max_iter': [200]}"
Simulated,subspace,JDOT,prediction_entropy,Other,0.14299999999999996,0.024137913929933724,"[0.15, 0.1208333333333333, 0.1583333333333333, 0.1458333333333333, 0.1291666666666666, 0.1541666666666666, 0.1541666666666666, 0.15, 0.1708333333333333, 0.1791666666666666, 0.125, 0.0875, 0.1125, 0.1083333333333333, 0.1083333333333333, 0.1458333333333333, 0.1791666666666666, 0.1625, 0.1666666666666666, 0.1708333333333333, 0.1208333333333333, 0.1541666666666666, 0.1416666666666666, 0.15, 0.1291666666666666]",0.14299999999999996,0.024137913929933724,"[0.15, 0.1208333333333333, 0.1583333333333333, 0.1458333333333333, 0.1291666666666666, 0.1541666666666666, 0.1541666666666666, 0.15, 0.1708333333333333, 0.1791666666666666, 0.125, 0.0875, 0.1125, 0.1083333333333333, 0.1083333333333333, 0.1458333333333333, 0.1791666666666666, 0.1625, 0.1666666666666666, 0.1708333333333333, 0.1208333333333333, 0.1541666666666666, 0.1416666666666666, 0.15, 0.1291666666666666]",0.14236052853955697,0.02400432494134806,"[0.1485217391304347, 0.1204515848892748, 0.1580994720755765, 0.145106079824851, 0.1290305776944314, 0.1537993920972644, 0.1534465083143646, 0.1497638232842456, 0.1707037557951763, 0.1788102475032566, 0.1247568769102528, 0.0873573995936865, 0.1124845917463845, 0.1077756931415468, 0.108085579327591, 0.1456998489347293, 0.1788102475032566, 0.1613206071037396, 0.1652173913043478, 0.1690878407766314, 0.1195952641735774, 0.1523860888324431, 0.1414281744929147, 0.1499409681227863, 0.1273334609161606]",0.14299999999999996,0.02413791392993372,"[0.15, 0.1208333333333333, 0.1583333333333333, 0.1458333333333333, 0.1291666666666667, 0.1541666666666666, 0.1541666666666666, 0.1499999999999999, 0.1708333333333333, 0.1791666666666666, 0.1249999999999999, 0.0875, 0.1125, 0.1083333333333333, 0.1083333333333333, 0.1458333333333333, 0.1791666666666666, 0.1624999999999999, 0.1666666666666666, 0.1708333333333333, 0.1208333333333333, 0.1541666666666666, 0.1416666666666666, 0.15, 0.1291666666666666]","{'jdotclassifier__alpha': [0.1, 0.3, 0.5, 0.7, 0.9], 'jdotclassifier__base_estimator__estimator_name': ['SVC'], 'jdotclassifier__n_iter_max': [100], 'jdotclassifier__thr_weights': [1e-07], 'jdotclassifier__tol': [1e-06]}"
Simulated,subspace,KLIEP,prediction_entropy,Reweighting,0.1718333333333333,0.05966098281431819,"[0.0875, 0.1958333333333333, 0.1583333333333333, 0.1125, 0.1208333333333333, 0.275, 0.0833333333333333, 0.1916666666666666, 0.2416666666666666, 0.2666666666666666, 0.1625, 0.1, 0.0708333333333333, 0.1875, 0.1958333333333333, 0.1166666666666666, 0.1916666666666666, 0.1541666666666666, 0.2541666666666666, 0.1625, 0.1958333333333333, 0.1875, 0.1958333333333333, 0.2625, 0.125]",0.1718333333333333,0.05966098281431819,"[0.0875, 0.1958333333333333, 0.1583333333333333, 0.1125, 0.1208333333333333, 0.275, 0.0833333333333333, 0.1916666666666666, 0.2416666666666666, 0.2666666666666666, 0.1625, 0.1, 0.0708333333333333, 0.1875, 0.1958333333333333, 0.1166666666666666, 0.1916666666666666, 0.1541666666666666, 0.2541666666666666, 0.1625, 0.1958333333333333, 0.1875, 0.1958333333333333, 0.2625, 0.125]",0.15151533852765622,0.04691070452403726,"[0.0839215686274509, 0.1716590067776605, 0.1449735449735449, 0.106902636314401, 0.1111891180342255, 0.2231564848575042, 0.0781479153572177, 0.1661293788953363, 0.2100694444444444, 0.2211815030606977, 0.1397849462365591, 0.0923734155052874, 0.0680991102366317, 0.1654630075429305, 0.1716590067776605, 0.1091813152181525, 0.1730605285592497, 0.139815321598192, 0.2061937581995233, 0.1482900474937763, 0.1716590067776605, 0.1605531739340998, 0.1821889510761136, 0.2276223204058255, 0.1146089522872602]",0.1718333333333333,0.0596609828143182,"[0.0875, 0.1958333333333333, 0.1583333333333333, 0.1125, 0.1208333333333333, 0.275, 0.0833333333333333, 0.1916666666666666, 0.2416666666666666, 0.2666666666666666, 0.1625, 0.0999999999999999, 0.0708333333333333, 0.1875, 0.1958333333333333, 0.1166666666666666, 0.1916666666666666, 0.1541666666666666, 0.2541666666666666, 0.1625, 0.1958333333333333, 0.1874999999999999, 0.1958333333333333, 0.2625, 0.125]","{'finalestimator__estimator_name': ['SVC'], 'kliepreweightadapter__cv': [5], 'kliepreweightadapter__gamma': [0.0001, 0.001, 0.01, 0.1, 1.0, 10.0, 100.0, 1000.0, 'auto', 'scale'], 'kliepreweightadapter__max_iter': [1000], 'kliepreweightadapter__n_centers': [100], 'kliepreweightadapter__random_state': [0], 'kliepreweightadapter__tol': [1e-06]}"
Simulated,subspace,KMM,prediction_entropy,Reweighting,0.15766666666666665,0.0306582868985786,"[0.15, 0.175, 0.1833333333333333, 0.1708333333333333, 0.1416666666666666, 0.125, 0.1333333333333333, 0.1416666666666666, 0.1166666666666666, 0.175, 0.1541666666666666, 0.1333333333333333, 0.0958333333333333, 0.1708333333333333, 0.1625, 0.1541666666666666, 0.1458333333333333, 0.1375, 0.1458333333333333, 0.175, 0.175, 0.2166666666666666, 0.2125, 0.2208333333333333, 0.1291666666666666]",0.15766666666666665,0.0306582868985786,"[0.15, 0.175, 0.1833333333333333, 0.1708333333333333, 0.1416666666666666, 0.125, 0.1333333333333333, 0.1416666666666666, 0.1166666666666666, 0.175, 0.1541666666666666, 0.1333333333333333, 0.0958333333333333, 0.1708333333333333, 0.1625, 0.1541666666666666, 0.1458333333333333, 0.1375, 0.1458333333333333, 0.175, 0.175, 0.2166666666666666, 0.2125, 0.2208333333333333, 0.1291666666666666]",0.14258243643970206,0.024664853155238316,"[0.1346153846153846, 0.1537858821853408, 0.16, 0.15485480702872, 0.1314735436722647, 0.1161616161616161, 0.1259892149310175, 0.1329966329966329, 0.1127232142857142, 0.1636158828499014, 0.1357871396895787, 0.1195767195767195, 0.0888573977851257, 0.15485480702872, 0.1463608854913203, 0.1378669639539204, 0.1364633611232997, 0.1280386134269416, 0.1331771172853644, 0.1581036071150166, 0.1560102301790281, 0.1840277777777777, 0.1838056680161943, 0.1974105402457125, 0.1180039035712401]",0.15766666666666665,0.030658286898578614,"[0.15, 0.175, 0.1833333333333333, 0.1708333333333333, 0.1416666666666666, 0.125, 0.1333333333333333, 0.1416666666666666, 0.1166666666666666, 0.175, 0.1541666666666666, 0.1333333333333333, 0.0958333333333333, 0.1708333333333333, 0.1625, 0.1541666666666667, 0.1458333333333333, 0.1374999999999999, 0.1458333333333333, 0.175, 0.175, 0.2166666666666667, 0.2125, 0.2208333333333333, 0.1291666666666666]","{'finalestimator__estimator_name': ['SVC'], 'kmmreweightadapter__B': [1000.0], 'kmmreweightadapter__gamma': [0.0001, 0.001, 0.01, 0.1, 1.0, 10.0, 100.0, 1000.0, None], 'kmmreweightadapter__max_iter': [1000], 'kmmreweightadapter__smooth_weights': [False], 'kmmreweightadapter__tol': [1e-06]}"
Simulated,subspace,MMD-LS,prediction_entropy,Mapping,0.614,0.30333047159822235,"[0.4125, 0.425, 0.4458333333333333, 0.425, 0.4083333333333333, 0.4583333333333333, 0.0958333333333333, 0.1166666666666666, 0.9375, 0.1083333333333333, 0.1291666666666666, 0.725, 0.7041666666666667, 0.4625, 0.7708333333333334, 0.7416666666666667, 0.7, 0.7041666666666667, 0.9833333333333332, 0.9083333333333332, 0.9833333333333332, 0.75, 0.9791666666666666, 0.9875, 0.9875]",0.614,0.3033304715982224,"[0.4125, 0.425, 0.4458333333333333, 0.425, 0.4083333333333333, 0.4583333333333333, 0.0958333333333333, 0.1166666666666666, 0.9375, 0.1083333333333333, 0.1291666666666666, 0.725, 0.7041666666666667, 0.4625, 0.7708333333333333, 0.7416666666666667, 0.7, 0.7041666666666667, 0.9833333333333334, 0.9083333333333332, 0.9833333333333334, 0.75, 0.9791666666666666, 0.9875, 0.9875]",0.6069899164184503,0.3053013889033914,"[0.4124081887794967, 0.4217473287240729, 0.4397542781921896, 0.4243604004449388, 0.407304347826087, 0.453743259331886, 0.0874524714828897, 0.1044776119402985, 0.937316083648204, 0.0977443609022556, 0.1143911439114391, 0.7066666666666668, 0.6837357783180831, 0.4597895691926507, 0.7581310123683006, 0.7326818051164127, 0.684002633311389, 0.6837357783180831, 0.9833287024173384, 0.907814791535722, 0.9833287024173384, 0.7366688610928241, 0.9791663049705724, 0.9874997829823436, 0.9874980465697764]",0.614,0.30333047159822246,"[0.4125, 0.4249999999999999, 0.4458333333333334, 0.425, 0.4083333333333333, 0.4583333333333333, 0.0958333333333333, 0.1166666666666666, 0.9375, 0.1083333333333333, 0.1291666666666666, 0.7250000000000001, 0.7041666666666667, 0.4625, 0.7708333333333333, 0.7416666666666668, 0.7000000000000001, 0.7041666666666667, 0.9833333333333334, 0.9083333333333332, 0.9833333333333334, 0.75, 0.9791666666666669, 0.9875, 0.9875]","{'finalestimator__estimator_name': ['SVC'], 'mmdlsconsmappingadapter__gamma': [0.1, 1, 10], 'mmdlsconsmappingadapter__max_iter': [100], 'mmdlsconsmappingadapter__reg_k': [1e-10, 1e-08], 'mmdlsconsmappingadapter__reg_m': [1e-10, 1e-08], 'mmdlsconsmappingadapter__tol': [1e-05]}"
Simulated,subspace,Train Src,prediction_entropy,NO DA,0.18966666666666665,0.03270059179439576,"[0.1666666666666666, 0.1583333333333333, 0.2125, 0.15, 0.1791666666666666, 0.2083333333333333, 0.1583333333333333, 0.2375, 0.2416666666666666, 0.2333333333333333, 0.1833333333333333, 0.1416666666666666, 0.1416666666666666, 0.15, 0.175, 0.2, 0.2166666666666666, 0.1583333333333333, 0.2083333333333333, 0.1875, 0.1875, 0.2041666666666666, 0.2125, 0.2541666666666666, 0.175]",0.18966666666666665,0.03270059179439575,"[0.1666666666666666, 0.1583333333333333, 0.2125, 0.15, 0.1791666666666666, 0.2083333333333333, 0.1583333333333333, 0.2375, 0.2416666666666666, 0.2333333333333333, 0.1833333333333333, 0.1416666666666666, 0.1416666666666667, 0.15, 0.175, 0.2, 0.2166666666666666, 0.1583333333333333, 0.2083333333333333, 0.1875, 0.1875, 0.2041666666666667, 0.2125, 0.2541666666666666, 0.175]",0.16730773004612762,0.0261212594575898,"[0.1515837104072398, 0.1410955991779462, 0.1838056680161943, 0.1382709096029287, 0.165239499284945, 0.1807990801954584, 0.1389599317988065, 0.1984084977459801, 0.2127460168697282, 0.2013888888888889, 0.1575327745540511, 0.128042328042328, 0.126131221719457, 0.1382709096029287, 0.1560102301790281, 0.1721759126185685, 0.1919191919191919, 0.1467192340185863, 0.1833225875779067, 0.1677188739307499, 0.1654630075429305, 0.1777725960072465, 0.1838056680161943, 0.2217250312505661, 0.1537858821853408]",0.18966666666666665,0.03270059179439576,"[0.1666666666666666, 0.1583333333333333, 0.2125, 0.15, 0.1791666666666667, 0.2083333333333333, 0.1583333333333333, 0.2375, 0.2416666666666667, 0.2333333333333333, 0.1833333333333333, 0.1416666666666667, 0.1416666666666666, 0.15, 0.175, 0.2, 0.2166666666666666, 0.1583333333333333, 0.2083333333333333, 0.1875, 0.1875, 0.2041666666666667, 0.2125, 0.2541666666666666, 0.175]",{'finalestimator__estimator_name': ['SVC']}
Simulated,subspace,NO_DA_SOURCE_ONLY_BASE_ESTIM,prediction_entropy,Unknown,,,"[NaN, NaN, NaN, NaN, NaN, NaN, NaN, NaN, NaN, NaN, NaN, NaN, NaN, NaN, NaN, NaN, NaN, NaN, NaN, NaN, NaN, NaN, NaN, NaN, NaN]",,,"[NaN, NaN, NaN, NaN, NaN, NaN, NaN, NaN, NaN, NaN, NaN, NaN, NaN, NaN, NaN, NaN, NaN, NaN, NaN, NaN, NaN, NaN, NaN, NaN, NaN]",,,"[NaN, NaN, NaN, NaN, NaN, NaN, NaN, NaN, NaN, NaN, NaN, NaN, NaN, NaN, NaN, NaN, NaN, NaN, NaN, NaN, NaN, NaN, NaN, NaN, NaN]",,,"[NaN, NaN, NaN, NaN, NaN, NaN, NaN, NaN, NaN, NaN, NaN, NaN, NaN, NaN, NaN, NaN, NaN, NaN, NaN, NaN, NaN, NaN, NaN, NaN, NaN]",{'finalestimator__estimator_name': ['SVC']}
Simulated,subspace,Train Tgt,prediction_entropy,NO DA,0.9846666666666667,0.008395600699837451,"[0.9916666666666668, 0.9833333333333332, 0.9833333333333332, 0.9875, 0.9875, 0.9958333333333332, 0.9791666666666666, 0.9833333333333332, 0.9666666666666668, 0.9791666666666666, 0.9791666666666666, 0.9958333333333332, 0.9958333333333332, 0.9625, 0.9958333333333332, 0.9916666666666668, 0.9833333333333332, 0.9916666666666668, 0.9791666666666666, 0.9791666666666666, 0.9875, 0.9875, 0.9791666666666666, 0.9875, 0.9833333333333332]",0.9846666666666667,0.008395600699837425,"[0.9916666666666668, 0.9833333333333334, 0.9833333333333334, 0.9875, 0.9875, 0.9958333333333332, 0.9791666666666669, 0.9833333333333334, 0.9666666666666668, 0.9791666666666669, 0.9791666666666666, 0.9958333333333332, 0.9958333333333332, 0.9625, 0.9958333333333332, 0.9916666666666668, 0.9833333333333334, 0.9916666666666668, 0.9791666666666669, 0.9791666666666669, 0.9875, 0.9875, 0.9791666666666666, 0.9875, 0.9833333333333334]",0.9846641600001927,0.008398578186465482,"[0.9916660879227724, 0.9833321758455448, 0.9833321758455448, 0.9874980465697764, 0.9874997829823436, 0.9958332609941144, 0.9791634109496276, 0.9833321758455448, 0.966645820304357, 0.9791634109496276, 0.9791663049705724, 0.9958332609941144, 0.9958332609941144, 0.9624941397093296, 0.9958332609941144, 0.9916666666666668, 0.9833287024173384, 0.9916666666666668, 0.9791634109496276, 0.9791576204950064, 0.9874980465697764, 0.9874980465697764, 0.9791663049705724, 0.9874997829823436, 0.9833321758455448]",0.9846666666666667,0.008395600699837405,"[0.9916666666666666, 0.9833333333333334, 0.9833333333333334, 0.9875, 0.9875, 0.9958333333333332, 0.9791666666666669, 0.9833333333333334, 0.9666666666666668, 0.9791666666666669, 0.9791666666666669, 0.9958333333333332, 0.9958333333333332, 0.9625, 0.9958333333333332, 0.9916666666666668, 0.9833333333333334, 0.9916666666666668, 0.9791666666666669, 0.9791666666666669, 0.9875, 0.9875, 0.9791666666666669, 0.9875, 0.9833333333333334]",{'finalestimator__estimator_name': ['SVC']}
Simulated,subspace,OTLabelProp,prediction_entropy,Other,0.018499999999999968,0.008926785535678564,"[0.0083333333333333, 0.0125, 0.0125, 0.0166666666666666, 0.0208333333333333, 0.0125, 0.0166666666666666, 0.025, 0.0291666666666666, 0.0208333333333333, 0.025, 0.0041666666666666, 0.0083333333333333, 0.0416666666666666, 0.0041666666666666, 0.0125, 0.0333333333333333, 0.0166666666666666, 0.025, 0.025, 0.0125, 0.0166666666666666, 0.025, 0.0166666666666666, 0.0208333333333333]",0.01849999999999996,0.008926785535678558,"[0.0083333333333333, 0.0125, 0.0125, 0.0166666666666666, 0.0208333333333333, 0.0125, 0.0166666666666666, 0.0249999999999999, 0.0291666666666666, 0.0208333333333333, 0.025, 0.0041666666666666, 0.0083333333333333, 0.0416666666666666, 0.0041666666666666, 0.0125, 0.0333333333333333, 0.0166666666666666, 0.0249999999999999, 0.025, 0.0125, 0.0166666666666666, 0.025, 0.0166666666666666, 0.0208333333333333]",0.018286614772000404,0.00876749219945917,"[0.0082644628099173, 0.012482855605132, 0.012482855605132, 0.0165983748871449, 0.0206803146324946, 0.012482855605132, 0.0165983748871449, 0.0247290914142817, 0.0283400809716599, 0.0206803146324946, 0.025, 0.0041493775933609, 0.0082644628099173, 0.0414003889969436, 0.0041493775933609, 0.0123456790123456, 0.032258064516129, 0.0163934426229508, 0.0247290914142817, 0.024390243902439, 0.0123456790123456, 0.0163934426229508, 0.025, 0.0165983748871449, 0.0204081632653061]",0.01849999999999996,0.008926785535678558,"[0.0083333333333333, 0.0125, 0.0125, 0.0166666666666666, 0.0208333333333333, 0.0125, 0.0166666666666666, 0.0249999999999999, 0.0291666666666666, 0.0208333333333333, 0.025, 0.0041666666666666, 0.0083333333333333, 0.0416666666666666, 0.0041666666666666, 0.0125, 0.0333333333333333, 0.0166666666666666, 0.0249999999999999, 0.025, 0.0125, 0.0166666666666666, 0.025, 0.0166666666666666, 0.0208333333333333]","{'finalestimator__estimator_name': ['SVC'], 'otlabelpropadapter__metric': ['sqeuclidean', 'cosine', 'cityblock'], 'otlabelpropadapter__reg': [None, 0.1, 1.0]}"
Simulated,subspace,JPCA,prediction_entropy,Subspace,0.15499999999999997,0.0530739133452375,"[0.1416666666666666, 0.1625, 0.2125, 0.0916666666666666, 0.1791666666666666, 0.1, 0.0416666666666666, 0.0833333333333333, 0.0916666666666666, 0.1708333333333333, 0.1833333333333333, 0.1416666666666666, 0.1375, 0.15, 0.175, 0.1958333333333333, 0.2083333333333333, 0.2041666666666666, 0.2666666666666666, 0.2458333333333333, 0.1041666666666666, 0.1583333333333333, 0.1083333333333333, 0.1583333333333333, 0.1625]",0.15499999999999997,0.0530739133452375,"[0.1416666666666666, 0.1625, 0.2125, 0.0916666666666666, 0.1791666666666666, 0.1, 0.0416666666666666, 0.0833333333333333, 0.0916666666666666, 0.1708333333333333, 0.1833333333333333, 0.1416666666666666, 0.1375, 0.15, 0.175, 0.1958333333333333, 0.2083333333333333, 0.2041666666666666, 0.2666666666666666, 0.2458333333333333, 0.1041666666666666, 0.1583333333333333, 0.1083333333333333, 0.1583333333333333, 0.1625]",0.13518074903660351,0.040766303845776966,"[0.1240875912408759, 0.1443015521064301, 0.1838056680161943, 0.0853146853146853, 0.165239499284945, 0.0923734155052874, 0.0406006674082313, 0.0769230769230769, 0.0876116071428571, 0.1483443000053496, 0.1575327745540511, 0.128042328042328, 0.1228658698070234, 0.1346153846153846, 0.1560102301790281, 0.1691628849706731, 0.1724137931034483, 0.1695501730103806, 0.2105263157894737, 0.197324414715719, 0.0958630477825866, 0.1366906474820144, 0.0993265993265993, 0.1366906474820144, 0.1443015521064301]",0.15499999999999997,0.053073913345237506,"[0.1416666666666666, 0.1625, 0.2125, 0.0916666666666666, 0.1791666666666667, 0.0999999999999999, 0.0416666666666666, 0.0833333333333333, 0.0916666666666666, 0.1708333333333333, 0.1833333333333333, 0.1416666666666667, 0.1374999999999999, 0.15, 0.175, 0.1958333333333333, 0.2083333333333333, 0.2041666666666666, 0.2666666666666666, 0.2458333333333333, 0.1041666666666666, 0.1583333333333333, 0.1083333333333333, 0.1583333333333333, 0.1625]","{'finalestimator__estimator_name': ['SVC'], 'pca__n_components': [1, 2, 5, 10, 20, 50, 100]}"
Simulated,subspace,MMDTarS,prediction_entropy,Reweighting,0.19699999999999995,0.03540686138777812,"[0.1666666666666666, 0.1541666666666666, 0.2041666666666666, 0.15, 0.1791666666666666, 0.2041666666666666, 0.2416666666666666, 0.2375, 0.2541666666666666, 0.2208333333333333, 0.1791666666666666, 0.1583333333333333, 0.1375, 0.1583333333333333, 0.175, 0.1958333333333333, 0.2208333333333333, 0.1625, 0.2125, 0.2625, 0.1875, 0.2, 0.2125, 0.2541666666666666, 0.1958333333333333]",0.19699999999999995,0.03540686138777812,"[0.1666666666666666, 0.1541666666666666, 0.2041666666666666, 0.15, 0.1791666666666666, 0.2041666666666667, 0.2416666666666666, 0.2375, 0.2541666666666666, 0.2208333333333333, 0.1791666666666666, 0.1583333333333333, 0.1375, 0.1583333333333333, 0.175, 0.1958333333333333, 0.2208333333333333, 0.1625, 0.2125, 0.2625, 0.1875, 0.2, 0.2125, 0.2541666666666666, 0.1958333333333333]",0.1721919496545631,0.026991441450227645,"[0.1515837104072398, 0.1378669639539204, 0.1802428512670112, 0.1382709096029287, 0.165239499284945, 0.1777725960072465, 0.1980023501762632, 0.1984084977459801, 0.2188948889979817, 0.192442645074224, 0.1544913177989592, 0.1389599317988065, 0.1228658698070234, 0.1449735449735449, 0.1560102301790281, 0.1691628849706731, 0.1949920180803932, 0.1482900474937763, 0.1863823070438198, 0.2150631016833274, 0.1654630075429305, 0.1747259832366215, 0.1838056680161943, 0.2217250312505661, 0.1691628849706731]",0.19699999999999998,0.03540686138777813,"[0.1666666666666666, 0.1541666666666667, 0.2041666666666666, 0.15, 0.1791666666666667, 0.2041666666666667, 0.2416666666666666, 0.2375, 0.2541666666666666, 0.2208333333333333, 0.1791666666666666, 0.1583333333333333, 0.1374999999999999, 0.1583333333333333, 0.175, 0.1958333333333333, 0.2208333333333333, 0.1625, 0.2125, 0.2625, 0.1875, 0.2, 0.2125, 0.2541666666666666, 0.1958333333333333]","{'finalestimator__estimator_name': ['SVC'], 'mmdtarsreweightadapter__gamma': [0.0001, 0.001, 0.01, 0.1, 1.0, 10.0, 100.0, 1000.0, None], 'mmdtarsreweightadapter__max_iter': [1000], 'mmdtarsreweightadapter__reg': [1e-06], 'mmdtarsreweightadapter__tol': [1e-06]}"
Simulated,subspace,ClassRegOT,prediction_entropy,Mapping,0.15499999999999997,0.020198666072568035,"[0.1625, 0.1375, 0.1708333333333333, 0.1458333333333333, 0.15, 0.1666666666666666, 0.1625, 0.1666666666666666, 0.1666666666666666, 0.1833333333333333, 0.15, 0.1083333333333333, 0.1291666666666666, 0.125, 0.1333333333333333, 0.15, 0.1833333333333333, 0.1708333333333333, 0.1791666666666666, 0.175, 0.1333333333333333, 0.175, 0.15, 0.1666666666666666, 0.1333333333333333]",0.15499999999999997,0.020198666072568035,"[0.1625, 0.1375, 0.1708333333333333, 0.1458333333333333, 0.15, 0.1666666666666666, 0.1625, 0.1666666666666666, 0.1666666666666666, 0.1833333333333333, 0.15, 0.1083333333333333, 0.1291666666666666, 0.125, 0.1333333333333333, 0.15, 0.1833333333333333, 0.1708333333333333, 0.1791666666666666, 0.175, 0.1333333333333333, 0.175, 0.15, 0.1666666666666666, 0.1333333333333333]",0.15408557653050858,0.02009604236854114,"[0.1617869368038783, 0.1362854013456423, 0.1704732957012592, 0.145106079824851, 0.15, 0.1664351208669074, 0.1617869368038783, 0.1661455076089222, 0.1666087922772414, 0.1831064184495693, 0.1451917033312382, 0.1083333333333333, 0.1290305776944314, 0.1244527829893683, 0.1330925257015837, 0.1499409681227863, 0.1831064184495693, 0.1675816993464052, 0.1774387167487256, 0.1729323308270676, 0.1318260869565217, 0.1735652173913043, 0.1499409681227863, 0.1661455076089222, 0.1318260869565217]",0.15499999999999997,0.02019866607256803,"[0.1624999999999999, 0.1374999999999999, 0.1708333333333333, 0.1458333333333333, 0.15, 0.1666666666666666, 0.1624999999999999, 0.1666666666666666, 0.1666666666666666, 0.1833333333333333, 0.1499999999999999, 0.1083333333333333, 0.1291666666666667, 0.125, 0.1333333333333333, 0.15, 0.1833333333333333, 0.1708333333333333, 0.1791666666666666, 0.175, 0.1333333333333333, 0.175, 0.15, 0.1666666666666666, 0.1333333333333333]","[{'classregularizerotmappingadapter__max_inner_iter': [1000], 'classregularizerotmappingadapter__max_iter': [10], 'classregularizerotmappingadapter__metric': ['sqeuclidean', 'cosine', 'cityblock'], 'classregularizerotmappingadapter__norm': ['lpl1'], 'classregularizerotmappingadapter__reg_cl': [0.1], 'classregularizerotmappingadapter__reg_e': [0.1], 'classregularizerotmappingadapter__tol': [1e-06], 'finalestimator__estimator_name': ['SVC']}, {'classregularizerotmappingadapter__max_inner_iter': [1000], 'classregularizerotmappingadapter__max_iter': [10], 'classregularizerotmappingadapter__metric': ['sqeuclidean', 'cosine', 'cityblock'], 'classregularizerotmappingadapter__norm': ['lpl1'], 'classregularizerotmappingadapter__reg_cl': [0.5], 'classregularizerotmappingadapter__reg_e': [0.5], 'classregularizerotmappingadapter__tol': [1e-06], 'finalestimator__estimator_name': ['SVC']}, {'classregularizerotmappingadapter__max_inner_iter': [1000], 'classregularizerotmappingadapter__max_iter': [10], 'classregularizerotmappingadapter__metric': ['sqeuclidean', 'cosine', 'cityblock'], 'classregularizerotmappingadapter__norm': ['lpl1'], 'classregularizerotmappingadapter__reg_cl': [1.0], 'classregularizerotmappingadapter__reg_e': [1.0], 'classregularizerotmappingadapter__tol': [1e-06], 'finalestimator__estimator_name': ['SVC']}]"
Simulated,subspace,Dens. RW,prediction_entropy,Reweighting,0.14316666666666664,0.0657695717948207,"[0.1291666666666666, 0.1083333333333333, 0.2166666666666666, 0.0916666666666666, 0.0708333333333333, 0.1333333333333333, 0.0583333333333333, 0.1416666666666666, 0.1208333333333333, 0.1625, 0.1541666666666666, 0.2166666666666666, 0.1166666666666666, 0.1958333333333333, 0.1875, 0.1083333333333333, 0.0291666666666666, 0.0916666666666666, 0.1083333333333333, 0.0291666666666666, 0.2291666666666666, 0.1916666666666666, 0.1833333333333333, 0.2083333333333333, 0.2958333333333333]",0.14316666666666664,0.0657695717948207,"[0.1291666666666666, 0.1083333333333333, 0.2166666666666666, 0.0916666666666666, 0.0708333333333333, 0.1333333333333333, 0.0583333333333333, 0.1416666666666667, 0.1208333333333333, 0.1625, 0.1541666666666666, 0.2166666666666666, 0.1166666666666666, 0.1958333333333333, 0.1875, 0.1083333333333333, 0.0291666666666666, 0.0916666666666666, 0.1083333333333333, 0.0291666666666666, 0.2291666666666666, 0.1916666666666666, 0.1833333333333333, 0.2083333333333333, 0.2958333333333333]",0.12730760959557888,0.05208899863542031,"[0.1162635000616642, 0.10077736536172, 0.1867925888544445, 0.0885652567765312, 0.0671895424836601, 0.1230412479797624, 0.0559732664995822, 0.1298225851872712, 0.116399993020537, 0.1517645197024845, 0.1357871396895787, 0.1867925888544445, 0.1061766565947579, 0.1762550906083832, 0.1654630075429305, 0.1020979020979021, 0.0283400809716599, 0.0853146853146853, 0.1043526785714285, 0.0290149502526436, 0.189647934879816, 0.1708811168886672, 0.162333499537004, 0.1753472222222222, 0.2282958199356913]",0.14316666666666664,0.0657695717948207,"[0.1291666666666666, 0.1083333333333333, 0.2166666666666666, 0.0916666666666666, 0.0708333333333333, 0.1333333333333333, 0.0583333333333333, 0.1416666666666667, 0.1208333333333333, 0.1625, 0.1541666666666666, 0.2166666666666666, 0.1166666666666666, 0.1958333333333333, 0.1875, 0.1083333333333333, 0.0291666666666666, 0.0916666666666666, 0.1083333333333333, 0.0291666666666666, 0.2291666666666666, 0.1916666666666666, 0.1833333333333333, 0.2083333333333333, 0.2958333333333333]","{'densityreweightadapter__weight_estimator__bandwidth': [0.01, 0.1, 1.0, 10.0, 100.0, 'scott', 'silverman'], 'finalestimator__estimator_name': ['SVC']}"
Simulated,subspace,Disc. RW,prediction_entropy,Reweighting,0.19166666666666665,0.03382878321894056,"[0.1625, 0.15, 0.1916666666666666, 0.15, 0.1625, 0.1958333333333333, 0.1458333333333333, 0.2291666666666666, 0.2625, 0.2041666666666666, 0.1791666666666666, 0.1291666666666666, 0.175, 0.1875, 0.2041666666666666, 0.1875, 0.2, 0.1583333333333333, 0.2458333333333333, 0.2416666666666666, 0.2166666666666666, 0.1875, 0.1833333333333333, 0.225, 0.2166666666666666]",0.19166666666666665,0.03382878321894056,"[0.1625, 0.15, 0.1916666666666666, 0.15, 0.1625, 0.1958333333333333, 0.1458333333333333, 0.2291666666666666, 0.2625, 0.2041666666666666, 0.1791666666666666, 0.1291666666666666, 0.175, 0.1875, 0.2041666666666666, 0.1875, 0.2, 0.1583333333333333, 0.2458333333333333, 0.2416666666666666, 0.2166666666666666, 0.1875, 0.1833333333333333, 0.225, 0.2166666666666666]",0.16742243601222234,0.025098430384174062,"[0.1482900474937763, 0.1346153846153846, 0.1708811168886672, 0.1382709096029287, 0.1517645197024845, 0.1716590067776605, 0.1293730424165206, 0.189647934879816, 0.2216216216216216, 0.1802428512670112, 0.1544913177989592, 0.1180039035712401, 0.1514285714285714, 0.1698447893569844, 0.1751686909581646, 0.1630751622883099, 0.1794287342403305, 0.1449735449735449, 0.2040311497938617, 0.2012288786482334, 0.181125226860254, 0.1654630075429305, 0.162333499537004, 0.2005157962604771, 0.1780821917808219]",0.19166666666666665,0.033828783218940554,"[0.1625, 0.15, 0.1916666666666666, 0.15, 0.1625, 0.1958333333333333, 0.1458333333333333, 0.2291666666666666, 0.2624999999999999, 0.2041666666666666, 0.1791666666666666, 0.1291666666666666, 0.175, 0.1874999999999999, 0.2041666666666667, 0.1875, 0.1999999999999999, 0.1583333333333333, 0.2458333333333333, 0.2416666666666667, 0.2166666666666666, 0.1875, 0.1833333333333333, 0.225, 0.2166666666666666]","{'discriminatorreweightadapter__domain_classifier__estimator_name': ['LR', 'SVC', 'KNN', 'XGB'], 'finalestimator__estimator_name': ['SVC']}"
Simulated,subspace,EntOT,prediction_entropy,Mapping,0.16099999999999995,0.024232429679009675,"[0.1625, 0.1291666666666666, 0.175, 0.1625, 0.1291666666666666, 0.1708333333333333, 0.1791666666666666, 0.1666666666666666, 0.1708333333333333, 0.1916666666666666, 0.1541666666666666, 0.1083333333333333, 0.1291666666666666, 0.1333333333333333, 0.1333333333333333, 0.1541666666666666, 0.1875, 0.1875, 0.1958333333333333, 0.1791666666666666, 0.1458333333333333, 0.1958333333333333, 0.1583333333333333, 0.1791666666666666, 0.1458333333333333]",0.16099999999999995,0.024232429679009675,"[0.1625, 0.1291666666666666, 0.175, 0.1625, 0.1291666666666666, 0.1708333333333333, 0.1791666666666666, 0.1666666666666666, 0.1708333333333333, 0.1916666666666666, 0.1541666666666666, 0.1083333333333333, 0.1291666666666666, 0.1333333333333333, 0.1333333333333333, 0.1541666666666666, 0.1875, 0.1875, 0.1958333333333333, 0.1791666666666666, 0.1458333333333333, 0.1958333333333333, 0.1583333333333333, 0.1791666666666666, 0.1458333333333333]",0.16035718548632283,0.02407630341787785,"[0.1613206071037396, 0.1284252228458237, 0.175, 0.1613206071037396, 0.1290305776944314, 0.1704732957012592, 0.1780107442758045, 0.1661455076089222, 0.1708189378287817, 0.1914420672409002, 0.1540344845548783, 0.1083333333333333, 0.1291515477699265, 0.1327913279132791, 0.1332731439683311, 0.1541519818052396, 0.187147199305254, 0.1857895927208198, 0.1951486507619328, 0.1774387167487256, 0.143319809858787, 0.1954841511072514, 0.1583333333333333, 0.1774387167487256, 0.145106079824851]",0.16099999999999995,0.024232429679009668,"[0.1624999999999999, 0.1291666666666666, 0.175, 0.1624999999999999, 0.1291666666666667, 0.1708333333333333, 0.1791666666666666, 0.1666666666666666, 0.1708333333333333, 0.1916666666666667, 0.1541666666666667, 0.1083333333333333, 0.1291666666666666, 0.1333333333333333, 0.1333333333333333, 0.1541666666666666, 0.1875, 0.1874999999999999, 0.1958333333333333, 0.1791666666666666, 0.1458333333333333, 0.1958333333333333, 0.1583333333333333, 0.1791666666666666, 0.1458333333333333]","{'entropicotmappingadapter__max_iter': [1000], 'entropicotmappingadapter__metric': ['sqeuclidean', 'cosine', 'cityblock'], 'entropicotmappingadapter__norm': ['median'], 'entropicotmappingadapter__reg_e': [0.1, 0.5, 1.0], 'entropicotmappingadapter__tol': [1e-06], 'finalestimator__estimator_name': ['SVC']}"
Simulated,subspace,Gauss. RW,prediction_entropy,Reweighting,0.20633333333333329,0.03492551598282646,"[0.175, 0.1666666666666666, 0.2166666666666666, 0.175, 0.175, 0.2333333333333333, 0.1625, 0.2541666666666666, 0.2625, 0.2541666666666666, 0.1875, 0.1458333333333333, 0.1541666666666666, 0.175, 0.1833333333333333, 0.2083333333333333, 0.2375, 0.2, 0.2458333333333333, 0.2125, 0.225, 0.2208333333333333, 0.2166666666666666, 0.2583333333333333, 0.2125]",0.20633333333333329,0.03492551598282646,"[0.175, 0.1666666666666666, 0.2166666666666666, 0.175, 0.175, 0.2333333333333333, 0.1625, 0.2541666666666666, 0.2625, 0.2541666666666666, 0.1875, 0.1458333333333333, 0.1541666666666666, 0.175, 0.1833333333333333, 0.2083333333333333, 0.2375, 0.1999999999999999, 0.2458333333333333, 0.2125, 0.225, 0.2208333333333333, 0.2166666666666666, 0.2583333333333333, 0.2125]",0.17947109876657755,0.027604818273869108,"[0.1560102301790281, 0.1474850809889173, 0.1867925888544445, 0.1581036071150166, 0.1600678733031673, 0.1985480943738657, 0.1421102238978499, 0.2095821604018325, 0.2276223204058255, 0.2159296234783085, 0.1605531739340998, 0.1313405957026077, 0.1357871396895787, 0.1581036071150166, 0.162333499537004, 0.1781414461826833, 0.2070914047408424, 0.1771428571428571, 0.2101674575901379, 0.1888266957563618, 0.1927083333333333, 0.1897600693253416, 0.1867925888544445, 0.2246823956442831, 0.1810944016175913]",0.20633333333333329,0.034925515982826484,"[0.175, 0.1666666666666666, 0.2166666666666666, 0.175, 0.175, 0.2333333333333333, 0.1624999999999999, 0.2541666666666667, 0.2625, 0.2541666666666666, 0.1874999999999999, 0.1458333333333333, 0.1541666666666666, 0.175, 0.1833333333333333, 0.2083333333333333, 0.2375, 0.1999999999999999, 0.2458333333333333, 0.2125, 0.225, 0.2208333333333333, 0.2166666666666666, 0.2583333333333333, 0.2125]","{'finalestimator__estimator_name': ['SVC'], 'gaussianreweightadapter__reg': ['auto', 1e-05, 0.01, 0.5]}"
Simulated,subspace,LinOT,prediction_entropy,Mapping,0.10849999999999996,0.026117389907024693,"[0.1041666666666666, 0.0583333333333333, 0.0958333333333333, 0.1125, 0.0791666666666666, 0.1083333333333333, 0.0958333333333333, 0.1166666666666666, 0.1416666666666666, 0.1416666666666666, 0.0833333333333333, 0.075, 0.0875, 0.0916666666666666, 0.0791666666666666, 0.1166666666666666, 0.1166666666666666, 0.1583333333333333, 0.1541666666666666, 0.0916666666666666, 0.1041666666666666, 0.15, 0.125, 0.1125, 0.1125]",0.10849999999999996,0.026117389907024693,"[0.1041666666666666, 0.0583333333333333, 0.0958333333333333, 0.1125, 0.0791666666666666, 0.1083333333333333, 0.0958333333333333, 0.1166666666666666, 0.1416666666666666, 0.1416666666666666, 0.0833333333333333, 0.075, 0.0875, 0.0916666666666666, 0.0791666666666666, 0.1166666666666666, 0.1166666666666666, 0.1583333333333333, 0.1541666666666666, 0.0916666666666666, 0.1041666666666666, 0.15, 0.125, 0.1124999999999999, 0.1125]",0.10357937040965144,0.023897784370059898,"[0.0972550254553088, 0.056695652173913, 0.0931726767773502, 0.105652653125492, 0.0755555555555555, 0.10734149054505, 0.0901308548367371, 0.1116698093442279, 0.1395154553049289, 0.1407119021134594, 0.0810359231411863, 0.073391304347826, 0.0839215686274509, 0.0885652567765312, 0.0764569657502046, 0.1136506166817643, 0.1044776119402985, 0.1410955991779462, 0.1416339258972145, 0.0885652567765312, 0.10377768128528, 0.139905839364767, 0.122012403316842, 0.1090196078431372, 0.1042736240822834]",0.10849999999999996,0.02611738990702471,"[0.1041666666666666, 0.0583333333333333, 0.0958333333333333, 0.1124999999999999, 0.0791666666666666, 0.1083333333333333, 0.0958333333333333, 0.1166666666666666, 0.1416666666666666, 0.1416666666666667, 0.0833333333333333, 0.075, 0.0875, 0.0916666666666666, 0.0791666666666666, 0.1166666666666667, 0.1166666666666666, 0.1583333333333333, 0.1541666666666667, 0.0916666666666666, 0.1041666666666666, 0.15, 0.125, 0.1125, 0.1125]","{'finalestimator__estimator_name': ['SVC'], 'linearotmappingadapter__bias': [True, False], 'linearotmappingadapter__reg': [1e-08, 1e-06, 0.1, 1, 10]}"
Simulated,subspace,NN RW,prediction_entropy,Reweighting,0.1503333333333333,0.03958187131802938,"[0.1333333333333333, 0.1166666666666666, 0.1958333333333333, 0.0875, 0.0833333333333333, 0.1375, 0.1333333333333333, 0.1291666666666666, 0.125, 0.1708333333333333, 0.1416666666666666, 0.1041666666666666, 0.1166666666666666, 0.1375, 0.1416666666666666, 0.2041666666666666, 0.1666666666666666, 0.1458333333333333, 0.1333333333333333, 0.1625, 0.225, 0.2041666666666666, 0.1708333333333333, 0.2375, 0.1541666666666666]",0.1503333333333333,0.039581871318029385,"[0.1333333333333333, 0.1166666666666666, 0.1958333333333333, 0.0875, 0.0833333333333333, 0.1375, 0.1333333333333333, 0.1291666666666666, 0.125, 0.1708333333333333, 0.1416666666666667, 0.1041666666666666, 0.1166666666666666, 0.1375, 0.1416666666666666, 0.2041666666666666, 0.1666666666666666, 0.1458333333333333, 0.1333333333333333, 0.1625, 0.225, 0.2041666666666666, 0.1708333333333333, 0.2375, 0.1541666666666666]",0.1372539245133175,0.03273983473410113,"[0.1259892149310175, 0.1091813152181525, 0.1691628849706731, 0.0848148212637774, 0.0817391304347826, 0.1264440576040512, 0.1195767195767195, 0.1162635000616642, 0.1200502828409805, 0.15485480702872, 0.126131221719457, 0.0972550254553088, 0.1061766565947579, 0.1280386134269416, 0.128042328042328, 0.1802428512670112, 0.1596050143567476, 0.1348842116368623, 0.1259892149310175, 0.1500907345090646, 0.1927083333333333, 0.1802428512670112, 0.1567647733893607, 0.2122114401535398, 0.1448881088196577]",0.1503333333333333,0.03958187131802938,"[0.1333333333333333, 0.1166666666666666, 0.1958333333333333, 0.0875, 0.0833333333333333, 0.1375, 0.1333333333333333, 0.1291666666666666, 0.125, 0.1708333333333333, 0.1416666666666666, 0.1041666666666667, 0.1166666666666666, 0.1374999999999999, 0.1416666666666667, 0.2041666666666666, 0.1666666666666666, 0.1458333333333333, 0.1333333333333333, 0.1624999999999999, 0.225, 0.2041666666666666, 0.1708333333333333, 0.2375, 0.1541666666666667]","{'finalestimator__estimator_name': ['SVC'], 'nearestneighborreweightadapter__laplace_smoothing': [True, False], 'nearestneighborreweightadapter__n_neighbors': [1]}"
Simulated,subspace,MapOT,prediction_entropy,Mapping,0.019833333333333304,0.010709765360365005,"[0.0125, 0.0125, 0.0125, 0.0166666666666666, 0.0166666666666666, 0.0208333333333333, 0.0125, 0.0166666666666666, 0.0291666666666666, 0.0458333333333333, 0.025, 0.0208333333333333, 0.0083333333333333, 0.05, 0.0041666666666666, 0.0083333333333333, 0.025, 0.0166666666666666, 0.0291666666666666, 0.025, 0.0125, 0.0125, 0.025, 0.0166666666666666, 0.0208333333333333]",0.0198333333333333,0.010709765360365,"[0.0125, 0.0125, 0.0125, 0.0166666666666666, 0.0166666666666666, 0.0208333333333333, 0.0125, 0.0166666666666666, 0.0291666666666666, 0.0458333333333333, 0.025, 0.0208333333333333, 0.0083333333333333, 0.05, 0.0041666666666666, 0.0083333333333333, 0.0249999999999999, 0.0166666666666666, 0.0291666666666666, 0.025, 0.0125, 0.0125, 0.025, 0.0166666666666666, 0.0208333333333333]",0.019740310389343006,0.01068716810519147,"[0.012482855605132, 0.012482855605132, 0.012482855605132, 0.0165983748871449, 0.0165983748871449, 0.020816333616903, 0.012482855605132, 0.0165983748871449, 0.0287451150673035, 0.0456842214929416, 0.0249322869643725, 0.0206803146324946, 0.0082644628099173, 0.05, 0.0041493775933609, 0.0082644628099173, 0.0247290914142817, 0.0165983748871449, 0.0291498116286741, 0.0249322869643725, 0.0123456790123456, 0.012482855605132, 0.025, 0.0165983748871449, 0.0204081632653061]",0.019833333333333293,0.010709765360365003,"[0.0125, 0.0125, 0.0125, 0.0166666666666666, 0.0166666666666666, 0.0208333333333333, 0.0124999999999999, 0.0166666666666666, 0.0291666666666666, 0.0458333333333333, 0.025, 0.0208333333333333, 0.0083333333333333, 0.05, 0.0041666666666666, 0.0083333333333333, 0.0249999999999999, 0.0166666666666666, 0.0291666666666666, 0.0249999999999999, 0.0125, 0.0125, 0.025, 0.0166666666666666, 0.0208333333333333]","{'finalestimator__estimator_name': ['SVC'], 'otmappingadapter__max_iter': [1000000], 'otmappingadapter__metric': ['sqeuclidean', 'cosine', 'cityblock'], 'otmappingadapter__norm': ['median']}"
Simulated,subspace,SA,prediction_entropy,Subspace,0.11349999999999996,0.05899034760968197,"[0.0333333333333333, 0.0583333333333333, 0.0958333333333333, 0.0458333333333333, 0.0791666666666666, 0.2333333333333333, 0.2125, 0.2291666666666666, 0.1875, 0.1333333333333333, 0.0791666666666666, 0.0708333333333333, 0.0833333333333333, 0.1, 0.0791666666666666, 0.1166666666666666, 0.1166666666666666, 0.1583333333333333, 0.1541666666666666, 0.0916666666666666, 0.025, 0.1541666666666666, 0.1458333333333333, 0.0458333333333333, 0.1083333333333333]",0.11349999999999996,0.05899034760968197,"[0.0333333333333333, 0.0583333333333333, 0.0958333333333333, 0.0458333333333333, 0.0791666666666666, 0.2333333333333333, 0.2125, 0.2291666666666666, 0.1875, 0.1333333333333333, 0.0791666666666666, 0.0708333333333333, 0.0833333333333333, 0.0999999999999999, 0.0791666666666666, 0.1166666666666666, 0.1166666666666666, 0.1583333333333333, 0.1541666666666666, 0.0916666666666666, 0.025, 0.1541666666666666, 0.1458333333333333, 0.0458333333333333, 0.1083333333333333]",0.10859408297914543,0.05656002119513993,"[0.032258064516129, 0.056695652173913, 0.0931726767773502, 0.0450209379506872, 0.0755555555555555, 0.2268366132082078, 0.2064241851676901, 0.2232194405080565, 0.1785870996050899, 0.1327913279132791, 0.0764569657502046, 0.0688773291115016, 0.0792410714285714, 0.0969270434116089, 0.0764569657502046, 0.1136506166817643, 0.1061766565947579, 0.1410955991779462, 0.1416339258972145, 0.0885652567765312, 0.024390243902439, 0.1433243656696734, 0.1424836601307189, 0.0456842214929416, 0.0993265993265993]",0.11349999999999998,0.05899034760968198,"[0.0333333333333333, 0.0583333333333333, 0.0958333333333333, 0.0458333333333333, 0.0791666666666666, 0.2333333333333333, 0.2125, 0.2291666666666666, 0.1875, 0.1333333333333333, 0.0791666666666666, 0.0708333333333333, 0.0833333333333333, 0.1, 0.0791666666666666, 0.1166666666666667, 0.1166666666666666, 0.1583333333333333, 0.1541666666666667, 0.0916666666666666, 0.025, 0.1541666666666667, 0.1458333333333333, 0.0458333333333333, 0.1083333333333333]","{'finalestimator__estimator_name': ['SVC'], 'subspacealignmentadapter__n_components': [1, 2, 5, 10, 20, 50, 100]}"
Simulated,subspace,TCA,prediction_entropy,Subspace,0.5508333333333333,0.2125204238551099,"[0.4875, 0.4708333333333333, 0.4083333333333333, 0.2041666666666666, 0.7875, 0.4333333333333333, 0.4875, 0.25, 0.7875, 0.9208333333333332, 0.4083333333333333, 0.7041666666666667, 0.425, 0.7583333333333333, 0.9791666666666666, 0.4541666666666666, 0.4708333333333333, 0.6375, 0.4666666666666667, 0.7, 0.475, 0.5, 0.1916666666666666, 0.5, 0.8625]",0.5508333333333333,0.2125204238551099,"[0.4875, 0.4708333333333333, 0.4083333333333333, 0.2041666666666666, 0.7875, 0.4333333333333333, 0.4875, 0.25, 0.7875, 0.9208333333333334, 0.4083333333333333, 0.7041666666666666, 0.425, 0.7583333333333333, 0.9791666666666669, 0.4541666666666666, 0.4708333333333333, 0.6375, 0.4666666666666667, 0.7, 0.475, 0.5, 0.1916666666666666, 0.5, 0.8625]",0.5394430701683303,0.21850839005064782,"[0.4057851406026691, 0.4532833491775932, 0.3498168498168497, 0.19396528986654, 0.7797570850202429, 0.4285314097625884, 0.4864211277162094, 0.238095238095238, 0.7838944896625999, 0.9206666782651056, 0.4079633104023347, 0.6952735206280513, 0.4224330357142857, 0.7572544642857143, 0.9791634109496276, 0.454157190228997, 0.4606359823751128, 0.6341399309631861, 0.4666296270574345, 0.6983029541169077, 0.4549780116790426, 0.4842037395228884, 0.175111615052087, 0.4957630086140486, 0.8598502946329032]",0.5508333333333333,0.21252042385510989,"[0.4875, 0.4708333333333334, 0.4083333333333333, 0.2041666666666666, 0.7875, 0.4333333333333333, 0.4875, 0.25, 0.7874999999999999, 0.9208333333333332, 0.4083333333333333, 0.7041666666666666, 0.425, 0.7583333333333333, 0.9791666666666669, 0.4541666666666667, 0.4708333333333333, 0.6375, 0.4666666666666666, 0.7000000000000001, 0.475, 0.5, 0.1916666666666666, 0.5, 0.8625]","{'finalestimator__estimator_name': ['SVC'], 'transfercomponentanalysisadapter__kernel': ['rbf'], 'transfercomponentanalysisadapter__mu': [10, 100], 'transfercomponentanalysisadapter__n_components': [1, 2, 5, 10, 20, 50, 100]}"
Simulated,subspace,TSL,prediction_entropy,Subspace,0.18966666666666665,0.03270059179439576,"[0.1666666666666666, 0.1583333333333333, 0.2125, 0.15, 0.1791666666666666, 0.2083333333333333, 0.1583333333333333, 0.2375, 0.2416666666666666, 0.2333333333333333, 0.1833333333333333, 0.1416666666666666, 0.1416666666666666, 0.15, 0.175, 0.2, 0.2166666666666666, 0.1583333333333333, 0.2083333333333333, 0.1875, 0.1875, 0.2041666666666666, 0.2125, 0.2541666666666666, 0.175]",0.18966666666666665,0.03270059179439575,"[0.1666666666666666, 0.1583333333333333, 0.2125, 0.15, 0.1791666666666666, 0.2083333333333333, 0.1583333333333333, 0.2375, 0.2416666666666666, 0.2333333333333333, 0.1833333333333333, 0.1416666666666666, 0.1416666666666667, 0.15, 0.175, 0.2, 0.2166666666666666, 0.1583333333333333, 0.2083333333333333, 0.1875, 0.1875, 0.2041666666666667, 0.2125, 0.2541666666666666, 0.175]",0.16730773004612762,0.0261212594575898,"[0.1515837104072398, 0.1410955991779462, 0.1838056680161943, 0.1382709096029287, 0.165239499284945, 0.1807990801954584, 0.1389599317988065, 0.1984084977459801, 0.2127460168697282, 0.2013888888888889, 0.1575327745540511, 0.128042328042328, 0.126131221719457, 0.1382709096029287, 0.1560102301790281, 0.1721759126185685, 0.1919191919191919, 0.1467192340185863, 0.1833225875779067, 0.1677188739307499, 0.1654630075429305, 0.1777725960072465, 0.1838056680161943, 0.2217250312505661, 0.1537858821853408]",0.18966666666666665,0.03270059179439576,"[0.1666666666666666, 0.1583333333333333, 0.2125, 0.15, 0.1791666666666667, 0.2083333333333333, 0.1583333333333333, 0.2375, 0.2416666666666667, 0.2333333333333333, 0.1833333333333333, 0.1416666666666667, 0.1416666666666666, 0.15, 0.175, 0.2, 0.2166666666666666, 0.1583333333333333, 0.2083333333333333, 0.1875, 0.1875, 0.2041666666666667, 0.2125, 0.2541666666666666, 0.175]","{'finalestimator__estimator_name': ['SVC'], 'transfersubspacelearningadapter__base_method': ['flda'], 'transfersubspacelearningadapter__length_scale': [2], 'transfersubspacelearningadapter__max_iter': [300], 'transfersubspacelearningadapter__mu': [0.1, 1, 10], 'transfersubspacelearningadapter__n_components': [1, 2, 5, 10, 20, 50, 100], 'transfersubspacelearningadapter__reg': [0.0001], 'transfersubspacelearningadapter__tol': [0.0001]}"
Simulated,target_shift,CORAL,prediction_entropy,Mapping,0.8384999999999999,0.03996580569687041,"[0.8, 0.85625, 0.85, 0.8375, 0.8375, 0.80625, 0.90625, 0.8, 0.79375, 0.80625, 0.8375, 0.8625, 0.81875, 0.81875, 0.7625, 0.825, 0.8, 0.85, 0.825, 0.83125, 0.9, 0.875, 0.91875, 0.9125, 0.83125]",0.8713888888888889,0.042896116828819955,"[0.8055555555555556, 0.8090277777777778, 0.8888888888888888, 0.7986111111111112, 0.8541666666666667, 0.8368055555555556, 0.9479166666666669, 0.8611111111111112, 0.8854166666666667, 0.8368055555555556, 0.9097222222222222, 0.8958333333333333, 0.8993055555555556, 0.8993055555555556, 0.8402777777777778, 0.875, 0.8611111111111112, 0.9166666666666669, 0.8194444444444444, 0.90625, 0.9166666666666669, 0.875, 0.8715277777777778, 0.9513888888888888, 0.8229166666666667]",0.8653631958017464,0.030390181012137182,"[0.8349039220847592, 0.8752396539630581, 0.8743525480367585, 0.8613333333333333, 0.8638819270398217, 0.8405610753945062, 0.9186345569324292, 0.8367591897974493, 0.8327601809954752, 0.8405610753945062, 0.8658594366938667, 0.8838117106773822, 0.8516868156212419, 0.8516868156212419, 0.8084033613445378, 0.8555409318241644, 0.8367591897974493, 0.8753246753246753, 0.853411306042885, 0.8611338398597311, 0.9126626467788004, 0.8921568627450981, 0.92502965599051, 0.9235798159314502, 0.8580453678185288]",0.8713888888888889,0.042896116828819976,"[0.8055555555555557, 0.8090277777777778, 0.8888888888888888, 0.798611111111111, 0.8541666666666666, 0.8368055555555556, 0.9479166666666669, 0.8611111111111112, 0.8854166666666667, 0.8368055555555556, 0.9097222222222222, 0.8958333333333333, 0.8993055555555556, 0.8993055555555556, 0.8402777777777777, 0.875, 0.8611111111111112, 0.9166666666666669, 0.8194444444444443, 0.90625, 0.9166666666666669, 0.875, 0.8715277777777778, 0.951388888888889, 0.8229166666666667]","{'coraladapter__reg': ['auto'], 'finalestimator__estimator_name': ['SVC']}"
Simulated,target_shift,DASVM,prediction_entropy,Other,0.8590000000000001,0.029705586595790392,"[0.8375, 0.85625, 0.875, 0.8625, 0.84375, 0.85625, 0.88125, 0.8375, 0.8625, 0.83125, 0.8625, 0.84375, 0.8625, 0.84375, 0.79375, 0.80625, 0.83125, 0.8625, 0.8625, 0.8625, 0.91875, 0.89375, 0.91875, 0.9, 0.86875]",0.8772222222222222,0.03723381608410806,"[0.8541666666666667, 0.8090277777777778, 0.9027777777777778, 0.8402777777777778, 0.8576388888888888, 0.8645833333333333, 0.9340277777777778, 0.8541666666666667, 0.8680555555555556, 0.8229166666666667, 0.9236111111111112, 0.8854166666666667, 0.9236111111111112, 0.9131944444444444, 0.8576388888888888, 0.8368055555555556, 0.8784722222222222, 0.9236111111111112, 0.8125, 0.8680555555555556, 0.9270833333333331, 0.8854166666666667, 0.8993055555555556, 0.9166666666666669, 0.8715277777777778]",0.8805909116769525,0.022784424433537318,"[0.8638819270398217, 0.8752396539630581, 0.8933333333333333, 0.8813725490196077, 0.868560525757897, 0.8779502879218601, 0.8991763248050149, 0.8638819270398217, 0.8826666666666666, 0.8580453678185288, 0.8848231690336952, 0.869639794168096, 0.8848231690336952, 0.8705890200787139, 0.8320548452844173, 0.8405610753945062, 0.8602361416850111, 0.8848231690336952, 0.8799111393208505, 0.8826666666666666, 0.9275291747124506, 0.9065858585858584, 0.9263571990558616, 0.9126626467788004, 0.8874011597258831]",0.8772222222222222,0.037233816084108064,"[0.8541666666666666, 0.8090277777777778, 0.9027777777777778, 0.8402777777777778, 0.8576388888888888, 0.8645833333333334, 0.9340277777777778, 0.8541666666666666, 0.8680555555555556, 0.8229166666666667, 0.9236111111111112, 0.8854166666666667, 0.9236111111111112, 0.9131944444444444, 0.8576388888888888, 0.8368055555555556, 0.8784722222222222, 0.9236111111111112, 0.8125, 0.8680555555555556, 0.9270833333333331, 0.8854166666666666, 0.8993055555555556, 0.9166666666666669, 0.8715277777777778]","{'dasvmclassifier__base_estimator__estimator_name': ['SVC'], 'dasvmclassifier__max_iter': [200]}"
Simulated,target_shift,JDOT,prediction_entropy,Other,0.574,0.036518402894978826,"[0.60625, 0.6625, 0.5875, 0.525, 0.6375, 0.54375, 0.58125, 0.58125, 0.49375, 0.575, 0.5875, 0.625, 0.5625, 0.59375, 0.51875, 0.56875, 0.5375, 0.5625, 0.56875, 0.55625, 0.58125, 0.55, 0.58125, 0.575, 0.5875]",0.7633333333333333,0.020288001608321587,"[0.78125, 0.8125, 0.7708333333333333, 0.7361111111111112, 0.7986111111111112, 0.7465277777777778, 0.7673611111111112, 0.7673611111111112, 0.71875, 0.7638888888888888, 0.7708333333333333, 0.7916666666666667, 0.7569444444444444, 0.7743055555555556, 0.7326388888888888, 0.7604166666666667, 0.7430555555555556, 0.7569444444444444, 0.7604166666666667, 0.7534722222222222, 0.7673611111111112, 0.75, 0.7673611111111112, 0.7638888888888888, 0.7708333333333333]",0.6522191354616913,0.033173897676018416,"[0.6816842105263158, 0.7295169946332737, 0.6650854936569223, 0.6069881201956674, 0.7085990338164251, 0.6248947951273534, 0.6594725535902006, 0.6594725535902006, 0.5761446710273181, 0.6538181818181819, 0.6650854936569223, 0.6979405034324941, 0.6423817233315344, 0.6706578521566271, 0.6009217792077917, 0.6481215244812153, 0.6189737259742549, 0.6423817233315344, 0.6481215244812153, 0.6365979150820993, 0.6594725535902006, 0.6307692307692307, 0.6594725535902006, 0.6538181818181819, 0.6650854936569223]",0.7633333333333333,0.020288001608321574,"[0.78125, 0.8125, 0.7708333333333334, 0.7361111111111112, 0.7986111111111112, 0.7465277777777778, 0.7673611111111112, 0.7673611111111112, 0.71875, 0.7638888888888888, 0.7708333333333334, 0.7916666666666666, 0.7569444444444444, 0.7743055555555556, 0.7326388888888888, 0.7604166666666666, 0.7430555555555556, 0.7569444444444444, 0.7604166666666666, 0.7534722222222222, 0.7673611111111112, 0.75, 0.7673611111111112, 0.7638888888888888, 0.7708333333333334]","{'jdotclassifier__alpha': [0.1, 0.3, 0.5, 0.7, 0.9], 'jdotclassifier__base_estimator__estimator_name': ['SVC'], 'jdotclassifier__n_iter_max': [100], 'jdotclassifier__thr_weights': [1e-07], 'jdotclassifier__tol': [1e-06]}"
Simulated,target_shift,KLIEP,prediction_entropy,Reweighting,0.85075,0.041431104961530255,"[0.79375, 0.85625, 0.8875, 0.85625, 0.8375, 0.85, 0.90625, 0.825, 0.8375, 0.8375, 0.85, 0.85625, 0.8375, 0.81875, 0.75, 0.84375, 0.7875, 0.84375, 0.8625, 0.83125, 0.9125, 0.90625, 0.9375, 0.89375, 0.85]",0.8804166666666667,0.03637667221418974,"[0.8298611111111112, 0.8090277777777778, 0.9097222222222222, 0.8368055555555556, 0.8819444444444444, 0.8888888888888888, 0.9479166666666669, 0.875, 0.8819444444444444, 0.8819444444444444, 0.9166666666666669, 0.8923611111111112, 0.9097222222222222, 0.8993055555555556, 0.8333333333333333, 0.8576388888888888, 0.8541666666666667, 0.9131944444444444, 0.8402777777777778, 0.8784722222222222, 0.9236111111111112, 0.8923611111111112, 0.8819444444444444, 0.9409722222222222, 0.8333333333333333]",0.8747446875434954,0.03144929810036071,"[0.8312298246724475, 0.8752396539630581, 0.9029411764705882, 0.8766774606521576, 0.864935064935065, 0.8743525480367585, 0.9186345569324292, 0.8555409318241644, 0.864935064935065, 0.864935064935065, 0.8753246753246753, 0.8790756836972651, 0.8658594366938667, 0.8516868156212419, 0.7988571428571428, 0.868560525757897, 0.82734375, 0.8705890200787139, 0.8813725490196077, 0.8602361416850111, 0.9225296442687746, 0.9163798169759044, 0.9405320813771516, 0.908848557873334, 0.8719999999999999]",0.8804166666666667,0.03637667221418973,"[0.8298611111111112, 0.8090277777777778, 0.9097222222222222, 0.8368055555555557, 0.8819444444444444, 0.8888888888888888, 0.9479166666666669, 0.875, 0.8819444444444444, 0.8819444444444444, 0.9166666666666669, 0.8923611111111112, 0.9097222222222222, 0.8993055555555556, 0.8333333333333334, 0.8576388888888888, 0.8541666666666667, 0.9131944444444444, 0.8402777777777778, 0.8784722222222222, 0.9236111111111112, 0.8923611111111112, 0.8819444444444443, 0.9409722222222222, 0.8333333333333333]","{'finalestimator__estimator_name': ['SVC'], 'kliepreweightadapter__cv': [5], 'kliepreweightadapter__gamma': [0.0001, 0.001, 0.01, 0.1, 1.0, 10.0, 100.0, 1000.0, 'auto', 'scale'], 'kliepreweightadapter__max_iter': [1000], 'kliepreweightadapter__n_centers': [100], 'kliepreweightadapter__random_state': [0], 'kliepreweightadapter__tol': [1e-06]}"
Simulated,target_shift,KMM,prediction_entropy,Reweighting,0.85725,0.04264527865622016,"[0.80625, 0.875, 0.88125, 0.85625, 0.875, 0.84375, 0.90625, 0.7625, 0.875, 0.83125, 0.8625, 0.85, 0.83125, 0.89375, 0.775, 0.85, 0.825, 0.7875, 0.8625, 0.9125, 0.90625, 0.8875, 0.93125, 0.88125, 0.8625]",0.8773611111111111,0.041639169167391174,"[0.8368055555555556, 0.8194444444444444, 0.90625, 0.8368055555555556, 0.9305555555555556, 0.8576388888888888, 0.9479166666666669, 0.8680555555555556, 0.9027777777777778, 0.8506944444444444, 0.8958333333333333, 0.8888888888888888, 0.90625, 0.9409722222222222, 0.8472222222222222, 0.8611111111111112, 0.875, 0.8819444444444444, 0.8125, 0.7847222222222222, 0.9201388888888888, 0.8819444444444444, 0.8784722222222222, 0.9340277777777778, 0.8680555555555556]",0.8792677973797783,0.03190162477133767,"[0.8405610753945062, 0.8893280632411067, 0.8981248587996082, 0.8766774606521576, 0.894374282433984, 0.868560525757897, 0.9186345569324292, 0.8089142857142857, 0.8933333333333333, 0.8592109777015438, 0.8838117106773822, 0.8743525480367585, 0.8611338398597311, 0.908848557873334, 0.8178954903364353, 0.8732491389207807, 0.8555409318241644, 0.8280124075399666, 0.8799111393208505, 0.9147675853558208, 0.9175757575757576, 0.9017454776261504, 0.9352879381147932, 0.8991763248050149, 0.8826666666666666]",0.8773611111111111,0.041639169167391174,"[0.8368055555555556, 0.8194444444444443, 0.90625, 0.8368055555555557, 0.9305555555555556, 0.8576388888888888, 0.9479166666666669, 0.8680555555555556, 0.9027777777777778, 0.8506944444444444, 0.8958333333333333, 0.8888888888888888, 0.90625, 0.9409722222222222, 0.8472222222222222, 0.8611111111111112, 0.875, 0.8819444444444444, 0.8125, 0.7847222222222222, 0.9201388888888888, 0.8819444444444444, 0.8784722222222222, 0.9340277777777778, 0.8680555555555556]","{'finalestimator__estimator_name': ['SVC'], 'kmmreweightadapter__B': [1000.0], 'kmmreweightadapter__gamma': [0.0001, 0.001, 0.01, 0.1, 1.0, 10.0, 100.0, 1000.0, None], 'kmmreweightadapter__max_iter': [1000], 'kmmreweightadapter__smooth_weights': [False], 'kmmreweightadapter__tol': [1e-06]}"
Simulated,target_shift,MMD-LS,prediction_entropy,Mapping,0.6835,0.10301256496984565,"[0.76875, 0.6875, 0.64375, 0.6875, 0.6625, 0.575, 0.625, 0.6125, 0.5125, 0.75625, 0.66875, 0.64375, 0.60625, 0.625, 0.69375, 0.83125, 0.55, 0.58125, 0.6125, 0.5875, 0.88125, 0.8, 0.85, 0.7875, 0.8375]",0.8141666666666667,0.047673244414710145,"[0.8159722222222222, 0.8263888888888888, 0.8020833333333333, 0.8263888888888888, 0.8125, 0.7638888888888888, 0.7916666666666667, 0.7847222222222222, 0.7291666666666666, 0.8645833333333333, 0.8159722222222222, 0.8020833333333333, 0.78125, 0.7916666666666667, 0.8020833333333333, 0.90625, 0.75, 0.7673611111111112, 0.7847222222222222, 0.7708333333333333, 0.90625, 0.8611111111111112, 0.8888888888888888, 0.8819444444444444, 0.8263888888888888]",0.7432113833876186,0.08316256785326703,"[0.8124886877828054, 0.7499487599918016, 0.7138771341018532, 0.7499487599918016, 0.7295169946332737, 0.6538181818181819, 0.6979405034324941, 0.6871398983242327, 0.5948051948051948, 0.8041065671135245, 0.7346683354192741, 0.7138771341018532, 0.6816842105263158, 0.6979405034324941, 0.7549871316770839, 0.8611338398597311, 0.6307692307692307, 0.6594725535902006, 0.6871398983242327, 0.6650854936569223, 0.8981248587996082, 0.8367591897974493, 0.8743525480367585, 0.8280124075399666, 0.8626865671641791]",0.8141666666666667,0.047673244414710145,"[0.8159722222222222, 0.8263888888888888, 0.8020833333333334, 0.8263888888888888, 0.8125, 0.7638888888888888, 0.7916666666666666, 0.7847222222222222, 0.7291666666666667, 0.8645833333333334, 0.8159722222222222, 0.8020833333333334, 0.78125, 0.7916666666666666, 0.8020833333333334, 0.90625, 0.75, 0.7673611111111112, 0.7847222222222222, 0.7708333333333334, 0.90625, 0.8611111111111112, 0.8888888888888888, 0.8819444444444444, 0.826388888888889]","{'finalestimator__estimator_name': ['SVC'], 'mmdlsconsmappingadapter__gamma': [0.1, 1, 10], 'mmdlsconsmappingadapter__max_iter': [100], 'mmdlsconsmappingadapter__reg_k': [1e-10, 1e-08], 'mmdlsconsmappingadapter__reg_m': [1e-10, 1e-08], 'mmdlsconsmappingadapter__tol': [1e-05]}"
Simulated,target_shift,Train Src,prediction_entropy,NO DA,0.8504999999999999,0.04062179474534988,"[0.79375, 0.85625, 0.88125, 0.85625, 0.8375, 0.85, 0.90625, 0.825, 0.84375, 0.8375, 0.85, 0.85625, 0.8375, 0.81875, 0.75, 0.84375, 0.7875, 0.84375, 0.8625, 0.83125, 0.9125, 0.90625, 0.93125, 0.89375, 0.85]",0.8813888888888889,0.036865015736983836,"[0.8298611111111112, 0.8090277777777778, 0.90625, 0.8368055555555556, 0.8819444444444444, 0.8888888888888888, 0.9479166666666669, 0.875, 0.9131944444444444, 0.8819444444444444, 0.9166666666666669, 0.8923611111111112, 0.9097222222222222, 0.8993055555555556, 0.8333333333333333, 0.8576388888888888, 0.8541666666666667, 0.9131944444444444, 0.8402777777777778, 0.8784722222222222, 0.9236111111111112, 0.8923611111111112, 0.8784722222222222, 0.9409722222222222, 0.8333333333333333]",0.8745684273119078,0.030786062208421606,"[0.8312298246724475, 0.8752396539630581, 0.8981248587996082, 0.8766774606521576, 0.864935064935065, 0.8743525480367585, 0.9186345569324292, 0.8555409318241644, 0.8705890200787139, 0.864935064935065, 0.8753246753246753, 0.8790756836972651, 0.8658594366938667, 0.8516868156212419, 0.7988571428571428, 0.868560525757897, 0.82734375, 0.8705890200787139, 0.8813725490196077, 0.8602361416850111, 0.9225296442687746, 0.9163798169759044, 0.9352879381147932, 0.908848557873334, 0.8719999999999999]",0.8813888888888889,0.03686501573698383,"[0.8298611111111112, 0.8090277777777778, 0.90625, 0.8368055555555557, 0.8819444444444444, 0.8888888888888888, 0.9479166666666669, 0.875, 0.9131944444444444, 0.8819444444444444, 0.9166666666666669, 0.8923611111111112, 0.9097222222222222, 0.8993055555555556, 0.8333333333333334, 0.8576388888888888, 0.8541666666666667, 0.9131944444444444, 0.8402777777777778, 0.8784722222222222, 0.9236111111111112, 0.8923611111111112, 0.8784722222222222, 0.9409722222222222, 0.8333333333333333]",{'finalestimator__estimator_name': ['SVC']}
Simulated,target_shift,NO_DA_SOURCE_ONLY_BASE_ESTIM,prediction_entropy,Unknown,,,"[NaN, NaN, NaN, NaN, NaN, NaN, NaN, NaN, NaN, NaN, NaN, NaN, NaN, NaN, NaN, NaN, NaN, NaN, NaN, NaN, NaN, NaN, NaN, NaN, NaN]",,,"[NaN, NaN, NaN, NaN, NaN, NaN, NaN, NaN, NaN, NaN, NaN, NaN, NaN, NaN, NaN, NaN, NaN, NaN, NaN, NaN, NaN, NaN, NaN, NaN, NaN]",,,"[NaN, NaN, NaN, NaN, NaN, NaN, NaN, NaN, NaN, NaN, NaN, NaN, NaN, NaN, NaN, NaN, NaN, NaN, NaN, NaN, NaN, NaN, NaN, NaN, NaN]",,,"[NaN, NaN, NaN, NaN, NaN, NaN, NaN, NaN, NaN, NaN, NaN, NaN, NaN, NaN, NaN, NaN, NaN, NaN, NaN, NaN, NaN, NaN, NaN, NaN, NaN]",{'finalestimator__estimator_name': ['SVC']}
Simulated,target_shift,Train Tgt,prediction_entropy,NO DA,0.9315000000000001,0.016583123951777006,"[0.91875, 0.91875, 0.925, 0.9375, 0.95625, 0.9375, 0.94375, 0.925, 0.93125, 0.90625, 0.9625, 0.9375, 0.94375, 0.9625, 0.94375, 0.93125, 0.9, 0.9125, 0.9375, 0.90625, 0.9375, 0.9375, 0.93125, 0.93125, 0.9125]",0.7319444444444444,0.08211885081049426,"[0.7326388888888888, 0.6493055555555556, 0.6805555555555556, 0.7430555555555556, 0.8368055555555556, 0.7152777777777778, 0.71875, 0.6805555555555556, 0.6840277777777778, 0.6423611111111112, 0.8680555555555556, 0.7152777777777778, 0.8298611111111112, 0.8958333333333333, 0.8298611111111112, 0.6840277777777778, 0.6111111111111112, 0.7013888888888888, 0.7152777777777778, 0.5868055555555556, 0.7152777777777778, 0.8263888888888888, 0.65625, 0.8229166666666667, 0.7569444444444444]",0.9235935322172351,0.02071882319439593,"[0.9149662282260932, 0.9040843214756258, 0.9135135135135136, 0.9309262166405023, 0.9542125844294348, 0.927927927927928, 0.933596837944664, 0.9135135135135136, 0.9188405797101448, 0.8942372881355933, 0.9613793103448276, 0.927927927927928, 0.9429400602745842, 0.9625, 0.9429400602745842, 0.9188405797101448, 0.8846846846846848, 0.9068493150684932, 0.927927927927928, 0.8834209268991879, 0.927927927927928, 0.9375, 0.914508679726071, 0.9321718931475028, 0.9125]",0.7319444444444444,0.08211885081049426,"[0.732638888888889, 0.6493055555555556, 0.6805555555555556, 0.7430555555555556, 0.8368055555555556, 0.7152777777777778, 0.71875, 0.6805555555555556, 0.6840277777777778, 0.6423611111111112, 0.8680555555555557, 0.7152777777777778, 0.8298611111111112, 0.8958333333333333, 0.8298611111111112, 0.6840277777777778, 0.611111111111111, 0.701388888888889, 0.7152777777777778, 0.5868055555555556, 0.7152777777777778, 0.8263888888888888, 0.65625, 0.8229166666666666, 0.7569444444444444]",{'finalestimator__estimator_name': ['SVC']}
Simulated,target_shift,OTLabelProp,prediction_entropy,Other,0.6525,0.07228145941387737,"[0.65625, 0.675, 0.675, 0.625, 0.6375, 0.625, 0.675, 0.625, 0.60625, 0.6, 0.5875, 0.83125, 0.75625, 0.7625, 0.51875, 0.59375, 0.6875, 0.575, 0.56875, 0.71875, 0.64375, 0.775, 0.60625, 0.6375, 0.65]",0.7991666666666667,0.03603814298053655,"[0.8090277777777778, 0.8194444444444444, 0.8194444444444444, 0.7916666666666667, 0.7986111111111112, 0.7916666666666667, 0.8194444444444444, 0.7916666666666667, 0.78125, 0.7777777777777778, 0.7708333333333333, 0.8784722222222222, 0.8645833333333333, 0.8680555555555556, 0.7326388888888888, 0.7465277777777778, 0.7986111111111112, 0.7638888888888888, 0.7604166666666667, 0.8159722222222222, 0.8020833333333333, 0.8194444444444444, 0.7534722222222222, 0.7986111111111112, 0.8055555555555556]",0.7193096800217781,0.05944332470783308,"[0.7243352572640719, 0.7397901533494753, 0.7397901533494753, 0.6979405034324941, 0.7085990338164251, 0.6979405034324941, 0.7397901533494753, 0.6979405034324941, 0.6816842105263158, 0.6761904761904762, 0.6650854936569223, 0.8602361416850111, 0.8041065671135245, 0.8089142857142857, 0.6009217792077917, 0.671578947368421, 0.75, 0.6538181818181819, 0.6481215244812153, 0.7746938775510205, 0.7138771341018532, 0.8171875, 0.6824783288333096, 0.7085990338164251, 0.7191222570532915]",0.7991666666666667,0.036038142980536564,"[0.8090277777777778, 0.8194444444444444, 0.8194444444444444, 0.7916666666666666, 0.7986111111111112, 0.7916666666666666, 0.8194444444444444, 0.7916666666666666, 0.78125, 0.7777777777777778, 0.7708333333333334, 0.8784722222222222, 0.8645833333333334, 0.8680555555555556, 0.7326388888888888, 0.7465277777777777, 0.7986111111111112, 0.7638888888888888, 0.7604166666666666, 0.8159722222222223, 0.8020833333333334, 0.8194444444444444, 0.7534722222222223, 0.7986111111111112, 0.8055555555555556]","{'finalestimator__estimator_name': ['SVC'], 'otlabelpropadapter__metric': ['sqeuclidean', 'cosine', 'cityblock'], 'otlabelpropadapter__reg': [None, 0.1, 1.0]}"
Simulated,target_shift,JPCA,prediction_entropy,Subspace,0.8504999999999999,0.04062179474534988,"[0.79375, 0.85625, 0.88125, 0.85625, 0.8375, 0.85, 0.90625, 0.825, 0.84375, 0.8375, 0.85, 0.85625, 0.8375, 0.81875, 0.75, 0.84375, 0.7875, 0.84375, 0.8625, 0.83125, 0.9125, 0.90625, 0.93125, 0.89375, 0.85]",0.8813888888888889,0.036865015736983836,"[0.8298611111111112, 0.8090277777777778, 0.90625, 0.8368055555555556, 0.8819444444444444, 0.8888888888888888, 0.9479166666666669, 0.875, 0.9131944444444444, 0.8819444444444444, 0.9166666666666669, 0.8923611111111112, 0.9097222222222222, 0.8993055555555556, 0.8333333333333333, 0.8576388888888888, 0.8541666666666667, 0.9131944444444444, 0.8402777777777778, 0.8784722222222222, 0.9236111111111112, 0.8923611111111112, 0.8784722222222222, 0.9409722222222222, 0.8333333333333333]",0.8745684273119078,0.030786062208421606,"[0.8312298246724475, 0.8752396539630581, 0.8981248587996082, 0.8766774606521576, 0.864935064935065, 0.8743525480367585, 0.9186345569324292, 0.8555409318241644, 0.8705890200787139, 0.864935064935065, 0.8753246753246753, 0.8790756836972651, 0.8658594366938667, 0.8516868156212419, 0.7988571428571428, 0.868560525757897, 0.82734375, 0.8705890200787139, 0.8813725490196077, 0.8602361416850111, 0.9225296442687746, 0.9163798169759044, 0.9352879381147932, 0.908848557873334, 0.8719999999999999]",0.8813888888888889,0.03686501573698383,"[0.8298611111111112, 0.8090277777777778, 0.90625, 0.8368055555555557, 0.8819444444444444, 0.8888888888888888, 0.9479166666666669, 0.875, 0.9131944444444444, 0.8819444444444444, 0.9166666666666669, 0.8923611111111112, 0.9097222222222222, 0.8993055555555556, 0.8333333333333334, 0.8576388888888888, 0.8541666666666667, 0.9131944444444444, 0.8402777777777778, 0.8784722222222222, 0.9236111111111112, 0.8923611111111112, 0.8784722222222222, 0.9409722222222222, 0.8333333333333333]","{'finalestimator__estimator_name': ['SVC'], 'pca__n_components': [1, 2, 5, 10, 20, 50, 100]}"
Simulated,target_shift,MMDTarS,prediction_entropy,Reweighting,0.8540000000000001,0.039605805024852926,"[0.79375, 0.85625, 0.88125, 0.8625, 0.8375, 0.84375, 0.90625, 0.83125, 0.85, 0.84375, 0.85625, 0.8625, 0.8375, 0.83125, 0.75, 0.84375, 0.8, 0.85625, 0.8625, 0.8375, 0.9125, 0.9125, 0.93125, 0.89375, 0.85625]",0.8788888888888888,0.037495177159005195,"[0.8298611111111112, 0.8090277777777778, 0.90625, 0.8402777777777778, 0.8819444444444444, 0.8576388888888888, 0.9479166666666669, 0.8506944444444444, 0.8888888888888888, 0.8576388888888888, 0.9201388888888888, 0.8958333333333333, 0.9097222222222222, 0.90625, 0.8333333333333333, 0.8576388888888888, 0.8611111111111112, 0.9201388888888888, 0.8402777777777778, 0.8819444444444444, 0.9236111111111112, 0.8958333333333333, 0.8784722222222222, 0.9409722222222222, 0.8368055555555556]",0.8770533717204912,0.03011228912185912,"[0.8312298246724475, 0.8752396539630581, 0.8981248587996082, 0.8813725490196077, 0.864935064935065, 0.868560525757897, 0.9186345569324292, 0.8592109777015438, 0.8743525480367585, 0.868560525757897, 0.8800686106346485, 0.8838117106773822, 0.8658594366938667, 0.8611338398597311, 0.7988571428571428, 0.868560525757897, 0.8367591897974493, 0.8800686106346485, 0.8813725490196077, 0.864935064935065, 0.9225296442687746, 0.9213429256594724, 0.9352879381147932, 0.908848557873334, 0.8766774606521576]",0.8788888888888888,0.03749517715900518,"[0.8298611111111112, 0.8090277777777778, 0.90625, 0.8402777777777778, 0.8819444444444444, 0.8576388888888888, 0.9479166666666669, 0.8506944444444444, 0.8888888888888888, 0.8576388888888888, 0.9201388888888888, 0.8958333333333333, 0.9097222222222222, 0.90625, 0.8333333333333334, 0.8576388888888888, 0.8611111111111112, 0.9201388888888888, 0.8402777777777778, 0.8819444444444444, 0.9236111111111112, 0.8958333333333334, 0.8784722222222222, 0.9409722222222222, 0.8368055555555557]","{'finalestimator__estimator_name': ['SVC'], 'mmdtarsreweightadapter__gamma': [0.0001, 0.001, 0.01, 0.1, 1.0, 10.0, 100.0, 1000.0, None], 'mmdtarsreweightadapter__max_iter': [1000], 'mmdtarsreweightadapter__reg': [1e-06], 'mmdtarsreweightadapter__tol': [1e-06]}"
Simulated,target_shift,ClassRegOT,prediction_entropy,Mapping,0.57225,0.057170705639630975,"[0.625, 0.68125, 0.61875, 0.55625, 0.65625, 0.55, 0.58125, 0.59375, 0.5, 0.61875, 0.45, 0.50625, 0.59375, 0.6125, 0.41875, 0.5875, 0.56875, 0.575, 0.575, 0.5625, 0.575, 0.55625, 0.58125, 0.575, 0.5875]",0.7623611111111112,0.031761503133128303,"[0.7916666666666667, 0.8229166666666667, 0.7881944444444444, 0.7534722222222222, 0.8090277777777778, 0.75, 0.7673611111111112, 0.7743055555555556, 0.7222222222222222, 0.7881944444444444, 0.6944444444444444, 0.7256944444444444, 0.7743055555555556, 0.7847222222222222, 0.6770833333333334, 0.7708333333333333, 0.7604166666666667, 0.7638888888888888, 0.7638888888888888, 0.7569444444444444, 0.7638888888888888, 0.7534722222222222, 0.7673611111111112, 0.7638888888888888, 0.7708333333333333]",0.6495071803813467,0.054135338460585256,"[0.6979405034324941, 0.7448833307915205, 0.6925583818862204, 0.6365979150820993, 0.7243352572640719, 0.6307692307692307, 0.6594725535902006, 0.6706578521566271, 0.5824175824175823, 0.6925583818862204, 0.5306666666666667, 0.5886374412690202, 0.6706578521566271, 0.6871398983242327, 0.4963692307692308, 0.6650854936569223, 0.6481215244812153, 0.6538181818181819, 0.6538181818181819, 0.6423817233315344, 0.6538181818181819, 0.6365979150820993, 0.6594725535902006, 0.6538181818181819, 0.6650854936569223]",0.7623611111111112,0.03176150313312832,"[0.7916666666666666, 0.8229166666666666, 0.7881944444444444, 0.7534722222222222, 0.8090277777777778, 0.75, 0.7673611111111112, 0.7743055555555556, 0.7222222222222222, 0.7881944444444444, 0.6944444444444444, 0.7256944444444444, 0.7743055555555556, 0.7847222222222222, 0.6770833333333333, 0.7708333333333334, 0.7604166666666666, 0.7638888888888888, 0.7638888888888888, 0.7569444444444444, 0.7638888888888888, 0.7534722222222222, 0.7673611111111112, 0.7638888888888888, 0.7708333333333334]","[{'classregularizerotmappingadapter__max_inner_iter': [1000], 'classregularizerotmappingadapter__max_iter': [10], 'classregularizerotmappingadapter__metric': ['sqeuclidean', 'cosine', 'cityblock'], 'classregularizerotmappingadapter__norm': ['lpl1'], 'classregularizerotmappingadapter__reg_cl': [0.1], 'classregularizerotmappingadapter__reg_e': [0.1], 'classregularizerotmappingadapter__tol': [1e-06], 'finalestimator__estimator_name': ['SVC']}, {'classregularizerotmappingadapter__max_inner_iter': [1000], 'classregularizerotmappingadapter__max_iter': [10], 'classregularizerotmappingadapter__metric': ['sqeuclidean', 'cosine', 'cityblock'], 'classregularizerotmappingadapter__norm': ['lpl1'], 'classregularizerotmappingadapter__reg_cl': [0.5], 'classregularizerotmappingadapter__reg_e': [0.5], 'classregularizerotmappingadapter__tol': [1e-06], 'finalestimator__estimator_name': ['SVC']}, {'classregularizerotmappingadapter__max_inner_iter': [1000], 'classregularizerotmappingadapter__max_iter': [10], 'classregularizerotmappingadapter__metric': ['sqeuclidean', 'cosine', 'cityblock'], 'classregularizerotmappingadapter__norm': ['lpl1'], 'classregularizerotmappingadapter__reg_cl': [1.0], 'classregularizerotmappingadapter__reg_e': [1.0], 'classregularizerotmappingadapter__tol': [1e-06], 'finalestimator__estimator_name': ['SVC']}]"
Simulated,target_shift,Dens. RW,prediction_entropy,Reweighting,0.8504999999999999,0.04062179474534988,"[0.79375, 0.85625, 0.88125, 0.85625, 0.8375, 0.85, 0.90625, 0.825, 0.84375, 0.8375, 0.85, 0.85625, 0.8375, 0.81875, 0.75, 0.84375, 0.7875, 0.84375, 0.8625, 0.83125, 0.9125, 0.90625, 0.93125, 0.89375, 0.85]",0.8813888888888889,0.036865015736983836,"[0.8298611111111112, 0.8090277777777778, 0.90625, 0.8368055555555556, 0.8819444444444444, 0.8888888888888888, 0.9479166666666669, 0.875, 0.9131944444444444, 0.8819444444444444, 0.9166666666666669, 0.8923611111111112, 0.9097222222222222, 0.8993055555555556, 0.8333333333333333, 0.8576388888888888, 0.8541666666666667, 0.9131944444444444, 0.8402777777777778, 0.8784722222222222, 0.9236111111111112, 0.8923611111111112, 0.8784722222222222, 0.9409722222222222, 0.8333333333333333]",0.8745684273119078,0.030786062208421606,"[0.8312298246724475, 0.8752396539630581, 0.8981248587996082, 0.8766774606521576, 0.864935064935065, 0.8743525480367585, 0.9186345569324292, 0.8555409318241644, 0.8705890200787139, 0.864935064935065, 0.8753246753246753, 0.8790756836972651, 0.8658594366938667, 0.8516868156212419, 0.7988571428571428, 0.868560525757897, 0.82734375, 0.8705890200787139, 0.8813725490196077, 0.8602361416850111, 0.9225296442687746, 0.9163798169759044, 0.9352879381147932, 0.908848557873334, 0.8719999999999999]",0.8813888888888889,0.03686501573698383,"[0.8298611111111112, 0.8090277777777778, 0.90625, 0.8368055555555557, 0.8819444444444444, 0.8888888888888888, 0.9479166666666669, 0.875, 0.9131944444444444, 0.8819444444444444, 0.9166666666666669, 0.8923611111111112, 0.9097222222222222, 0.8993055555555556, 0.8333333333333334, 0.8576388888888888, 0.8541666666666667, 0.9131944444444444, 0.8402777777777778, 0.8784722222222222, 0.9236111111111112, 0.8923611111111112, 0.8784722222222222, 0.9409722222222222, 0.8333333333333333]","{'densityreweightadapter__weight_estimator__bandwidth': [0.01, 0.1, 1.0, 10.0, 100.0, 'scott', 'silverman'], 'finalestimator__estimator_name': ['SVC']}"
Simulated,target_shift,Disc. RW,prediction_entropy,Reweighting,0.8205,0.03708625924786697,"[0.775, 0.8375, 0.8375, 0.825, 0.8125, 0.81875, 0.88125, 0.81875, 0.78125, 0.8125, 0.825, 0.8375, 0.79375, 0.775, 0.73125, 0.80625, 0.775, 0.80625, 0.81875, 0.8125, 0.8875, 0.8625, 0.875, 0.85625, 0.85]",0.8758333333333332,0.030604837151972646,"[0.8194444444444444, 0.8263888888888888, 0.8819444444444444, 0.8194444444444444, 0.8958333333333333, 0.8715277777777778, 0.9340277777777778, 0.8993055555555556, 0.8784722222222222, 0.8680555555555556, 0.9027777777777778, 0.8819444444444444, 0.8854166666666667, 0.875, 0.8506944444444444, 0.8645833333333333, 0.875, 0.8923611111111112, 0.8159722222222222, 0.8958333333333333, 0.9097222222222222, 0.8680555555555556, 0.875, 0.9201388888888888, 0.8888888888888888]",0.8521484435636331,0.027851458882623838,"[0.8171875, 0.8626865671641791, 0.864935064935065, 0.853411306042885, 0.8469617404351087, 0.8508474576271187, 0.8991763248050149, 0.8516868156212419, 0.8232552651760958, 0.8461538461538461, 0.8564102564102564, 0.864935064935065, 0.8327601809954752, 0.8184873949579832, 0.7847074829931973, 0.8414583201468447, 0.8184873949579832, 0.8422333395096041, 0.8487821612349915, 0.8469617404351087, 0.9029411764705882, 0.8826666666666666, 0.8921568627450981, 0.8800686106346485, 0.8743525480367585]",0.8758333333333332,0.030604837151972646,"[0.8194444444444444, 0.826388888888889, 0.8819444444444444, 0.8194444444444443, 0.8958333333333333, 0.8715277777777778, 0.9340277777777778, 0.8993055555555556, 0.8784722222222222, 0.8680555555555556, 0.9027777777777778, 0.8819444444444444, 0.8854166666666667, 0.875, 0.8506944444444444, 0.8645833333333333, 0.875, 0.8923611111111112, 0.8159722222222222, 0.8958333333333333, 0.9097222222222222, 0.8680555555555556, 0.875, 0.9201388888888888, 0.8888888888888888]","{'discriminatorreweightadapter__domain_classifier__estimator_name': ['LR', 'SVC', 'KNN', 'XGB'], 'finalestimator__estimator_name': ['SVC']}"
Simulated,target_shift,EntOT,prediction_entropy,Mapping,0.612,0.03639518340385164,"[0.64375, 0.70625, 0.6375, 0.58125, 0.6625, 0.58125, 0.61875, 0.60625, 0.51875, 0.625, 0.63125, 0.65625, 0.60625, 0.61875, 0.55625, 0.61875, 0.5875, 0.6125, 0.60625, 0.58125, 0.6, 0.625, 0.59375, 0.60625, 0.61875]",0.7833333333333333,0.0195649785930289,"[0.8020833333333333, 0.8368055555555556, 0.7986111111111112, 0.7673611111111112, 0.8125, 0.7673611111111112, 0.7881944444444444, 0.78125, 0.7326388888888888, 0.7916666666666667, 0.7951388888888888, 0.78125, 0.78125, 0.7881944444444444, 0.7534722222222222, 0.7881944444444444, 0.7708333333333333, 0.7847222222222222, 0.78125, 0.7673611111111112, 0.7777777777777778, 0.7916666666666667, 0.7743055555555556, 0.78125, 0.7881944444444444]",0.6861114478820841,0.0318233736156789,"[0.7138771341018532, 0.764987656914754, 0.7085990338164251, 0.6594725535902006, 0.7295169946332737, 0.6594725535902006, 0.6925583818862204, 0.6816842105263158, 0.6009217792077917, 0.6979405034324941, 0.7032871059071931, 0.7246558197747184, 0.6816842105263158, 0.6925583818862204, 0.6365979150820993, 0.6925583818862204, 0.6650854936569223, 0.6871398983242327, 0.6816842105263158, 0.6594725535902006, 0.6761904761904762, 0.6979405034324941, 0.6706578521566271, 0.6816842105263158, 0.6925583818862204]",0.7833333333333333,0.019564978593028894,"[0.8020833333333334, 0.8368055555555556, 0.7986111111111112, 0.7673611111111112, 0.8125, 0.7673611111111112, 0.7881944444444444, 0.78125, 0.7326388888888888, 0.7916666666666666, 0.7951388888888888, 0.78125, 0.78125, 0.7881944444444444, 0.7534722222222222, 0.7881944444444444, 0.7708333333333334, 0.7847222222222222, 0.78125, 0.7673611111111112, 0.7777777777777778, 0.7916666666666666, 0.7743055555555556, 0.78125, 0.7881944444444444]","{'entropicotmappingadapter__max_iter': [1000], 'entropicotmappingadapter__metric': ['sqeuclidean', 'cosine', 'cityblock'], 'entropicotmappingadapter__norm': ['median'], 'entropicotmappingadapter__reg_e': [0.1, 0.5, 1.0], 'entropicotmappingadapter__tol': [1e-06], 'finalestimator__estimator_name': ['SVC']}"
Simulated,target_shift,Gauss. RW,prediction_entropy,Reweighting,0.8625,0.03621945552232024,"[0.8, 0.8625, 0.88125, 0.86875, 0.84375, 0.8625, 0.90625, 0.8375, 0.85, 0.85, 0.875, 0.875, 0.84375, 0.85, 0.76875, 0.84375, 0.825, 0.8625, 0.875, 0.85, 0.9125, 0.91875, 0.93125, 0.90625, 0.8625]",0.8825,0.03849158407695235,"[0.8333333333333333, 0.8125, 0.90625, 0.84375, 0.8854166666666667, 0.8680555555555556, 0.9479166666666669, 0.8263888888888888, 0.8888888888888888, 0.8611111111111112, 0.9305555555555556, 0.9027777777777778, 0.9131944444444444, 0.9166666666666669, 0.84375, 0.8576388888888888, 0.875, 0.9236111111111112, 0.8472222222222222, 0.8888888888888888, 0.9236111111111112, 0.8993055555555556, 0.8784722222222222, 0.9479166666666669, 0.8402777777777778]",0.8834526133337478,0.027666506224811826,"[0.8358974358974359, 0.8799111393208505, 0.8981248587996082, 0.886088379705401, 0.869639794168096, 0.8826666666666666, 0.9186345569324292, 0.8626865671641791, 0.8743525480367585, 0.8732491389207807, 0.894374282433984, 0.8933333333333333, 0.8705890200787139, 0.8753246753246753, 0.8131555660433014, 0.868560525757897, 0.8555409318241644, 0.8848231690336952, 0.8908283084735004, 0.8743525480367585, 0.9225296442687746, 0.9263571990558616, 0.9352879381147932, 0.9186345569324292, 0.8813725490196077]",0.8825,0.03849158407695229,"[0.8333333333333334, 0.8125, 0.90625, 0.84375, 0.8854166666666667, 0.8680555555555556, 0.9479166666666669, 0.826388888888889, 0.8888888888888888, 0.8611111111111112, 0.9305555555555556, 0.9027777777777778, 0.9131944444444444, 0.9166666666666669, 0.84375, 0.8576388888888888, 0.875, 0.9236111111111112, 0.8472222222222222, 0.8888888888888888, 0.9236111111111112, 0.8993055555555556, 0.8784722222222222, 0.9479166666666669, 0.8402777777777778]","{'finalestimator__estimator_name': ['SVC'], 'gaussianreweightadapter__reg': ['auto', 1e-05, 0.01, 0.5]}"
Simulated,target_shift,LinOT,prediction_entropy,Mapping,0.81025,0.042576524243609463,"[0.76875, 0.84375, 0.83125, 0.80625, 0.8, 0.80625, 0.8625, 0.8, 0.78125, 0.8, 0.8125, 0.825, 0.79375, 0.7875, 0.7125, 0.7875, 0.74375, 0.78125, 0.80625, 0.76875, 0.8875, 0.85625, 0.8875, 0.86875, 0.8375]",0.8723611111111111,0.030456753138317205,"[0.8159722222222222, 0.8576388888888888, 0.8784722222222222, 0.8090277777777778, 0.8888888888888888, 0.8923611111111112, 0.9236111111111112, 0.8888888888888888, 0.8784722222222222, 0.8611111111111112, 0.8958333333333333, 0.875, 0.8854166666666667, 0.8819444444444444, 0.8402777777777778, 0.8541666666666667, 0.8576388888888888, 0.8784722222222222, 0.8090277777777778, 0.8715277777777778, 0.9097222222222222, 0.8645833333333333, 0.8819444444444444, 0.9270833333333331, 0.8819444444444444]",0.8444622346692807,0.032079194914784843,"[0.8124886877828054, 0.868560525757897, 0.8602361416850111, 0.8395303848976052, 0.8375, 0.8422333395096041, 0.8848231690336952, 0.8375, 0.8232552651760958, 0.8367591897974493, 0.8469617404351087, 0.8555409318241644, 0.8327601809954752, 0.8280124075399666, 0.7699512608603518, 0.82734375, 0.7944429038877489, 0.8232552651760958, 0.8395303848976052, 0.8137074888850396, 0.9029411764705882, 0.8779502879218601, 0.9017454776261504, 0.8895908416366336, 0.864935064935065]",0.8723611111111111,0.030456753138317205,"[0.8159722222222222, 0.8576388888888888, 0.8784722222222222, 0.8090277777777778, 0.8888888888888888, 0.8923611111111112, 0.9236111111111112, 0.8888888888888888, 0.8784722222222222, 0.8611111111111112, 0.8958333333333333, 0.875, 0.8854166666666667, 0.8819444444444444, 0.8402777777777778, 0.8541666666666667, 0.8576388888888888, 0.8784722222222222, 0.8090277777777778, 0.8715277777777778, 0.9097222222222222, 0.8645833333333334, 0.8819444444444444, 0.9270833333333331, 0.8819444444444444]","{'finalestimator__estimator_name': ['SVC'], 'linearotmappingadapter__bias': [True, False], 'linearotmappingadapter__reg': [1e-08, 1e-06, 0.1, 1, 10]}"
Simulated,target_shift,NN RW,prediction_entropy,Reweighting,0.8552500000000001,0.03804636699695082,"[0.8, 0.85625, 0.8625, 0.8625, 0.81875, 0.85625, 0.90625, 0.85, 0.83125, 0.85, 0.875, 0.84375, 0.85625, 0.8625, 0.75625, 0.8375, 0.80625, 0.85, 0.85625, 0.8375, 0.9125, 0.9, 0.9375, 0.89375, 0.8625]",0.8829166666666667,0.04128538901589055,"[0.8333333333333333, 0.8090277777777778, 0.8958333333333333, 0.8402777777777778, 0.8993055555555556, 0.8645833333333333, 0.9479166666666669, 0.8888888888888888, 0.8784722222222222, 0.8888888888888888, 0.9305555555555556, 0.8854166666666667, 0.9201388888888888, 0.9236111111111112, 0.8368055555555556, 0.8541666666666667, 0.8645833333333333, 0.9166666666666669, 0.78125, 0.8819444444444444, 0.9236111111111112, 0.8888888888888888, 0.9097222222222222, 0.9409722222222222, 0.8680555555555556]",0.8781028205141942,0.029085863688595035,"[0.8358974358974359, 0.8752396539630581, 0.8838117106773822, 0.8813725490196077, 0.8516868156212419, 0.8779502879218601, 0.9186345569324292, 0.8743525480367585, 0.8602361416850111, 0.8743525480367585, 0.894374282433984, 0.869639794168096, 0.8800686106346485, 0.8848231690336952, 0.8036376234193661, 0.8638819270398217, 0.8414583201468447, 0.8753246753246753, 0.8736161616161617, 0.864935064935065, 0.9225296442687746, 0.9114624505928852, 0.9417693169092944, 0.908848557873334, 0.8826666666666666]",0.8829166666666667,0.04128538901589056,"[0.8333333333333334, 0.8090277777777778, 0.8958333333333333, 0.8402777777777778, 0.8993055555555556, 0.8645833333333334, 0.9479166666666669, 0.8888888888888888, 0.8784722222222222, 0.8888888888888888, 0.9305555555555556, 0.8854166666666667, 0.9201388888888888, 0.9236111111111112, 0.8368055555555556, 0.8541666666666666, 0.8645833333333333, 0.9166666666666669, 0.78125, 0.8819444444444444, 0.9236111111111112, 0.8888888888888888, 0.9097222222222222, 0.9409722222222222, 0.8680555555555556]","{'finalestimator__estimator_name': ['SVC'], 'nearestneighborreweightadapter__laplace_smoothing': [True, False], 'nearestneighborreweightadapter__n_neighbors': [1]}"
Simulated,target_shift,MapOT,prediction_entropy,Mapping,0.5735,0.036276929652328635,"[0.60625, 0.6625, 0.5875, 0.525, 0.63125, 0.54375, 0.58125, 0.58125, 0.49375, 0.575, 0.5875, 0.625, 0.5625, 0.59375, 0.51875, 0.56875, 0.5375, 0.5625, 0.56875, 0.55625, 0.58125, 0.54375, 0.58125, 0.575, 0.5875]",0.7630555555555556,0.02015384980684925,"[0.78125, 0.8125, 0.7708333333333333, 0.7361111111111112, 0.7951388888888888, 0.7465277777777778, 0.7673611111111112, 0.7673611111111112, 0.71875, 0.7638888888888888, 0.7708333333333333, 0.7916666666666667, 0.7569444444444444, 0.7743055555555556, 0.7326388888888888, 0.7604166666666667, 0.7430555555555556, 0.7569444444444444, 0.7604166666666667, 0.7534722222222222, 0.7673611111111112, 0.7465277777777778, 0.7673611111111112, 0.7638888888888888, 0.7708333333333333]",0.651771680919647,0.03299175410209743,"[0.6816842105263158, 0.7295169946332737, 0.6650854936569223, 0.6069881201956674, 0.7032871059071931, 0.6248947951273534, 0.6594725535902006, 0.6594725535902006, 0.5761446710273181, 0.6538181818181819, 0.6650854936569223, 0.6979405034324941, 0.6423817233315344, 0.6706578521566271, 0.6009217792077917, 0.6481215244812153, 0.6189737259742549, 0.6423817233315344, 0.6481215244812153, 0.6365979150820993, 0.6594725535902006, 0.6248947951273534, 0.6594725535902006, 0.6538181818181819, 0.6650854936569223]",0.7630555555555556,0.020153849806849228,"[0.78125, 0.8125, 0.7708333333333334, 0.7361111111111112, 0.7951388888888888, 0.7465277777777778, 0.7673611111111112, 0.7673611111111112, 0.71875, 0.7638888888888888, 0.7708333333333334, 0.7916666666666666, 0.7569444444444444, 0.7743055555555556, 0.7326388888888888, 0.7604166666666666, 0.7430555555555556, 0.7569444444444444, 0.7604166666666666, 0.7534722222222222, 0.7673611111111112, 0.7465277777777778, 0.7673611111111112, 0.7638888888888888, 0.7708333333333334]","{'finalestimator__estimator_name': ['SVC'], 'otmappingadapter__max_iter': [1000000], 'otmappingadapter__metric': ['sqeuclidean', 'cosine', 'cityblock'], 'otmappingadapter__norm': ['median']}"
Simulated,target_shift,SA,prediction_entropy,Subspace,0.67525,0.03551518161293843,"[0.6875, 0.74375, 0.71875, 0.6375, 0.69375, 0.675, 0.73125, 0.65, 0.64375, 0.68125, 0.725, 0.70625, 0.6875, 0.6875, 0.6, 0.64375, 0.63125, 0.6625, 0.66875, 0.65, 0.6625, 0.6625, 0.65625, 0.65, 0.725]",0.8151388888888889,0.023038222790878197,"[0.8263888888888888, 0.8576388888888888, 0.84375, 0.7986111111111112, 0.8298611111111112, 0.8194444444444444, 0.8506944444444444, 0.8055555555555556, 0.8020833333333333, 0.8229166666666667, 0.8472222222222222, 0.8090277777777778, 0.8263888888888888, 0.8263888888888888, 0.7777777777777778, 0.7743055555555556, 0.7951388888888888, 0.8125, 0.7881944444444444, 0.8055555555555556, 0.8125, 0.8125, 0.78125, 0.8055555555555556, 0.8472222222222222]",0.7395909505089929,0.028980868321520994,"[0.7499487599918016, 0.7944429038877489, 0.7748917748917749, 0.7085990338164251, 0.7549873443876234, 0.7397901533494753, 0.7847074829931973, 0.7191222570532915, 0.7138771341018532, 0.7448833307915205, 0.7798101811906817, 0.764886964886965, 0.7499487599918016, 0.7499487599918016, 0.6761904761904762, 0.7143110848009473, 0.7032871059071931, 0.7295169946332737, 0.7348787555284428, 0.7191222570532915, 0.7295169946332737, 0.7295169946332737, 0.7246558197747184, 0.7191222570532915, 0.7798101811906817]",0.8151388888888889,0.023038222790878193,"[0.8263888888888888, 0.8576388888888888, 0.84375, 0.7986111111111112, 0.8298611111111112, 0.8194444444444444, 0.8506944444444444, 0.8055555555555556, 0.8020833333333334, 0.8229166666666666, 0.8472222222222222, 0.8090277777777777, 0.8263888888888888, 0.8263888888888888, 0.7777777777777778, 0.7743055555555556, 0.7951388888888888, 0.8125, 0.7881944444444444, 0.8055555555555556, 0.8125, 0.8125, 0.78125, 0.8055555555555556, 0.8472222222222222]","{'finalestimator__estimator_name': ['SVC'], 'subspacealignmentadapter__n_components': [1, 2, 5, 10, 20, 50, 100]}"
Simulated,target_shift,TCA,prediction_entropy,Subspace,0.46399999999999997,0.08807992345970031,"[0.54375, 0.4625, 0.4125, 0.40625, 0.35, 0.45625, 0.51875, 0.4875, 0.6375, 0.43125, 0.43125, 0.38125, 0.5125, 0.63125, 0.45, 0.375, 0.5875, 0.4125, 0.575, 0.51875, 0.5375, 0.35625, 0.43125, 0.36875, 0.325]",0.49,0.11378403879528931,"[0.3854166666666667, 0.5069444444444444, 0.4236111111111111, 0.5034722222222222, 0.4444444444444444, 0.4479166666666666, 0.5659722222222222, 0.5763888888888888, 0.4652777777777778, 0.3784722222222222, 0.6840277777777778, 0.6284722222222222, 0.5347222222222222, 0.4340277777777778, 0.4166666666666666, 0.5138888888888888, 0.7152777777777778, 0.3125, 0.4583333333333333, 0.3993055555555556, 0.6597222222222222, 0.6145833333333334, 0.5173611111111112, 0.2604166666666666, 0.4027777777777778]",0.5545767024984349,0.08400069201731339,"[0.6349808288250434, 0.558974358974359, 0.513906359189378, 0.5003181336161189, 0.4420268256333829, 0.5563271395632714, 0.6098562248624659, 0.5794871794871794, 0.7066094010975901, 0.5359283873592838, 0.5102802195534645, 0.4567636673566298, 0.6053571428571429, 0.7009954751131222, 0.5519999999999999, 0.4634873323397914, 0.6669553756354736, 0.5214545454545454, 0.6599279508370417, 0.6145181476846057, 0.6232727272727273, 0.4268344658437538, 0.526151989309884, 0.4810188261351051, 0.4169848584595128]",0.49,0.1137840387952893,"[0.3854166666666666, 0.5069444444444444, 0.4236111111111111, 0.5034722222222222, 0.4444444444444444, 0.4479166666666667, 0.5659722222222222, 0.5763888888888888, 0.4652777777777778, 0.3784722222222222, 0.6840277777777778, 0.6284722222222222, 0.5347222222222222, 0.4340277777777778, 0.4166666666666667, 0.5138888888888888, 0.7152777777777778, 0.3125, 0.4583333333333333, 0.3993055555555556, 0.6597222222222222, 0.6145833333333333, 0.517361111111111, 0.2604166666666667, 0.4027777777777778]","{'finalestimator__estimator_name': ['SVC'], 'transfercomponentanalysisadapter__kernel': ['rbf'], 'transfercomponentanalysisadapter__mu': [10, 100], 'transfercomponentanalysisadapter__n_components': [1, 2, 5, 10, 20, 50, 100]}"
Simulated,target_shift,TSL,prediction_entropy,Subspace,0.8504999999999999,0.04062179474534988,"[0.79375, 0.85625, 0.88125, 0.85625, 0.8375, 0.85, 0.90625, 0.825, 0.84375, 0.8375, 0.85, 0.85625, 0.8375, 0.81875, 0.75, 0.84375, 0.7875, 0.84375, 0.8625, 0.83125, 0.9125, 0.90625, 0.93125, 0.89375, 0.85]",0.8813888888888889,0.036865015736983836,"[0.8298611111111112, 0.8090277777777778, 0.90625, 0.8368055555555556, 0.8819444444444444, 0.8888888888888888, 0.9479166666666669, 0.875, 0.9131944444444444, 0.8819444444444444, 0.9166666666666669, 0.8923611111111112, 0.9097222222222222, 0.8993055555555556, 0.8333333333333333, 0.8576388888888888, 0.8541666666666667, 0.9131944444444444, 0.8402777777777778, 0.8784722222222222, 0.9236111111111112, 0.8923611111111112, 0.8784722222222222, 0.9409722222222222, 0.8333333333333333]",0.8745684273119078,0.030786062208421606,"[0.8312298246724475, 0.8752396539630581, 0.8981248587996082, 0.8766774606521576, 0.864935064935065, 0.8743525480367585, 0.9186345569324292, 0.8555409318241644, 0.8705890200787139, 0.864935064935065, 0.8753246753246753, 0.8790756836972651, 0.8658594366938667, 0.8516868156212419, 0.7988571428571428, 0.868560525757897, 0.82734375, 0.8705890200787139, 0.8813725490196077, 0.8602361416850111, 0.9225296442687746, 0.9163798169759044, 0.9352879381147932, 0.908848557873334, 0.8719999999999999]",0.8813888888888889,0.03686501573698383,"[0.8298611111111112, 0.8090277777777778, 0.90625, 0.8368055555555557, 0.8819444444444444, 0.8888888888888888, 0.9479166666666669, 0.875, 0.9131944444444444, 0.8819444444444444, 0.9166666666666669, 0.8923611111111112, 0.9097222222222222, 0.8993055555555556, 0.8333333333333334, 0.8576388888888888, 0.8541666666666667, 0.9131944444444444, 0.8402777777777778, 0.8784722222222222, 0.9236111111111112, 0.8923611111111112, 0.8784722222222222, 0.9409722222222222, 0.8333333333333333]","{'finalestimator__estimator_name': ['SVC'], 'transfersubspacelearningadapter__base_method': ['flda'], 'transfersubspacelearningadapter__length_scale': [2], 'transfersubspacelearningadapter__max_iter': [300], 'transfersubspacelearningadapter__mu': [0.1, 1, 10], 'transfersubspacelearningadapter__n_components': [1, 2, 5, 10, 20, 50, 100], 'transfersubspacelearningadapter__reg': [0.0001], 'transfersubspacelearningadapter__tol': [0.0001]}"
Simulated,concept_drift,CORAL,soft_neighborhood_density,Mapping,0.6635,0.0295187087567642,"[0.63125, 0.64375, 0.7, 0.65, 0.6625, 0.69375, 0.69375, 0.71875, 0.63125, 0.7, 0.60625, 0.7, 0.65, 0.66875, 0.68125, 0.6625, 0.625, 0.65625, 0.65, 0.69375, 0.6625, 0.6125, 0.65, 0.66875, 0.675]",0.6635,0.029518708756764208,"[0.63125, 0.64375, 0.7, 0.65, 0.6625000000000001, 0.69375, 0.69375, 0.71875, 0.63125, 0.7, 0.60625, 0.7, 0.65, 0.66875, 0.68125, 0.6625, 0.625, 0.65625, 0.65, 0.69375, 0.6625, 0.6125, 0.65, 0.66875, 0.675]",0.6258118382491888,0.039308370751956756,"[0.5818383167220377, 0.5960132890365448, 0.6754563894523326, 0.6011396011396011, 0.6226415094339622, 0.6620543988965041, 0.6699086354258769, 0.6968548692686625, 0.5818383167220377, 0.6729688298415943, 0.5534883720930233, 0.6799999999999999, 0.6050079351084465, 0.6312883168833427, 0.6511478773887391, 0.6291208791208792, 0.5767942161876213, 0.6173746684638463, 0.6121212121212121, 0.6674443266171792, 0.625974025974026, 0.5584045584045583, 0.6086652690426275, 0.6279233030582247, 0.6398268398268397]",0.6635,0.02951870875676423,"[0.63125, 0.64375, 0.7000000000000001, 0.65, 0.6625, 0.69375, 0.69375, 0.71875, 0.63125, 0.7000000000000001, 0.60625, 0.7, 0.65, 0.6687500000000001, 0.68125, 0.6625000000000001, 0.625, 0.65625, 0.65, 0.69375, 0.6625000000000001, 0.6124999999999999, 0.6499999999999999, 0.66875, 0.6750000000000002]","{'coraladapter__reg': ['auto'], 'finalestimator__estimator_name': ['SVC']}"
Simulated,concept_drift,DASVM,soft_neighborhood_density,Other,0.6475,0.028298078556679408,"[0.64375, 0.6375, 0.7, 0.6, 0.64375, 0.6625, 0.6875, 0.7125, 0.6625, 0.675, 0.61875, 0.63125, 0.6375, 0.60625, 0.66875, 0.6125, 0.63125, 0.64375, 0.65625, 0.6375, 0.675, 0.61875, 0.65625, 0.63125, 0.6375]",0.6475,0.028298078556679415,"[0.64375, 0.6375, 0.7, 0.6, 0.64375, 0.6625000000000001, 0.6875, 0.7125, 0.6625, 0.675, 0.6187499999999999, 0.63125, 0.6375, 0.6062500000000001, 0.66875, 0.6125, 0.63125, 0.64375, 0.65625, 0.6375, 0.675, 0.61875, 0.65625, 0.63125, 0.6375]",0.6036535108170613,0.03974019861494921,"[0.5998420429116756, 0.586894586894587, 0.6729688298415943, 0.5293252436109579, 0.5960132890365448, 0.6226415094339622, 0.6643732169827152, 0.6889790398918187, 0.6291208791208792, 0.6428571428571429, 0.5717607827651265, 0.5895473716248533, 0.586894586894587, 0.5392842451665981, 0.6344670028880556, 0.5584045584045583, 0.5818383167220377, 0.5998420429116756, 0.6173746684638463, 0.5909010756480338, 0.6428571428571429, 0.5676633444075304, 0.6173746684638463, 0.5732175957321759, 0.586894586894587]",0.6475,0.0282980785566794,"[0.6437499999999999, 0.6375000000000001, 0.7000000000000001, 0.6, 0.64375, 0.6625, 0.6875, 0.7125, 0.6625000000000001, 0.6749999999999999, 0.61875, 0.63125, 0.6375000000000001, 0.6062500000000002, 0.66875, 0.6124999999999999, 0.63125, 0.6437499999999999, 0.65625, 0.6375000000000001, 0.6749999999999999, 0.6187499999999999, 0.65625, 0.63125, 0.6375000000000001]","{'dasvmclassifier__base_estimator__estimator_name': ['SVC'], 'dasvmclassifier__max_iter': [200]}"
Simulated,concept_drift,JDOT,soft_neighborhood_density,Other,0.81575,0.03385592944128598,"[0.76875, 0.7875, 0.8375, 0.8, 0.83125, 0.825, 0.80625, 0.85, 0.83125, 0.83125, 0.83125, 0.78125, 0.8375, 0.925, 0.81875, 0.79375, 0.78125, 0.8, 0.7875, 0.80625, 0.85, 0.76875, 0.78125, 0.83125, 0.83125]",0.81575,0.033855929441285966,"[0.76875, 0.7875000000000001, 0.8375, 0.8, 0.83125, 0.825, 0.8062499999999999, 0.85, 0.83125, 0.83125, 0.83125, 0.78125, 0.8375, 0.925, 0.81875, 0.79375, 0.78125, 0.8, 0.7875, 0.8062499999999999, 0.85, 0.76875, 0.78125, 0.83125, 0.83125]",0.8154740951061052,0.03402452914799192,"[0.7687409664440018, 0.7869674185463659, 0.8372711625723674, 0.7994987468671679, 0.8312434079456228, 0.825, 0.8061818608104412, 0.85, 0.8311906529639327, 0.8312434079456228, 0.8311906529639327, 0.7802111542839201, 0.8375, 0.9249882794186592, 0.8181746933657275, 0.7923793794974637, 0.7811730686569497, 0.7988686360779385, 0.7875, 0.8058784392000312, 0.849906191369606, 0.7680159880873074, 0.7812414547443259, 0.8312434079456228, 0.8312434079456228]",0.81575,0.03385592944128595,"[0.76875, 0.7875000000000001, 0.8375, 0.8, 0.8312499999999999, 0.825, 0.8062499999999999, 0.85, 0.8312499999999999, 0.8312499999999999, 0.83125, 0.7812500000000001, 0.8374999999999999, 0.925, 0.81875, 0.79375, 0.78125, 0.8, 0.7875, 0.80625, 0.85, 0.7687499999999999, 0.78125, 0.8312499999999999, 0.8312499999999999]","{'jdotclassifier__alpha': [0.1, 0.3, 0.5, 0.7, 0.9], 'jdotclassifier__base_estimator__estimator_name': ['SVC'], 'jdotclassifier__n_iter_max': [100], 'jdotclassifier__thr_weights': [1e-07], 'jdotclassifier__tol': [1e-06]}"
Simulated,concept_drift,KLIEP,soft_neighborhood_density,Reweighting,0.65075,0.04251684715106073,"[0.59375, 0.65, 0.7125, 0.6125, 0.73125, 0.6625, 0.68125, 0.69375, 0.725, 0.69375, 0.6125, 0.61875, 0.6125, 0.6625, 0.6625, 0.6625, 0.59375, 0.6375, 0.68125, 0.65625, 0.63125, 0.58125, 0.65, 0.6625, 0.5875]",0.65075,0.042516847151060744,"[0.59375, 0.65, 0.7124999999999999, 0.6125, 0.73125, 0.6625, 0.6812499999999999, 0.6937500000000001, 0.725, 0.69375, 0.6125, 0.61875, 0.6125, 0.6625000000000001, 0.6625000000000001, 0.6625, 0.59375, 0.6375, 0.68125, 0.65625, 0.63125, 0.58125, 0.65, 0.6625, 0.5875]",0.6061836287660417,0.060762227951759076,"[0.52465834818776, 0.6050079351084465, 0.6953137936744495, 0.5440338297481154, 0.7160661961949568, 0.6191147945688591, 0.656435518504484, 0.6648283527852593, 0.7066666666666667, 0.6699086354258769, 0.5584045584045583, 0.5676633444075304, 0.5490909090909091, 0.6226415094339622, 0.6226415094339622, 0.6291208791208792, 0.52465834818776, 0.5909010756480338, 0.6511478773887391, 0.6173746684638463, 0.5818383167220377, 0.5100324512089218, 0.6050079351084465, 0.6191147945688591, 0.5029184710977217]",0.65075,0.04251684715106077,"[0.59375, 0.65, 0.7125, 0.6125, 0.7312500000000001, 0.6625, 0.6812499999999999, 0.69375, 0.7250000000000001, 0.69375, 0.6124999999999999, 0.6187499999999999, 0.6125, 0.6625, 0.6625, 0.6625000000000001, 0.59375, 0.6375000000000001, 0.68125, 0.65625, 0.63125, 0.58125, 0.65, 0.6625, 0.5875]","{'finalestimator__estimator_name': ['SVC'], 'kliepreweightadapter__cv': [5], 'kliepreweightadapter__gamma': [0.0001, 0.001, 0.01, 0.1, 1.0, 10.0, 100.0, 1000.0, 'auto', 'scale'], 'kliepreweightadapter__max_iter': [1000], 'kliepreweightadapter__n_centers': [100], 'kliepreweightadapter__random_state': [0], 'kliepreweightadapter__tol': [1e-06]}"
Simulated,concept_drift,KMM,soft_neighborhood_density,Reweighting,0.6467499999999999,0.03728759288735775,"[0.68125, 0.63125, 0.65, 0.6375, 0.65625, 0.6625, 0.65625, 0.71875, 0.65625, 0.74375, 0.625, 0.65, 0.63125, 0.65, 0.60625, 0.64375, 0.70625, 0.65, 0.59375, 0.6625, 0.58125, 0.61875, 0.61875, 0.63125, 0.60625]",0.6467499999999999,0.03728759288735773,"[0.68125, 0.6312500000000001, 0.65, 0.6375, 0.65625, 0.6625, 0.65625, 0.71875, 0.65625, 0.74375, 0.625, 0.65, 0.6312500000000001, 0.65, 0.6062500000000001, 0.64375, 0.70625, 0.65, 0.59375, 0.6625, 0.58125, 0.61875, 0.61875, 0.63125, 0.6062500000000001]",0.6016969306224458,0.0526397530657917,"[0.6511478773887391, 0.5776475325488792, 0.6121212121212121, 0.586894586894587, 0.6138826729849501, 0.6191147945688591, 0.6237869265956992, 0.694591728525981, 0.6173746684638463, 0.7337554283858922, 0.5807127882599581, 0.6184636348151933, 0.5776475325488792, 0.6050079351084465, 0.5392842451665981, 0.5998420429116756, 0.6876946717056356, 0.6086652690426275, 0.5298159952981599, 0.625974025974026, 0.5044149600110952, 0.563330499753926, 0.558750395587504, 0.5732175957321759, 0.5392842451665981]",0.6467499999999999,0.03728759288735774,"[0.68125, 0.63125, 0.65, 0.6375000000000001, 0.65625, 0.6625, 0.65625, 0.71875, 0.65625, 0.74375, 0.6249999999999999, 0.65, 0.63125, 0.65, 0.6062500000000002, 0.6437499999999999, 0.7062499999999999, 0.6499999999999999, 0.5937500000000001, 0.6625000000000001, 0.5812499999999999, 0.61875, 0.61875, 0.63125, 0.6062500000000002]","{'finalestimator__estimator_name': ['SVC'], 'kmmreweightadapter__B': [1000.0], 'kmmreweightadapter__gamma': [0.0001, 0.001, 0.01, 0.1, 1.0, 10.0, 100.0, 1000.0, None], 'kmmreweightadapter__max_iter': [1000], 'kmmreweightadapter__smooth_weights': [False], 'kmmreweightadapter__tol': [1e-06]}"
Simulated,concept_drift,MMD-LS,soft_neighborhood_density,Mapping,0.73075,0.05639218141728514,"[0.73125, 0.8125, 0.725, 0.65, 0.6875, 0.79375, 0.76875, 0.73125, 0.6875, 0.74375, 0.65, 0.7, 0.79375, 0.74375, 0.7875, 0.8125, 0.7375, 0.76875, 0.7625, 0.825, 0.6875, 0.63125, 0.70625, 0.66875, 0.6625]",0.73075,0.05639218141728513,"[0.73125, 0.8125, 0.7250000000000001, 0.65, 0.6875, 0.79375, 0.76875, 0.73125, 0.6875, 0.7437499999999999, 0.65, 0.7, 0.79375, 0.74375, 0.7875, 0.8125, 0.7375, 0.76875, 0.7625, 0.825, 0.6875, 0.63125, 0.70625, 0.66875, 0.6625]",0.7156458537218655,0.0692708233677937,"[0.7221212488388061, 0.8117647058823529, 0.7135416666666667, 0.6086652690426275, 0.6565934065934066, 0.7919211822660098, 0.7638706074747716, 0.7123625569630837, 0.6619337390128466, 0.7292724196277496, 0.6334478808705614, 0.6918632643235435, 0.7919211822660098, 0.7337554283858922, 0.7841269841269841, 0.8088867654085046, 0.7292069632495164, 0.7672132436789745, 0.7606676113997796, 0.8248905565978737, 0.6619337390128466, 0.5858014128384011, 0.6914871794871795, 0.6279233030582247, 0.625974025974026]",0.73075,0.05639218141728512,"[0.73125, 0.8125, 0.725, 0.6499999999999999, 0.6875, 0.79375, 0.7687499999999999, 0.7312500000000001, 0.6875, 0.7437499999999999, 0.65, 0.7000000000000001, 0.79375, 0.74375, 0.7875, 0.8125, 0.7375, 0.7687499999999999, 0.7625000000000001, 0.8250000000000001, 0.6875, 0.63125, 0.70625, 0.66875, 0.6625000000000001]","{'finalestimator__estimator_name': ['SVC'], 'mmdlsconsmappingadapter__gamma': [0.1, 1, 10], 'mmdlsconsmappingadapter__max_iter': [100], 'mmdlsconsmappingadapter__reg_k': [1e-10, 1e-08], 'mmdlsconsmappingadapter__reg_m': [1e-10, 1e-08], 'mmdlsconsmappingadapter__tol': [1e-05]}"
Simulated,concept_drift,Train Src,soft_neighborhood_density,NO DA,0.66175,0.0238211653087473,"[0.6625, 0.65625, 0.7, 0.65, 0.66875, 0.6625, 0.7, 0.69375, 0.65625, 0.66875, 0.6125, 0.64375, 0.63125, 0.68125, 0.675, 0.69375, 0.65, 0.65625, 0.66875, 0.68125, 0.6625, 0.6125, 0.6375, 0.675, 0.64375]",0.66175,0.023821165308747297,"[0.6625, 0.65625, 0.7, 0.65, 0.66875, 0.6625000000000001, 0.7, 0.6937500000000001, 0.65625, 0.66875, 0.6125, 0.64375, 0.6312500000000001, 0.68125, 0.675, 0.69375, 0.65, 0.65625, 0.66875, 0.68125, 0.6625, 0.6125, 0.6375, 0.675, 0.64375]",0.624267149182694,0.0325497333707863,"[0.625974025974026, 0.6173746684638463, 0.6777982883034066, 0.6050079351084465, 0.6312883168833427, 0.6226415094339622, 0.6799999999999999, 0.6648283527852593, 0.6206733048838312, 0.6312883168833427, 0.5626873567272086, 0.6101064511991792, 0.5776475325488792, 0.6482607008922798, 0.6428571428571429, 0.6699086354258769, 0.6086652690426275, 0.6206733048838312, 0.6344670028880556, 0.6511478773887391, 0.625974025974026, 0.5538765965101637, 0.5909010756480338, 0.636617749825297, 0.5960132890365448]",0.66175,0.023821165308747314,"[0.6625000000000001, 0.65625, 0.7, 0.65, 0.6687500000000001, 0.6625, 0.7, 0.69375, 0.6562500000000001, 0.6687500000000001, 0.6124999999999999, 0.64375, 0.63125, 0.68125, 0.6749999999999999, 0.69375, 0.6499999999999999, 0.6562500000000001, 0.66875, 0.68125, 0.6625000000000001, 0.6125, 0.6375000000000001, 0.675, 0.64375]",{'finalestimator__estimator_name': ['SVC']}
Simulated,concept_drift,NO_DA_SOURCE_ONLY_BASE_ESTIM,soft_neighborhood_density,Unknown,,,"[NaN, NaN, NaN, NaN, NaN, NaN, NaN, NaN, NaN, NaN, NaN, NaN, NaN, NaN, NaN, NaN, NaN, NaN, NaN, NaN, NaN, NaN, NaN, NaN, NaN]",,,"[NaN, NaN, NaN, NaN, NaN, NaN, NaN, NaN, NaN, NaN, NaN, NaN, NaN, NaN, NaN, NaN, NaN, NaN, NaN, NaN, NaN, NaN, NaN, NaN, NaN]",,,"[NaN, NaN, NaN, NaN, NaN, NaN, NaN, NaN, NaN, NaN, NaN, NaN, NaN, NaN, NaN, NaN, NaN, NaN, NaN, NaN, NaN, NaN, NaN, NaN, NaN]",,,"[NaN, NaN, NaN, NaN, NaN, NaN, NaN, NaN, NaN, NaN, NaN, NaN, NaN, NaN, NaN, NaN, NaN, NaN, NaN, NaN, NaN, NaN, NaN, NaN, NaN]",{'finalestimator__estimator_name': ['SVC']}
Simulated,concept_drift,Train Tgt,soft_neighborhood_density,NO DA,0.8170000000000001,0.026853188823676044,"[0.78125, 0.8, 0.83125, 0.8125, 0.81875, 0.81875, 0.8125, 0.8625, 0.825, 0.84375, 0.825, 0.775, 0.8125, 0.8875, 0.83125, 0.8125, 0.79375, 0.7875, 0.78125, 0.80625, 0.84375, 0.7875, 0.8, 0.83125, 0.84375]",0.8170000000000001,0.026853188823676037,"[0.78125, 0.8, 0.83125, 0.8125, 0.8187500000000001, 0.81875, 0.8125, 0.8625, 0.825, 0.84375, 0.825, 0.7749999999999999, 0.8125, 0.8875, 0.83125, 0.8125, 0.79375, 0.7875000000000001, 0.78125, 0.80625, 0.84375, 0.7875, 0.8, 0.83125, 0.84375]",0.8165039371484406,0.02705591986401915,"[0.7805556644069125, 0.7979797979797979, 0.8304486047333098, 0.8100965342617503, 0.8184024108645452, 0.8187429196452987, 0.8124706985466478, 0.8624140087554721, 0.8249726519768714, 0.8436950490406783, 0.8249726519768714, 0.7737272155876808, 0.81203007518797, 0.8874296435272045, 0.8304486047333098, 0.8114393463230674, 0.7937419430446502, 0.7862979258328096, 0.7812414547443259, 0.806060606060606, 0.8432540460049376, 0.7873671044402751, 0.7998749218261413, 0.8311906529639327, 0.843743896245947]",0.8170000000000001,0.026853188823676065,"[0.78125, 0.7999999999999999, 0.8312499999999998, 0.8125, 0.8187500000000001, 0.8187499999999999, 0.8125, 0.8625, 0.825, 0.84375, 0.825, 0.7749999999999999, 0.8125, 0.8875000000000001, 0.8312499999999998, 0.8125, 0.79375, 0.7875000000000001, 0.78125, 0.80625, 0.8437499999999999, 0.7874999999999999, 0.7999999999999999, 0.83125, 0.84375]",{'finalestimator__estimator_name': ['SVC']}
Simulated,concept_drift,OTLabelProp,soft_neighborhood_density,Other,0.74725,0.04223878056162762,"[0.7125, 0.78125, 0.80625, 0.68125, 0.75625, 0.74375, 0.7375, 0.7375, 0.825, 0.7375, 0.70625, 0.78125, 0.675, 0.7625, 0.75, 0.79375, 0.69375, 0.73125, 0.79375, 0.74375, 0.75625, 0.68125, 0.75625, 0.81875, 0.71875]",0.74725,0.04223878056162761,"[0.7124999999999999, 0.78125, 0.8062499999999999, 0.68125, 0.75625, 0.7437499999999999, 0.7375, 0.7375, 0.825, 0.7375, 0.70625, 0.78125, 0.675, 0.7625, 0.75, 0.79375, 0.6937500000000001, 0.73125, 0.79375, 0.74375, 0.75625, 0.68125, 0.7562500000000001, 0.81875, 0.71875]",0.7423273992466455,0.04541855742033412,"[0.7069597069597069, 0.7805556644069125, 0.8058784392000312, 0.6756627846893756, 0.7560117302052787, 0.7323650605850436, 0.7279352226720648, 0.7250859106529208, 0.824313725490196, 0.731457800511509, 0.6988988988988989, 0.7793103448275862, 0.6647324306898775, 0.7570332480818415, 0.7467953790156671, 0.7923793794974637, 0.6847734309034619, 0.7288669950738916, 0.7937419430446502, 0.7414778325123152, 0.7519774235859931, 0.6688177279922074, 0.7557825525419749, 0.8181746933657275, 0.7091966557615412]",0.74725,0.04223878056162763,"[0.7124999999999999, 0.78125, 0.8062499999999999, 0.68125, 0.75625, 0.74375, 0.7375, 0.7374999999999999, 0.825, 0.7374999999999999, 0.70625, 0.78125, 0.6749999999999999, 0.7625000000000001, 0.75, 0.79375, 0.69375, 0.73125, 0.79375, 0.74375, 0.75625, 0.68125, 0.7562500000000001, 0.81875, 0.71875]","{'finalestimator__estimator_name': ['SVC'], 'otlabelpropadapter__metric': ['sqeuclidean', 'cosine', 'cityblock'], 'otlabelpropadapter__reg': [None, 0.1, 1.0]}"
Simulated,concept_drift,JPCA,soft_neighborhood_density,Subspace,0.60275,0.030194680822952888,"[0.6125, 0.575, 0.60625, 0.5625, 0.625, 0.625, 0.625, 0.6125, 0.58125, 0.63125, 0.53125, 0.5875, 0.6, 0.5375, 0.5875, 0.6375, 0.6125, 0.5875, 0.60625, 0.6625, 0.60625, 0.60625, 0.61875, 0.59375, 0.6375]",0.60275,0.030194680822952888,"[0.6125, 0.575, 0.60625, 0.5625, 0.625, 0.625, 0.625, 0.6125, 0.58125, 0.63125, 0.53125, 0.5875, 0.6, 0.5375, 0.5875, 0.6375, 0.6125, 0.5875, 0.60625, 0.6625, 0.60625, 0.60625, 0.61875, 0.59375, 0.6375]",0.559555270781935,0.036287289803321826,"[0.5741758241758241, 0.5107033639143731, 0.5724284199363732, 0.5108315863032844, 0.5879120879120879, 0.5912110373019928, 0.5879120879120879, 0.5705627705627705, 0.5100324512089218, 0.6053346711819056, 0.482736324841588, 0.5569726464171841, 0.5604395604395604, 0.4917582417582418, 0.5503321410321922, 0.5982683982683983, 0.5584045584045583, 0.5503321410321922, 0.557720152691852, 0.625974025974026, 0.5654985128669339, 0.5490134669589728, 0.5827455004061391, 0.539313399778516, 0.5982683982683983]",0.60275,0.03019468082295288,"[0.6124999999999999, 0.575, 0.60625, 0.5624999999999999, 0.625, 0.625, 0.625, 0.6125, 0.58125, 0.63125, 0.5312500000000001, 0.5875, 0.6000000000000001, 0.5375, 0.5875, 0.6375, 0.6124999999999999, 0.5875, 0.60625, 0.6625000000000001, 0.6062500000000001, 0.60625, 0.6187499999999999, 0.59375, 0.6375]","{'finalestimator__estimator_name': ['SVC'], 'pca__n_components': [1, 2, 5, 10, 20, 50, 100]}"
Simulated,concept_drift,MMDTarS,soft_neighborhood_density,Reweighting,0.51025,0.010956828160253885,"[0.51875, 0.5375, 0.5125, 0.5, 0.50625, 0.50625, 0.5125, 0.51875, 0.5125, 0.525, 0.5, 0.5, 0.50625, 0.5, 0.50625, 0.53125, 0.50625, 0.5, 0.5125, 0.525, 0.51875, 0.5, 0.5, 0.5, 0.5]",0.51025,0.010956828160253885,"[0.51875, 0.5375, 0.5125, 0.5, 0.50625, 0.50625, 0.5125, 0.51875, 0.5125, 0.525, 0.5, 0.5, 0.50625, 0.5, 0.50625, 0.53125, 0.50625, 0.5, 0.5125, 0.525, 0.51875, 0.5, 0.5, 0.5, 0.5]",0.35530641431799553,0.023158851420935385,"[0.3736973209292867, 0.411647783740807, 0.3605246976839517, 0.3333333333333333, 0.347073712485149, 0.347073712485149, 0.3605246976839517, 0.3736973209292867, 0.3605246976839517, 0.3866020984665052, 0.3333333333333333, 0.3333333333333333, 0.347073712485149, 0.3333333333333333, 0.347073712485149, 0.3992490613266583, 0.347073712485149, 0.3333333333333333, 0.3605246976839517, 0.3866020984665052, 0.3736973209292867, 0.3333333333333333, 0.3333333333333333, 0.3333333333333333, 0.3333333333333333]",0.51025,0.010956828160253885,"[0.51875, 0.5375, 0.5125, 0.5, 0.50625, 0.50625, 0.5125, 0.51875, 0.5125, 0.525, 0.5, 0.5, 0.50625, 0.5, 0.50625, 0.53125, 0.50625, 0.5, 0.5125, 0.525, 0.51875, 0.5, 0.5, 0.5, 0.5]","{'finalestimator__estimator_name': ['SVC'], 'mmdtarsreweightadapter__gamma': [0.0001, 0.001, 0.01, 0.1, 1.0, 10.0, 100.0, 1000.0, None], 'mmdtarsreweightadapter__max_iter': [1000], 'mmdtarsreweightadapter__reg': [1e-06], 'mmdtarsreweightadapter__tol': [1e-06]}"
Simulated,concept_drift,ClassRegOT,soft_neighborhood_density,Mapping,0.61,0.024273292078606325,"[0.5875, 0.575, 0.60625, 0.6125, 0.6375, 0.63125, 0.60625, 0.63125, 0.61875, 0.61875, 0.63125, 0.5875, 0.61875, 0.63125, 0.64375, 0.55, 0.6375, 0.58125, 0.61875, 0.6, 0.61875, 0.5625, 0.625, 0.60625, 0.6125]",0.61,0.024273292078606328,"[0.5875, 0.5750000000000001, 0.60625, 0.6125, 0.6375, 0.63125, 0.60625, 0.63125, 0.61875, 0.61875, 0.6312500000000001, 0.5875, 0.61875, 0.6312500000000001, 0.64375, 0.55, 0.6375, 0.58125, 0.61875, 0.6, 0.61875, 0.5625, 0.625, 0.60625, 0.6125]",0.5482226543407137,0.03747611899569715,"[0.52, 0.4878553944643193, 0.544283195442832, 0.5440338297481154, 0.5982683982683983, 0.5732175957321759, 0.5490134669589728, 0.5818383167220377, 0.563330499753926, 0.5676633444075304, 0.5776475325488792, 0.52, 0.563330499753926, 0.5776475325488792, 0.5998420429116756, 0.4508009153318077, 0.5909010756480338, 0.4984795321637427, 0.5676633444075304, 0.5293252436109579, 0.5539101421454362, 0.4851994851994852, 0.5682676740420939, 0.5490134669589728, 0.5440338297481154]",0.61,0.024273292078606328,"[0.5875, 0.5750000000000001, 0.6062500000000001, 0.6125, 0.6375, 0.63125, 0.60625, 0.63125, 0.6187499999999999, 0.6187499999999999, 0.6312500000000001, 0.5875, 0.6187499999999999, 0.6312500000000001, 0.64375, 0.55, 0.6375000000000001, 0.58125, 0.6187499999999999, 0.6000000000000001, 0.61875, 0.5625, 0.625, 0.60625, 0.6125]","[{'classregularizerotmappingadapter__max_inner_iter': [1000], 'classregularizerotmappingadapter__max_iter': [10], 'classregularizerotmappingadapter__metric': ['sqeuclidean', 'cosine', 'cityblock'], 'classregularizerotmappingadapter__norm': ['lpl1'], 'classregularizerotmappingadapter__reg_cl': [0.1], 'classregularizerotmappingadapter__reg_e': [0.1], 'classregularizerotmappingadapter__tol': [1e-06], 'finalestimator__estimator_name': ['SVC']}, {'classregularizerotmappingadapter__max_inner_iter': [1000], 'classregularizerotmappingadapter__max_iter': [10], 'classregularizerotmappingadapter__metric': ['sqeuclidean', 'cosine', 'cityblock'], 'classregularizerotmappingadapter__norm': ['lpl1'], 'classregularizerotmappingadapter__reg_cl': [0.5], 'classregularizerotmappingadapter__reg_e': [0.5], 'classregularizerotmappingadapter__tol': [1e-06], 'finalestimator__estimator_name': ['SVC']}, {'classregularizerotmappingadapter__max_inner_iter': [1000], 'classregularizerotmappingadapter__max_iter': [10], 'classregularizerotmappingadapter__metric': ['sqeuclidean', 'cosine', 'cityblock'], 'classregularizerotmappingadapter__norm': ['lpl1'], 'classregularizerotmappingadapter__reg_cl': [1.0], 'classregularizerotmappingadapter__reg_e': [1.0], 'classregularizerotmappingadapter__tol': [1e-06], 'finalestimator__estimator_name': ['SVC']}]"
Simulated,concept_drift,Dens. RW,soft_neighborhood_density,Reweighting,0.6,0.06000217009964444,"[0.5375, 0.63125, 0.53125, 0.56875, 0.6375, 0.6625, 0.66875, 0.61875, 0.68125, 0.65, 0.6125, 0.5, 0.59375, 0.59375, 0.66875, 0.5, 0.51875, 0.55, 0.5, 0.5625, 0.6625, 0.6125, 0.64375, 0.6625, 0.63125]",0.6,0.06000217009964443,"[0.5375, 0.6312500000000001, 0.53125, 0.56875, 0.6375, 0.6625, 0.66875, 0.6187499999999999, 0.6812499999999999, 0.6499999999999999, 0.6125, 0.5, 0.59375, 0.59375, 0.66875, 0.5, 0.51875, 0.55, 0.5, 0.5625, 0.6625, 0.6125, 0.64375, 0.6625, 0.6312500000000001]",0.5273342632579624,0.10665615661648203,"[0.4200626959247648, 0.5776475325488792, 0.4385964912280701, 0.4702240990450597, 0.586894586894587, 0.6191147945688591, 0.6402969247083774, 0.6018114316021378, 0.6745243508436042, 0.629077661864547, 0.5584045584045583, 0.3333333333333333, 0.5346964341640195, 0.52465834818776, 0.6429624015830913, 0.3333333333333333, 0.3832290362953692, 0.4357366771159874, 0.3333333333333333, 0.4727923178309169, 0.6191147945688591, 0.5538765965101637, 0.5960132890365448, 0.625974025974026, 0.5776475325488792]",0.6,0.06000217009964445,"[0.5375, 0.63125, 0.53125, 0.56875, 0.6375000000000001, 0.6625, 0.66875, 0.61875, 0.68125, 0.65, 0.6124999999999999, 0.5, 0.59375, 0.59375, 0.66875, 0.5, 0.51875, 0.55, 0.5, 0.5624999999999999, 0.6625, 0.6125, 0.64375, 0.6625000000000001, 0.63125]","{'densityreweightadapter__weight_estimator__bandwidth': [0.01, 0.1, 1.0, 10.0, 100.0, 'scott', 'silverman'], 'finalestimator__estimator_name': ['SVC']}"
Simulated,concept_drift,Disc. RW,soft_neighborhood_density,Reweighting,0.67975,0.031003192039960433,"[0.675, 0.66875, 0.725, 0.65625, 0.675, 0.675, 0.71875, 0.7125, 0.675, 0.68125, 0.625, 0.7125, 0.6375, 0.7125, 0.7, 0.7, 0.65, 0.6625, 0.69375, 0.6875, 0.74375, 0.64375, 0.6375, 0.68125, 0.64375]",0.67975,0.031003192039960423,"[0.675, 0.66875, 0.725, 0.65625, 0.675, 0.675, 0.71875, 0.7125, 0.675, 0.68125, 0.625, 0.7125, 0.6375, 0.7125, 0.7, 0.7, 0.65, 0.6625, 0.69375, 0.6875, 0.7437499999999999, 0.64375, 0.6375, 0.68125, 0.64375]",0.6485278182652635,0.040903469992041495,"[0.6428571428571429, 0.6344670028880556, 0.7085610200364298, 0.6138826729849501, 0.6398268398268397, 0.6398268398268397, 0.7028599727621642, 0.6889790398918187, 0.6457162323283938, 0.6482607008922798, 0.5879120879120879, 0.6989036164293896, 0.586894586894587, 0.6889790398918187, 0.6754563894523326, 0.6777982883034066, 0.6086652690426275, 0.6291208791208792, 0.6674443266171792, 0.6619337390128466, 0.7292724196277496, 0.6034610200443498, 0.5909010756480338, 0.6452019653028392, 0.5960132890365448]",0.6797500000000001,0.031003192039960426,"[0.6749999999999999, 0.66875, 0.7250000000000001, 0.65625, 0.6750000000000002, 0.6750000000000002, 0.71875, 0.7125, 0.675, 0.68125, 0.625, 0.7125000000000001, 0.6375000000000001, 0.7125, 0.7000000000000001, 0.7, 0.6499999999999999, 0.6625000000000001, 0.69375, 0.6875, 0.7437499999999999, 0.64375, 0.6375000000000001, 0.68125, 0.64375]","{'discriminatorreweightadapter__domain_classifier__estimator_name': ['LR', 'SVC', 'KNN', 'XGB'], 'finalestimator__estimator_name': ['SVC']}"
Simulated,concept_drift,EntOT,soft_neighborhood_density,Mapping,0.58875,0.03181775906104433,"[0.575, 0.55, 0.5625, 0.58125, 0.58125, 0.64375, 0.5875, 0.65, 0.625, 0.625, 0.64375, 0.5625, 0.6125, 0.6125, 0.6, 0.5375, 0.56875, 0.56875, 0.575, 0.575, 0.575, 0.5375, 0.58125, 0.6125, 0.575]",0.58875,0.03181775906104432,"[0.575, 0.55, 0.5625, 0.58125, 0.5812499999999999, 0.64375, 0.5875, 0.65, 0.625, 0.625, 0.64375, 0.5625, 0.6125, 0.6125, 0.6, 0.5375, 0.56875, 0.56875, 0.575, 0.575, 0.575, 0.5375, 0.58125, 0.6125, 0.575]",0.5194422062559407,0.0477315784040494,"[0.5054545454545455, 0.4577292411975145, 0.4727923178309169, 0.5044149600110952, 0.515348795153488, 0.5998420429116756, 0.5344736378063834, 0.6086652690426275, 0.5807127882599581, 0.5807127882599581, 0.5960132890365448, 0.4791666666666666, 0.5538765965101637, 0.5490909090909091, 0.5345454545454545, 0.4426661645641122, 0.4954065542300837, 0.4770498792098905, 0.5054545454545455, 0.4940476190476189, 0.4813119755911518, 0.4675301313185825, 0.5100324512089218, 0.5584045584045583, 0.4813119755911518]",0.58875,0.03181775906104433,"[0.575, 0.5499999999999999, 0.5625, 0.58125, 0.58125, 0.64375, 0.5875, 0.65, 0.625, 0.625, 0.64375, 0.5625, 0.6125, 0.6125, 0.6, 0.5375, 0.56875, 0.56875, 0.575, 0.5750000000000001, 0.575, 0.5375, 0.5812499999999999, 0.6125, 0.575]","{'entropicotmappingadapter__max_iter': [1000], 'entropicotmappingadapter__metric': ['sqeuclidean', 'cosine', 'cityblock'], 'entropicotmappingadapter__norm': ['median'], 'entropicotmappingadapter__reg_e': [0.1, 0.5, 1.0], 'entropicotmappingadapter__tol': [1e-06], 'finalestimator__estimator_name': ['SVC']}"
Simulated,concept_drift,Gauss. RW,soft_neighborhood_density,Reweighting,0.6497499999999999,0.02376370218772037,"[0.65, 0.64375, 0.7, 0.6375, 0.66875, 0.6625, 0.66875, 0.6875, 0.63125, 0.66875, 0.6125, 0.6375, 0.61875, 0.66875, 0.65625, 0.6625, 0.6375, 0.64375, 0.6625, 0.6625, 0.64375, 0.5875, 0.6375, 0.65625, 0.6375]",0.6497499999999999,0.02376370218772037,"[0.65, 0.64375, 0.7, 0.6375, 0.66875, 0.6625, 0.66875, 0.6875, 0.63125, 0.66875, 0.6125, 0.6375, 0.61875, 0.66875, 0.65625, 0.6625, 0.6375, 0.64375, 0.6625, 0.6625, 0.64375, 0.5875, 0.6375, 0.65625, 0.6375]",0.6063521138488636,0.03345301848234446,"[0.6086652690426275, 0.5960132890365448, 0.6754563894523326, 0.586894586894587, 0.6312883168833427, 0.6191147945688591, 0.6402969247083774, 0.6565934065934066, 0.5858014128384011, 0.6279233030582247, 0.5584045584045583, 0.5946890286512928, 0.558750395587504, 0.6312883168833427, 0.6173746684638463, 0.6291208791208792, 0.5909010756480338, 0.5998420429116756, 0.625974025974026, 0.625974025974026, 0.5998420429116756, 0.5146166574738003, 0.586894586894587, 0.6101882613510521, 0.586894586894587]",0.6497499999999999,0.023763702187720406,"[0.6499999999999999, 0.64375, 0.7000000000000001, 0.6375000000000001, 0.6687500000000001, 0.6625, 0.66875, 0.6875, 0.63125, 0.66875, 0.6124999999999999, 0.6375000000000001, 0.61875, 0.6687500000000001, 0.65625, 0.6625000000000001, 0.6375000000000001, 0.6437499999999999, 0.6625000000000001, 0.6625000000000001, 0.6437499999999999, 0.5874999999999999, 0.6375000000000001, 0.65625, 0.6375000000000001]","{'finalestimator__estimator_name': ['SVC'], 'gaussianreweightadapter__reg': ['auto', 1e-05, 0.01, 0.5]}"
Simulated,concept_drift,LinOT,soft_neighborhood_density,Mapping,0.7084999999999999,0.0319647429469825,"[0.7, 0.70625, 0.775, 0.65625, 0.73125, 0.7375, 0.7375, 0.7375, 0.70625, 0.70625, 0.64375, 0.73125, 0.675, 0.7375, 0.73125, 0.725, 0.69375, 0.7, 0.6625, 0.74375, 0.73125, 0.68125, 0.68125, 0.70625, 0.675]",0.7084999999999999,0.03196474294698249,"[0.7, 0.70625, 0.7749999999999999, 0.65625, 0.73125, 0.7375, 0.7375, 0.7375, 0.70625, 0.70625, 0.64375, 0.73125, 0.675, 0.7375, 0.73125, 0.725, 0.69375, 0.7, 0.6625, 0.74375, 0.73125, 0.68125, 0.6812499999999999, 0.70625, 0.675]",0.6880784523514394,0.03853003419997531,"[0.6777982883034066, 0.6856055855177892, 0.7678916827852997, 0.6173746684638463, 0.7142738485817517, 0.72, 0.7250859106529208, 0.7218082463984103, 0.6856055855177892, 0.6856055855177892, 0.6160161677403057, 0.7207678883071553, 0.6428571428571429, 0.72, 0.7142738485817517, 0.7103357472021067, 0.672227099795142, 0.685812469317624, 0.6423248882265276, 0.7308717948717949, 0.7142738485817517, 0.6538706256627783, 0.656435518504484, 0.6810180275715801, 0.6398268398268397]",0.7084999999999999,0.031964742946982504,"[0.7, 0.7062499999999999, 0.775, 0.65625, 0.7312500000000001, 0.7375, 0.7374999999999999, 0.7374999999999999, 0.7062499999999999, 0.7062499999999999, 0.6437499999999999, 0.7312500000000001, 0.6749999999999999, 0.7375, 0.7312500000000001, 0.7249999999999999, 0.69375, 0.7000000000000001, 0.6625, 0.74375, 0.7312500000000001, 0.6812499999999999, 0.6812499999999999, 0.70625, 0.6750000000000002]","{'finalestimator__estimator_name': ['SVC'], 'linearotmappingadapter__bias': [True, False], 'linearotmappingadapter__reg': [1e-08, 1e-06, 0.1, 1, 10]}"
Simulated,concept_drift,NN RW,soft_neighborhood_density,Reweighting,0.66525,0.02596321516427936,"[0.64375, 0.675, 0.7125, 0.63125, 0.66875, 0.68125, 0.7, 0.71875, 0.65625, 0.65625, 0.6375, 0.6625, 0.6375, 0.66875, 0.7, 0.66875, 0.65625, 0.65625, 0.66875, 0.69375, 0.6625, 0.61875, 0.65625, 0.675, 0.625]",0.66525,0.025963215164279345,"[0.64375, 0.675, 0.7124999999999999, 0.6312500000000001, 0.66875, 0.68125, 0.7, 0.71875, 0.65625, 0.65625, 0.6375, 0.6625, 0.6375, 0.66875, 0.7, 0.66875, 0.65625, 0.65625, 0.66875, 0.69375, 0.6625, 0.61875, 0.65625, 0.675, 0.625]",0.6293109468386736,0.03549274237375888,"[0.5998420429116756, 0.6428571428571429, 0.6953137936744495, 0.5776475325488792, 0.6312883168833427, 0.6482607008922798, 0.6799999999999999, 0.6968548692686625, 0.6206733048838312, 0.6138826729849501, 0.6016483516483516, 0.6320899335717935, 0.586894586894587, 0.6312883168833427, 0.6754563894523326, 0.6374674019922193, 0.6173746684638463, 0.6237869265956992, 0.6402969247083774, 0.6674443266171792, 0.625974025974026, 0.5676633444075304, 0.6138826729849501, 0.636617749825297, 0.5682676740420939]",0.66525,0.025963215164279366,"[0.6437499999999999, 0.6749999999999999, 0.7125, 0.63125, 0.6687500000000001, 0.68125, 0.7, 0.71875, 0.6562500000000001, 0.65625, 0.6375, 0.6625, 0.6375000000000001, 0.6687500000000001, 0.7000000000000001, 0.6687500000000001, 0.65625, 0.65625, 0.66875, 0.69375, 0.6625000000000001, 0.6187499999999999, 0.65625, 0.675, 0.625]","{'finalestimator__estimator_name': ['SVC'], 'nearestneighborreweightadapter__laplace_smoothing': [True, False], 'nearestneighborreweightadapter__n_neighbors': [1]}"
Simulated,concept_drift,MapOT,soft_neighborhood_density,Mapping,0.8122499999999999,0.04040324089723496,"[0.74375, 0.80625, 0.83125, 0.8, 0.8125, 0.825, 0.80625, 0.84375, 0.85, 0.80625, 0.85, 0.7875, 0.81875, 0.93125, 0.83125, 0.8375, 0.78125, 0.775, 0.7625, 0.80625, 0.8375, 0.75, 0.75, 0.825, 0.8375]",0.8122499999999999,0.040403240897234974,"[0.7437499999999999, 0.80625, 0.83125, 0.8, 0.8125, 0.825, 0.80625, 0.84375, 0.8500000000000001, 0.8062499999999999, 0.85, 0.7875000000000001, 0.81875, 0.93125, 0.83125, 0.8374999999999999, 0.78125, 0.775, 0.7625, 0.80625, 0.8375, 0.75, 0.75, 0.825, 0.8375]",0.8118072766862054,0.04062646552956853,"[0.7436598804267125, 0.805329879508615, 0.8309263825290595, 0.7997183539352214, 0.8122359568142701, 0.8249726519768714, 0.8062424313449743, 0.8436950490406783, 0.8499765588373183, 0.8061818608104412, 0.8494117647058823, 0.784776072163317, 0.8187429196452987, 0.9312473143482168, 0.8297536945812809, 0.837092731829574, 0.7811730686569497, 0.7748592870544091, 0.7621655452980753, 0.8062424313449743, 0.83739837398374, 0.7480711698945047, 0.7490196078431373, 0.8248905565978737, 0.83739837398374]",0.8122500000000001,0.04040324089723495,"[0.74375, 0.80625, 0.83125, 0.7999999999999999, 0.8125, 0.8250000000000001, 0.8062500000000001, 0.84375, 0.85, 0.8062499999999999, 0.85, 0.7875, 0.8187499999999999, 0.93125, 0.8312500000000002, 0.8374999999999999, 0.7812500000000001, 0.775, 0.7625000000000001, 0.8062500000000001, 0.8375000000000001, 0.7500000000000001, 0.75, 0.825, 0.8375000000000001]","{'finalestimator__estimator_name': ['SVC'], 'otmappingadapter__max_iter': [1000000], 'otmappingadapter__metric': ['sqeuclidean', 'cosine', 'cityblock'], 'otmappingadapter__norm': ['median']}"
Simulated,concept_drift,SA,soft_neighborhood_density,Subspace,0.597,0.030678100223666595,"[0.63125, 0.56875, 0.5875, 0.5625, 0.64375, 0.60625, 0.6, 0.59375, 0.55625, 0.6125, 0.525, 0.56875, 0.5875, 0.55, 0.58125, 0.6375, 0.6125, 0.5875, 0.60625, 0.65, 0.60625, 0.59375, 0.625, 0.60625, 0.625]",0.597,0.030678100223666595,"[0.63125, 0.56875, 0.5875, 0.5625, 0.64375, 0.60625, 0.6, 0.59375, 0.55625, 0.6125, 0.525, 0.56875, 0.5875, 0.55, 0.58125, 0.6375, 0.6125, 0.5875, 0.60625, 0.65, 0.60625, 0.59375, 0.625, 0.60625, 0.625]",0.5537645667026073,0.036289776421061626,"[0.5930859088753826, 0.5060623685741131, 0.5569726464171841, 0.5108315863032844, 0.606879606879607, 0.5724284199363732, 0.5604395604395604, 0.555384549613099, 0.4864143948641439, 0.5866666666666667, 0.478021978021978, 0.5317073170731708, 0.5503321410321922, 0.5012987012987014, 0.5452810180275716, 0.5982683982683983, 0.5626873567272086, 0.5537525354969575, 0.557720152691852, 0.6121212121212121, 0.5617200747858603, 0.5346964341640195, 0.5879120879120879, 0.5490134669589728, 0.5844155844155845]",0.597,0.03067810022366659,"[0.63125, 0.56875, 0.5875, 0.5624999999999999, 0.6437499999999999, 0.60625, 0.6000000000000001, 0.59375, 0.55625, 0.6125, 0.525, 0.5687500000000001, 0.5875, 0.55, 0.58125, 0.6375, 0.6124999999999999, 0.5875, 0.60625, 0.65, 0.6062500000000001, 0.59375, 0.625, 0.60625, 0.625]","{'finalestimator__estimator_name': ['SVC'], 'subspacealignmentadapter__n_components': [1, 2, 5, 10, 20, 50, 100]}"
Simulated,concept_drift,TCA,soft_neighborhood_density,Subspace,0.546,0.09790913091569484,"[0.50625, 0.6375, 0.51875, 0.6625, 0.51875, 0.6625, 0.60625, 0.6, 0.4375, 0.5, 0.65, 0.4875, 0.2375, 0.55, 0.5, 0.61875, 0.6125, 0.44375, 0.55, 0.625, 0.48125, 0.5375, 0.44375, 0.675, 0.5875]",0.546,0.09790913091569484,"[0.50625, 0.6375, 0.51875, 0.6625000000000001, 0.51875, 0.6625, 0.60625, 0.6000000000000001, 0.4375, 0.5, 0.65, 0.4875, 0.2375, 0.55, 0.5, 0.6187499999999999, 0.6125, 0.44375, 0.55, 0.625, 0.48125, 0.5375, 0.44375, 0.675, 0.5875]",0.5419434953473026,0.09896824327502496,"[0.4991877649669163, 0.6242914979757085, 0.5155518854940819, 0.6624472573839661, 0.5024031665253039, 0.6622889305816135, 0.6027586206896551, 0.5999374902328489, 0.4343180389692017, 0.4999218627910611, 0.6495071193866375, 0.4854901960784314, 0.2277259059977844, 0.5465281058101086, 0.497171590194846, 0.6162164287680391, 0.6095103133364825, 0.4388177339901478, 0.549929676511955, 0.6235294117647059, 0.4787864515875819, 0.5339316643048339, 0.4388177339901478, 0.6661852030171722, 0.5833333333333333]",0.546,0.09790913091569484,"[0.50625, 0.6375, 0.51875, 0.6625, 0.5187499999999999, 0.6625, 0.60625, 0.6000000000000001, 0.4375, 0.5, 0.65, 0.4875, 0.2375, 0.5499999999999999, 0.5, 0.6187499999999999, 0.6124999999999999, 0.44375, 0.55, 0.625, 0.48125, 0.5375, 0.44375, 0.6749999999999999, 0.5875]","{'finalestimator__estimator_name': ['SVC'], 'transfercomponentanalysisadapter__kernel': ['rbf'], 'transfercomponentanalysisadapter__mu': [10, 100], 'transfercomponentanalysisadapter__n_components': [1, 2, 5, 10, 20, 50, 100]}"
Simulated,concept_drift,TSL,soft_neighborhood_density,Subspace,0.599,0.02957379541080244,"[0.6125, 0.58125, 0.60625, 0.5625, 0.625, 0.61875, 0.63125, 0.59375, 0.55, 0.6125, 0.5375, 0.5625, 0.56875, 0.55625, 0.59375, 0.6375, 0.6125, 0.59375, 0.59375, 0.63125, 0.6, 0.59375, 0.625, 0.63125, 0.64375]",0.599,0.029573795410802454,"[0.6125, 0.58125, 0.60625, 0.5625, 0.625, 0.61875, 0.6312500000000001, 0.59375, 0.55, 0.6125, 0.5375, 0.5625, 0.56875, 0.5562499999999999, 0.59375, 0.6375, 0.6125, 0.59375, 0.59375, 0.63125, 0.6, 0.59375, 0.625, 0.6312500000000001, 0.64375]",0.5585119583181837,0.03420254884528665,"[0.5741758241758241, 0.5203794013690664, 0.5724284199363732, 0.5192307692307692, 0.5879120879120879, 0.5792922108711582, 0.5964259758026591, 0.5478064263663638, 0.4763636363636364, 0.5807978363759296, 0.4917582417582418, 0.5333333333333334, 0.5415091988869969, 0.5217043492905562, 0.5680883757631131, 0.5946890286512928, 0.5584045584045583, 0.555384549613099, 0.5436795226185775, 0.5895473716248533, 0.5604395604395604, 0.5517048148627096, 0.5912110373019928, 0.5964259758026591, 0.6101064511991792]",0.599,0.029573795410802454,"[0.6124999999999999, 0.58125, 0.60625, 0.5625, 0.625, 0.61875, 0.63125, 0.59375, 0.55, 0.6124999999999999, 0.5375, 0.5625, 0.56875, 0.55625, 0.5937500000000001, 0.6375000000000001, 0.6124999999999999, 0.59375, 0.59375, 0.63125, 0.6000000000000001, 0.5937500000000001, 0.625, 0.63125, 0.64375]","{'finalestimator__estimator_name': ['SVC'], 'transfersubspacelearningadapter__base_method': ['flda'], 'transfersubspacelearningadapter__length_scale': [2], 'transfersubspacelearningadapter__max_iter': [300], 'transfersubspacelearningadapter__mu': [0.1, 1, 10], 'transfersubspacelearningadapter__n_components': [1, 2, 5, 10, 20, 50, 100], 'transfersubspacelearningadapter__reg': [0.0001], 'transfersubspacelearningadapter__tol': [0.0001]}"
Simulated,covariate_shift,CORAL,soft_neighborhood_density,Mapping,0.66475,0.04223107317682878,"[0.65625, 0.6375, 0.65, 0.76875, 0.65625, 0.71875, 0.64375, 0.66875, 0.7125, 0.6875, 0.6, 0.63125, 0.6125, 0.6125, 0.65, 0.6125, 0.6875, 0.60625, 0.65625, 0.7125, 0.7, 0.70625, 0.68125, 0.7, 0.65]",0.6825289493221918,0.041552403823940036,"[0.6802325581395349, 0.6627906976744187, 0.6734758013827782, 0.7839409176618479, 0.6802325581395349, 0.7383720930232558, 0.6686046511627907, 0.6918604651162791, 0.7325581395348837, 0.7093023255813954, 0.6144578313253012, 0.6445783132530121, 0.6260366139884213, 0.6260366139884213, 0.6626506024096386, 0.6345098039215686, 0.7058823529411764, 0.6286274509803922, 0.6764705882352942, 0.7286274509803922, 0.7108433734939759, 0.7168674698795181, 0.6927710843373494, 0.7108433734939759, 0.6626506024096386]",0.6295139057859559,0.05631810379707713,"[0.6220211780556608, 0.5963166411173566, 0.6166974324551099, 0.7613248374616091, 0.6220211780556608, 0.7017104565297213, 0.6049893955461293, 0.6386565073790711, 0.694104892816233, 0.662920185461169, 0.5332254002518438, 0.580656289763503, 0.5571526185857874, 0.5571526185857874, 0.6075757575757575, 0.5621753246753247, 0.6614583333333334, 0.5529887169007348, 0.6201617179215271, 0.6949046800850924, 0.6746266152038933, 0.6825844516911241, 0.6502200424178155, 0.6746266152038933, 0.6075757575757575]",0.6825289493221918,0.04155240382394004,"[0.6802325581395349, 0.6627906976744187, 0.6734758013827782, 0.7839409176618478, 0.6802325581395349, 0.7383720930232558, 0.6686046511627908, 0.6918604651162791, 0.7325581395348837, 0.7093023255813953, 0.6144578313253012, 0.6445783132530121, 0.6260366139884211, 0.6260366139884211, 0.6626506024096386, 0.6345098039215686, 0.7058823529411764, 0.6286274509803922, 0.6764705882352942, 0.7286274509803922, 0.7108433734939759, 0.7168674698795181, 0.6927710843373494, 0.7108433734939759, 0.6626506024096386]","{'coraladapter__reg': ['auto'], 'finalestimator__estimator_name': ['SVC']}"
Simulated,covariate_shift,DASVM,soft_neighborhood_density,Other,0.89,0.022821773229381923,"[0.875, 0.8875, 0.8875, 0.875, 0.90625, 0.8875, 0.925, 0.9375, 0.93125, 0.86875, 0.89375, 0.89375, 0.86875, 0.91875, 0.89375, 0.8625, 0.8875, 0.8625, 0.9, 0.85, 0.89375, 0.91875, 0.875, 0.86875, 0.88125]",0.8933204428534939,0.02254026167509771,"[0.8799497171590195, 0.8915776241357637, 0.8925204274041483, 0.8790069138906349, 0.9099622878692646, 0.8925204274041483, 0.9292897548711504, 0.9399748585795098, 0.9351037083595224, 0.8760213702074168, 0.8975903614457832, 0.8957127210139258, 0.8730245657956501, 0.9207479267720232, 0.8966515412298545, 0.8674509803921568, 0.8909803921568628, 0.8650980392156862, 0.9027450980392157, 0.8533333333333333, 0.8943044906900328, 0.9202785166640588, 0.8762322015334063, 0.8706775152558285, 0.8822562979189486]",0.8898873586502567,0.022909739450212678,"[0.875, 0.8875879043600563, 0.8875, 0.8750976715111737, 0.9063489117267788, 0.8875, 0.9250586029067044, 0.9375880143952432, 0.9313225352663046, 0.8683137829912024, 0.8929701911377996, 0.8936379000429838, 0.8674752270850536, 0.9186642765034584, 0.8933715901530273, 0.8621990306441525, 0.8875, 0.8625859509298326, 0.9000625097671511, 0.85, 0.8937873666523387, 0.9187277823352474, 0.875, 0.8686115235825096, 0.8812731942654011]",0.8933204428534939,0.022540261675097692,"[0.8799497171590196, 0.8915776241357636, 0.8925204274041483, 0.8790069138906349, 0.9099622878692646, 0.8925204274041483, 0.9292897548711502, 0.9399748585795098, 0.9351037083595224, 0.8760213702074169, 0.8975903614457832, 0.8957127210139258, 0.8730245657956501, 0.9207479267720232, 0.8966515412298545, 0.867450980392157, 0.8909803921568628, 0.8650980392156862, 0.9027450980392158, 0.8533333333333334, 0.8943044906900329, 0.9202785166640588, 0.8762322015334064, 0.8706775152558284, 0.8822562979189486]","{'dasvmclassifier__base_estimator__estimator_name': ['SVC'], 'dasvmclassifier__max_iter': [200]}"
Simulated,covariate_shift,JDOT,soft_neighborhood_density,Other,0.71825,0.04021912635799042,"[0.66875, 0.71875, 0.70625, 0.71875, 0.6375, 0.68125, 0.73125, 0.7875, 0.75625, 0.7625, 0.7375, 0.7125, 0.73125, 0.7375, 0.6125, 0.71875, 0.7875, 0.70625, 0.7375, 0.725, 0.675, 0.725, 0.73125, 0.7125, 0.7375]",0.7192786984759888,0.0400493406926532,"[0.6664047768698931, 0.7176304211187932, 0.7078881206788183, 0.7204588309239472, 0.6382778126964174, 0.6884035197988687, 0.7292583280955374, 0.7891263356379636, 0.7581709616593337, 0.7630421118793211, 0.7375997496479425, 0.7125645438898451, 0.7320450633703646, 0.7390079799718354, 0.6166484118291347, 0.7203921568627452, 0.7890196078431373, 0.7047058823529412, 0.7388235294117647, 0.7301960784313726, 0.6740729150367705, 0.7232045063370365, 0.7315756532624003, 0.7149115944296667, 0.7385385698638711]",0.718009718594181,0.040788200475731694,"[0.6685806692619245, 0.718871423525256, 0.7066520039100684, 0.7191348973607038, 0.6380104834924112, 0.6795908183632735, 0.7311126184577876, 0.7877992489438272, 0.75658357771261, 0.7627976190476191, 0.7375820825515947, 0.7125898999374609, 0.7313024922848548, 0.7373359118612284, 0.6082290190521178, 0.7189807940291508, 0.7876993433395872, 0.7061231798736214, 0.7377462476547842, 0.7239672977624785, 0.674796365914787, 0.7242221873035827, 0.7313445156500332, 0.7116902675637615, 0.7375]",0.7192786984759888,0.040049340692653194,"[0.6664047768698931, 0.7176304211187932, 0.7078881206788183, 0.7204588309239472, 0.6382778126964173, 0.6884035197988685, 0.7292583280955374, 0.7891263356379636, 0.7581709616593337, 0.7630421118793211, 0.7375997496479425, 0.7125645438898451, 0.7320450633703646, 0.7390079799718354, 0.6166484118291348, 0.720392156862745, 0.7890196078431373, 0.7047058823529413, 0.7388235294117647, 0.7301960784313726, 0.6740729150367705, 0.7232045063370365, 0.7315756532624003, 0.7149115944296667, 0.7385385698638711]","{'jdotclassifier__alpha': [0.1, 0.3, 0.5, 0.7, 0.9], 'jdotclassifier__base_estimator__estimator_name': ['SVC'], 'jdotclassifier__n_iter_max': [100], 'jdotclassifier__thr_weights': [1e-07], 'jdotclassifier__tol': [1e-06]}"
Simulated,covariate_shift,KLIEP,soft_neighborhood_density,Reweighting,0.88875,0.025323428710715048,"[0.85, 0.85625, 0.8875, 0.86875, 0.90625, 0.88125, 0.91875, 0.925, 0.9375, 0.86875, 0.89375, 0.88125, 0.88125, 0.93125, 0.90625, 0.86875, 0.88125, 0.85625, 0.9, 0.85, 0.9, 0.925, 0.88125, 0.8875, 0.875]",0.8920298124852374,0.024596452226413188,"[0.8566939032055312, 0.8634506599622879, 0.8925204274041483, 0.8731929604022628, 0.9099622878692646, 0.8867064739157762, 0.9225329981143936, 0.9274041483343808, 0.9418604651162792, 0.875078566939032, 0.8975903614457832, 0.8827257080269129, 0.8850727585667344, 0.9327961195431076, 0.9086997340009388, 0.8733333333333333, 0.8827450980392156, 0.8592156862745097, 0.9019607843137256, 0.8533333333333333, 0.9003285870755751, 0.926302613049601, 0.8827257080269129, 0.8878109841965263, 0.8767016116413706]",0.8886445356964434,0.025402407171324644,"[0.8496247654784241, 0.855772238514174, 0.8875, 0.8688063986874488, 0.9063489117267788, 0.8811896949099574, 0.9188357234965416, 0.925105617274292, 0.9375488357555868, 0.8685192059708491, 0.8929701911377996, 0.8812175280284386, 0.8803784489187173, 0.9312312004375172, 0.9060483870967742, 0.8685499785080693, 0.8813660801564028, 0.856300539083558, 0.900093808630394, 0.85, 0.9000312695434648, 0.925, 0.8812175280284386, 0.8875351782363978, 0.8749218627910611]",0.8920298124852376,0.02459645222641313,"[0.8566939032055312, 0.863450659962288, 0.8925204274041483, 0.8731929604022628, 0.9099622878692646, 0.8867064739157763, 0.9225329981143936, 0.9274041483343808, 0.9418604651162792, 0.8750785669390321, 0.8975903614457832, 0.8827257080269129, 0.8850727585667344, 0.9327961195431074, 0.9086997340009388, 0.8733333333333334, 0.8827450980392157, 0.8592156862745098, 0.9019607843137256, 0.8533333333333334, 0.9003285870755751, 0.926302613049601, 0.8827257080269129, 0.8878109841965264, 0.8767016116413706]","{'finalestimator__estimator_name': ['SVC'], 'kliepreweightadapter__cv': [5], 'kliepreweightadapter__gamma': [0.0001, 0.001, 0.01, 0.1, 1.0, 10.0, 100.0, 1000.0, 'auto', 'scale'], 'kliepreweightadapter__max_iter': [1000], 'kliepreweightadapter__n_centers': [100], 'kliepreweightadapter__random_state': [0], 'kliepreweightadapter__tol': [1e-06]}"
Simulated,covariate_shift,KMM,soft_neighborhood_density,Reweighting,0.88825,0.028027609155973358,"[0.85, 0.8375, 0.86875, 0.86875, 0.875, 0.8875, 0.925, 0.9375, 0.93125, 0.85625, 0.9125, 0.90625, 0.88125, 0.9375, 0.90625, 0.9, 0.86875, 0.85625, 0.8875, 0.8625, 0.89375, 0.91875, 0.875, 0.8875, 0.875]",0.8917467624977324,0.026529412890513644,"[0.8566939032055312, 0.8469516027655563, 0.875078566939032, 0.8731929604022628, 0.8818353236957888, 0.8925204274041483, 0.9274041483343808, 0.9390320553111252, 0.9351037083595224, 0.8643934632306726, 0.9156626506024096, 0.9054138632451884, 0.8850727585667344, 0.9388202159286496, 0.9086997340009388, 0.9027450980392157, 0.8733333333333333, 0.8600000000000001, 0.8894117647058823, 0.8650980392156862, 0.8943044906900328, 0.9207479267720232, 0.8771710217493349, 0.888749804412455, 0.8762322015334063]",0.8880674485837681,0.028213221509220236,"[0.8496247654784241, 0.8360980392156863, 0.8685192059708491, 0.8688063986874488, 0.8746873045653534, 0.8875, 0.925105617274292, 0.937578320802005, 0.9313225352663046, 0.8555017416148096, 0.9121162280701752, 0.9061508092009876, 0.8803784489187173, 0.9375, 0.9060483870967742, 0.9000625097671511, 0.8685499785080693, 0.8561882300089847, 0.8876055347091931, 0.8625859509298326, 0.8937873666523387, 0.9186642765034584, 0.8748045653533459, 0.8875, 0.875]",0.8917467624977324,0.0265294128905136,"[0.8566939032055312, 0.8469516027655563, 0.8750785669390321, 0.8731929604022628, 0.8818353236957888, 0.8925204274041483, 0.9274041483343808, 0.939032055311125, 0.9351037083595224, 0.8643934632306726, 0.9156626506024096, 0.9054138632451884, 0.8850727585667344, 0.9388202159286496, 0.9086997340009388, 0.9027450980392158, 0.8733333333333334, 0.86, 0.8894117647058825, 0.8650980392156862, 0.8943044906900329, 0.9207479267720232, 0.8771710217493349, 0.888749804412455, 0.8762322015334064]","{'finalestimator__estimator_name': ['SVC'], 'kmmreweightadapter__B': [1000.0], 'kmmreweightadapter__gamma': [0.0001, 0.001, 0.01, 0.1, 1.0, 10.0, 100.0, 1000.0, None], 'kmmreweightadapter__max_iter': [1000], 'kmmreweightadapter__smooth_weights': [False], 'kmmreweightadapter__tol': [1e-06]}"
Simulated,covariate_shift,MMD-LS,soft_neighborhood_density,Mapping,0.58675,0.0967290567340893,"[0.675, 0.625, 0.4625, 0.51875, 0.58125, 0.59375, 0.51875, 0.3125, 0.74375, 0.55625, 0.6, 0.58125, 0.68125, 0.55625, 0.59375, 0.5, 0.55, 0.55625, 0.7375, 0.53125, 0.5375, 0.7125, 0.725, 0.6625, 0.55625]",0.5670807076873169,0.10176275461328264,"[0.6524198617221874, 0.5993086109365179, 0.4302325581395348, 0.4825581395348837, 0.5614393463230672, 0.5664676304211188, 0.4891577624135764, 0.2916404776869893, 0.7276869893148963, 0.5221558768070396, 0.588170865279299, 0.5691597559067438, 0.6739946800187764, 0.5460021905805038, 0.5807385385698639, 0.472156862745098, 0.5223529411764706, 0.5337254901960784, 0.7231372549019608, 0.5047058823529412, 0.5222969801283054, 0.7031763417305585, 0.7194492254733218, 0.6526365201063996, 0.5422469097167892]",0.5229935687725633,0.1277364884050441,"[0.639351851851852, 0.5715664644236073, 0.3399572649572649, 0.3671810699588477, 0.5485247208931419, 0.5282748538011697, 0.4279224051058111, 0.2615041208791208, 0.7293682371268578, 0.4349230332145254, 0.5542937753482631, 0.5312596899224806, 0.667976923076923, 0.5196929374545766, 0.5363177584881775, 0.3734866828087167, 0.436138014527845, 0.4877519532152928, 0.7209051724137931, 0.424901953529673, 0.4445413806254767, 0.6921864435429343, 0.7181737588652481, 0.6360564639754727, 0.482582289307013]",0.5670807076873169,0.10176275461328266,"[0.6524198617221872, 0.599308610936518, 0.4302325581395348, 0.4825581395348837, 0.5614393463230672, 0.5664676304211188, 0.4891577624135763, 0.2916404776869893, 0.7276869893148964, 0.5221558768070396, 0.588170865279299, 0.5691597559067438, 0.6739946800187765, 0.5460021905805038, 0.5807385385698639, 0.472156862745098, 0.5223529411764706, 0.5337254901960785, 0.7231372549019608, 0.5047058823529412, 0.5222969801283054, 0.7031763417305585, 0.7194492254733218, 0.6526365201063996, 0.5422469097167892]","{'finalestimator__estimator_name': ['SVC'], 'mmdlsconsmappingadapter__gamma': [0.1, 1, 10], 'mmdlsconsmappingadapter__max_iter': [100], 'mmdlsconsmappingadapter__reg_k': [1e-10, 1e-08], 'mmdlsconsmappingadapter__reg_m': [1e-10, 1e-08], 'mmdlsconsmappingadapter__tol': [1e-05]}"
Simulated,covariate_shift,Train Src,soft_neighborhood_density,NO DA,0.88075,0.025953183009668247,"[0.85, 0.85, 0.88125, 0.8375, 0.8875, 0.875, 0.91875, 0.91875, 0.925, 0.86875, 0.8875, 0.86875, 0.875, 0.93125, 0.9125, 0.86875, 0.875, 0.85625, 0.88125, 0.84375, 0.875, 0.9125, 0.88125, 0.8625, 0.875]",0.8848478147083457,0.02518293214344884,"[0.8566939032055312, 0.8576367064739158, 0.8876492771841609, 0.8441231929604023, 0.893463230672533, 0.8818353236957888, 0.9225329981143936, 0.9215901948460088, 0.9302325581395348, 0.8760213702074168, 0.891566265060241, 0.8711469253637929, 0.8790486621811924, 0.9327961195431076, 0.914723830386481, 0.8733333333333333, 0.8792156862745097, 0.8592156862745097, 0.8850980392156862, 0.8482352941176471, 0.8767016116413706, 0.9142544202785168, 0.8827257080269129, 0.8646534188702863, 0.8767016116413706]",0.8805193328319945,0.026072761919467925,"[0.8496247654784241, 0.849366296354248, 0.8810411863545777, 0.8370934959349594, 0.8873769338959212, 0.8746873045653534, 0.9188357234965416, 0.91886119257087, 0.925, 0.8683137829912024, 0.8865454116907605, 0.8684677419354838, 0.8739393463230674, 0.9312312004375172, 0.912363195747342, 0.8685499785080693, 0.8748827941865918, 0.856300539083558, 0.8811989726161178, 0.8435118791762729, 0.8749218627910611, 0.9124453039537428, 0.8812175280284386, 0.8622850218886804, 0.8749218627910611]",0.8848478147083457,0.02518293214344882,"[0.8566939032055312, 0.8576367064739158, 0.8876492771841609, 0.8441231929604023, 0.8934632306725331, 0.8818353236957888, 0.9225329981143936, 0.9215901948460088, 0.9302325581395348, 0.8760213702074169, 0.891566265060241, 0.8711469253637929, 0.8790486621811923, 0.9327961195431074, 0.914723830386481, 0.8733333333333334, 0.8792156862745099, 0.8592156862745098, 0.8850980392156862, 0.8482352941176471, 0.8767016116413706, 0.9142544202785168, 0.8827257080269129, 0.8646534188702863, 0.8767016116413706]",{'finalestimator__estimator_name': ['SVC']}
Simulated,covariate_shift,NO_DA_SOURCE_ONLY_BASE_ESTIM,soft_neighborhood_density,Unknown,,,"[NaN, NaN, NaN, NaN, NaN, NaN, NaN, NaN, NaN, NaN, NaN, NaN, NaN, NaN, NaN, NaN, NaN, NaN, NaN, NaN, NaN, NaN, NaN, NaN, NaN]",,,"[NaN, NaN, NaN, NaN, NaN, NaN, NaN, NaN, NaN, NaN, NaN, NaN, NaN, NaN, NaN, NaN, NaN, NaN, NaN, NaN, NaN, NaN, NaN, NaN, NaN]",,,"[NaN, NaN, NaN, NaN, NaN, NaN, NaN, NaN, NaN, NaN, NaN, NaN, NaN, NaN, NaN, NaN, NaN, NaN, NaN, NaN, NaN, NaN, NaN, NaN, NaN]",,,"[NaN, NaN, NaN, NaN, NaN, NaN, NaN, NaN, NaN, NaN, NaN, NaN, NaN, NaN, NaN, NaN, NaN, NaN, NaN, NaN, NaN, NaN, NaN, NaN, NaN]",{'finalestimator__estimator_name': ['SVC']}
Simulated,covariate_shift,Train Tgt,soft_neighborhood_density,NO DA,0.915,0.020885351724753545,"[0.9, 0.91875, 0.91875, 0.9, 0.90625, 0.9, 0.9375, 0.94375, 0.95, 0.88125, 0.95625, 0.925, 0.9125, 0.925, 0.9375, 0.90625, 0.89375, 0.88125, 0.9125, 0.8875, 0.91875, 0.94375, 0.9125, 0.9, 0.90625]",0.915359763322877,0.02066174349767348,"[0.9003771213073539, 0.91781898177247, 0.9197045883092394, 0.8994343180389692, 0.9071338780641108, 0.9003771213073539, 0.9380892520427404, 0.9439032055311124, 0.9497171590194846, 0.884820867379007, 0.9573619151932404, 0.9239555625097792, 0.9151932404944454, 0.9244249726177436, 0.9374119856047568, 0.9070588235294118, 0.8952941176470588, 0.8811764705882352, 0.9129411764705884, 0.8878431372549019, 0.9184008762322016, 0.9443749022062276, 0.9114379596307308, 0.8998591769676108, 0.9058832733531528]",0.9150111693514508,0.02086261365550337,"[0.900078431372549, 0.9187084660453776, 0.918835965359144, 0.9, 0.9063491907990128, 0.900078431372549, 0.9375490196078432, 0.9437742847050512, 0.95, 0.8813752881872533, 0.956258545255674, 0.9248823529411766, 0.9122535596933188, 0.9249530075187968, 0.9375, 0.9063270517787952, 0.8938538611925709, 0.8812918805595832, 0.9125548245614036, 0.8875704887218046, 0.9187277405972368, 0.9437697823453558, 0.9123627450980392, 0.9, 0.9062243160737348]",0.915359763322877,0.020661743497673503,"[0.9003771213073538, 0.91781898177247, 0.9197045883092396, 0.8994343180389692, 0.9071338780641108, 0.9003771213073538, 0.9380892520427404, 0.9439032055311124, 0.9497171590194848, 0.8848208673790069, 0.9573619151932404, 0.9239555625097792, 0.9151932404944452, 0.9244249726177436, 0.9374119856047566, 0.9070588235294118, 0.8952941176470589, 0.8811764705882352, 0.912941176470588, 0.8878431372549018, 0.9184008762322016, 0.9443749022062274, 0.9114379596307306, 0.8998591769676106, 0.9058832733531528]",{'finalestimator__estimator_name': ['SVC']}
Simulated,covariate_shift,OTLabelProp,soft_neighborhood_density,Other,0.873,0.032159676485727706,"[0.83125, 0.9125, 0.84375, 0.83125, 0.875, 0.88125, 0.90625, 0.93125, 0.94375, 0.8625, 0.8875, 0.825, 0.88125, 0.90625, 0.8375, 0.88125, 0.85625, 0.83125, 0.8875, 0.86875, 0.85625, 0.90625, 0.85625, 0.85625, 0.86875]",0.8730514777231636,0.03160507923086394,"[0.8317096165933375, 0.9129478315524828, 0.8395663104965431, 0.8373664362036455, 0.8752357008170961, 0.8791640477686988, 0.9071338780641108, 0.930389692017599, 0.9420175989943432, 0.8645505971087366, 0.8878109841965263, 0.8252229698012831, 0.8831951181348772, 0.9058832733531528, 0.8377405726803318, 0.8796078431372549, 0.8592156862745097, 0.8309803921568628, 0.883921568627451, 0.8686274509803922, 0.8548740416210296, 0.9054138632451884, 0.8572210921608512, 0.8576905022688155, 0.8687998748239711]",0.8729240164929145,0.0321659886297698,"[0.8314285434382225, 0.9125686274509804, 0.8429266214984745, 0.8309532648196631, 0.8750980392156862, 0.8810394088669952, 0.9063491907990128, 0.9312148558845504, 0.9436502463054186, 0.8626936316695353, 0.8875351782363978, 0.8250547217010631, 0.8811247118127467, 0.9062243160737348, 0.8375508130081301, 0.8810678895835791, 0.856300539083558, 0.8313095144794076, 0.8868590758031333, 0.8687962890395392, 0.8559396954354567, 0.9061508092009876, 0.8562780772686434, 0.8562106918238994, 0.8687756598240469]",0.8730514777231636,0.03160507923086392,"[0.8317096165933375, 0.9129478315524828, 0.8395663104965432, 0.8373664362036455, 0.8752357008170962, 0.8791640477686989, 0.9071338780641108, 0.9303896920175988, 0.9420175989943432, 0.8645505971087366, 0.8878109841965264, 0.8252229698012831, 0.8831951181348772, 0.9058832733531528, 0.8377405726803316, 0.8796078431372549, 0.8592156862745098, 0.8309803921568627, 0.883921568627451, 0.8686274509803922, 0.8548740416210296, 0.9054138632451884, 0.8572210921608511, 0.8576905022688155, 0.8687998748239711]","{'finalestimator__estimator_name': ['SVC'], 'otlabelpropadapter__metric': ['sqeuclidean', 'cosine', 'cityblock'], 'otlabelpropadapter__reg': [None, 0.1, 1.0]}"
Simulated,covariate_shift,JPCA,soft_neighborhood_density,Subspace,0.8107500000000001,0.04942771447612492,"[0.8, 0.76875, 0.80625, 0.76875, 0.84375, 0.79375, 0.775, 0.7125, 0.8125, 0.78125, 0.85625, 0.8875, 0.8875, 0.8875, 0.90625, 0.75, 0.8125, 0.75625, 0.80625, 0.85625, 0.825, 0.83125, 0.76875, 0.80625, 0.76875]",0.8185030944796375,0.045384359707485875,"[0.8092394720301697, 0.7848837209302326, 0.8159962287869265, 0.7820553111250785, 0.8499371464487744, 0.8034255185417976, 0.7869264613450659, 0.7316153362664991, 0.8218101822752986, 0.7955688246385921, 0.8590987325927084, 0.888749804412455, 0.8906274448443123, 0.887341574088562, 0.9077609137850102, 0.7615686274509803, 0.820392156862745, 0.764313725490196, 0.8152941176470587, 0.8592156862745097, 0.8299170708809263, 0.8359411672664685, 0.7752307933030824, 0.8104365514004068, 0.7752307933030824]",0.8074540516550037,0.05246689695260347,"[0.7982745098039216, 0.7601851851851852, 0.8043261116998313, 0.7633533420500019, 0.8434752452033918, 0.7917019898740139, 0.7710227272727272, 0.6960286458333333, 0.8108823529411765, 0.7752245717238364, 0.8557380337364486, 0.8875, 0.8870065789473685, 0.8875, 0.906224364232978, 0.7429925147316452, 0.8105554682589566, 0.7533841571310604, 0.8033866995073892, 0.856300539083558, 0.8225694444444445, 0.8291551724137932, 0.7625977224681904, 0.8043681923636508, 0.7625977224681904]",0.8185030944796375,0.0453843597074859,"[0.8092394720301697, 0.7848837209302326, 0.8159962287869265, 0.7820553111250785, 0.8499371464487744, 0.8034255185417976, 0.7869264613450659, 0.731615336266499, 0.8218101822752986, 0.795568824638592, 0.8590987325927084, 0.888749804412455, 0.8906274448443123, 0.887341574088562, 0.90776091378501, 0.7615686274509803, 0.820392156862745, 0.764313725490196, 0.815294117647059, 0.8592156862745098, 0.8299170708809264, 0.8359411672664685, 0.7752307933030823, 0.8104365514004068, 0.7752307933030823]","{'finalestimator__estimator_name': ['SVC'], 'pca__n_components': [1, 2, 5, 10, 20, 50, 100]}"
Simulated,covariate_shift,MMDTarS,soft_neighborhood_density,Reweighting,0.87,0.026145625829189865,"[0.84375, 0.81875, 0.86875, 0.83125, 0.86875, 0.85625, 0.91875, 0.89375, 0.8875, 0.86875, 0.875, 0.875, 0.86875, 0.90625, 0.9125, 0.84375, 0.875, 0.84375, 0.86875, 0.8375, 0.875, 0.91875, 0.8625, 0.8625, 0.86875]",0.8753621721033058,0.024687886347989706,"[0.8508799497171591, 0.8295097423004401, 0.8760213702074168, 0.8392520427404149, 0.8760213702074168, 0.8662790697674418, 0.9225329981143936, 0.9002199874292898, 0.8953488372093024, 0.8760213702074168, 0.8795180722891567, 0.8776404318572993, 0.8730245657956501, 0.9086997340009388, 0.914723830386481, 0.8498039215686275, 0.8792156862745097, 0.8490196078431372, 0.8733333333333333, 0.843921568627451, 0.8776404318572993, 0.9207479267720232, 0.865592239086215, 0.8660616491941793, 0.8730245657956501]",0.8693613076700791,0.02650924759485258,"[0.8432306940371456, 0.8164336832999096, 0.8683137829912024, 0.8303716097217329, 0.8683137829912024, 0.8548225990031006, 0.9188357234965416, 0.8935631667383065, 0.8870247222656861, 0.8683137829912024, 0.8736222642103606, 0.8746479424190268, 0.8674752270850536, 0.9060483870967742, 0.912363195747342, 0.8430222887558217, 0.8748827941865918, 0.8432917888563051, 0.8685499785080693, 0.8365836466165414, 0.8746479424190268, 0.9186642765034584, 0.8618969298245613, 0.8616372549019609, 0.8674752270850536]",0.8753621721033058,0.024687886347989726,"[0.8508799497171591, 0.8295097423004401, 0.8760213702074169, 0.8392520427404148, 0.8760213702074169, 0.8662790697674418, 0.9225329981143936, 0.9002199874292898, 0.8953488372093023, 0.8760213702074169, 0.8795180722891567, 0.8776404318572993, 0.8730245657956501, 0.9086997340009388, 0.914723830386481, 0.8498039215686275, 0.8792156862745099, 0.8490196078431371, 0.8733333333333334, 0.843921568627451, 0.8776404318572993, 0.9207479267720232, 0.865592239086215, 0.8660616491941794, 0.8730245657956501]","{'finalestimator__estimator_name': ['SVC'], 'mmdtarsreweightadapter__gamma': [0.0001, 0.001, 0.01, 0.1, 1.0, 10.0, 100.0, 1000.0, None], 'mmdtarsreweightadapter__max_iter': [1000], 'mmdtarsreweightadapter__reg': [1e-06], 'mmdtarsreweightadapter__tol': [1e-06]}"
Simulated,covariate_shift,ClassRegOT,soft_neighborhood_density,Mapping,0.5435,0.0403225924059123,"[0.5125, 0.55, 0.56875, 0.56875, 0.50625, 0.53125, 0.575, 0.59375, 0.6, 0.58125, 0.55, 0.5375, 0.55, 0.58125, 0.49375, 0.5125, 0.575, 0.54375, 0.53125, 0.525, 0.48125, 0.425, 0.55625, 0.54375, 0.59375]",0.5490791831850292,0.0408496570499905,"[0.5144563167818982, 0.556882463859208, 0.5790383406662476, 0.5762099308610936, 0.514299182903834, 0.5441546197360151, 0.5791954745443118, 0.5919233186675047, 0.6071653048397234, 0.5878378378378378, 0.5545298075418558, 0.5415427945548428, 0.5554686277577844, 0.5874667501173525, 0.5012517602879049, 0.516078431372549, 0.580392156862745, 0.5486274509803921, 0.5407843137254902, 0.5356862745098039, 0.4816930057893913, 0.4260679079956188, 0.5596150837114693, 0.5494445313722423, 0.5971678923486152]",0.5381500612115037,0.0412195152406946,"[0.512880918893577, 0.5471804511278195, 0.5618669950738917, 0.5655560562717975, 0.501347187880215, 0.5183383679796494, 0.5745350836068136, 0.593925389536481, 0.5974937343358396, 0.5790702907909671, 0.54375, 0.532402377578334, 0.5407142857142857, 0.5701093893342907, 0.4729961832061068, 0.5114329268292683, 0.5726033834586467, 0.5416250831669993, 0.5210165814810412, 0.5116857779901258, 0.481351322317278, 0.424640568838881, 0.5529931512225754, 0.5334676457728845, 0.5907683778798226]",0.5490791831850292,0.0408496570499905,"[0.5144563167818982, 0.556882463859208, 0.5790383406662476, 0.5762099308610936, 0.514299182903834, 0.5441546197360151, 0.5791954745443118, 0.5919233186675047, 0.6071653048397234, 0.5878378378378378, 0.5545298075418558, 0.5415427945548428, 0.5554686277577844, 0.5874667501173525, 0.5012517602879049, 0.516078431372549, 0.580392156862745, 0.5486274509803921, 0.5407843137254902, 0.5356862745098039, 0.4816930057893913, 0.4260679079956188, 0.5596150837114693, 0.5494445313722423, 0.5971678923486152]","[{'classregularizerotmappingadapter__max_inner_iter': [1000], 'classregularizerotmappingadapter__max_iter': [10], 'classregularizerotmappingadapter__metric': ['sqeuclidean', 'cosine', 'cityblock'], 'classregularizerotmappingadapter__norm': ['lpl1'], 'classregularizerotmappingadapter__reg_cl': [0.1], 'classregularizerotmappingadapter__reg_e': [0.1], 'classregularizerotmappingadapter__tol': [1e-06], 'finalestimator__estimator_name': ['SVC']}, {'classregularizerotmappingadapter__max_inner_iter': [1000], 'classregularizerotmappingadapter__max_iter': [10], 'classregularizerotmappingadapter__metric': ['sqeuclidean', 'cosine', 'cityblock'], 'classregularizerotmappingadapter__norm': ['lpl1'], 'classregularizerotmappingadapter__reg_cl': [0.5], 'classregularizerotmappingadapter__reg_e': [0.5], 'classregularizerotmappingadapter__tol': [1e-06], 'finalestimator__estimator_name': ['SVC']}, {'classregularizerotmappingadapter__max_inner_iter': [1000], 'classregularizerotmappingadapter__max_iter': [10], 'classregularizerotmappingadapter__metric': ['sqeuclidean', 'cosine', 'cityblock'], 'classregularizerotmappingadapter__norm': ['lpl1'], 'classregularizerotmappingadapter__reg_cl': [1.0], 'classregularizerotmappingadapter__reg_e': [1.0], 'classregularizerotmappingadapter__tol': [1e-06], 'finalestimator__estimator_name': ['SVC']}]"
Simulated,covariate_shift,Dens. RW,soft_neighborhood_density,Reweighting,0.87925,0.03855799203796797,"[0.85, 0.825, 0.9, 0.85, 0.93125, 0.90625, 0.925, 0.9375, 0.9375, 0.86875, 0.83125, 0.84375, 0.875, 0.86875, 0.9125, 0.89375, 0.875, 0.775, 0.8875, 0.85, 0.89375, 0.9125, 0.88125, 0.875, 0.875]",0.8817331520355073,0.03782657553665623,"[0.8566939032055312, 0.8306096794468887, 0.9032055311125078, 0.8557510999371465, 0.9313324952859836, 0.9080766813324952, 0.9283469516027656, 0.9390320553111252, 0.9418604651162792, 0.875078566939032, 0.8303082459708966, 0.8414176185260522, 0.8790486621811924, 0.8669222343921139, 0.914723830386481, 0.8929411764705882, 0.8784313725490196, 0.7827450980392157, 0.8886274509803922, 0.8525490196078431, 0.8947739007979971, 0.9142544202785168, 0.8827257080269129, 0.8771710217493349, 0.8767016116413706]",0.8790238296691743,0.03891776072693499,"[0.8496247654784241, 0.8248085638380998, 0.9001250781738588, 0.8498359118612283, 0.9312796813061738, 0.9063784196313256, 0.925093808630394, 0.937578320802005, 0.9375488357555868, 0.8685192059708491, 0.8310714565617776, 0.8429187192118226, 0.8739393463230674, 0.8682803468208092, 0.912363195747342, 0.8937041288904588, 0.875, 0.7726665619107479, 0.8876056172742921, 0.8500937646507266, 0.8937707527637798, 0.9124453039537428, 0.8812175280284386, 0.8748045653533459, 0.8749218627910611]",0.8817331520355073,0.03782657553665621,"[0.8566939032055312, 0.8306096794468887, 0.903205531112508, 0.8557510999371465, 0.9313324952859836, 0.9080766813324952, 0.9283469516027656, 0.939032055311125, 0.9418604651162792, 0.8750785669390321, 0.8303082459708966, 0.8414176185260522, 0.8790486621811923, 0.866922234392114, 0.914723830386481, 0.8929411764705882, 0.8784313725490196, 0.7827450980392157, 0.8886274509803922, 0.8525490196078431, 0.8947739007979972, 0.9142544202785168, 0.8827257080269129, 0.8771710217493349, 0.8767016116413706]","{'densityreweightadapter__weight_estimator__bandwidth': [0.01, 0.1, 1.0, 10.0, 100.0, 'scott', 'silverman'], 'finalestimator__estimator_name': ['SVC']}"
Simulated,covariate_shift,Disc. RW,soft_neighborhood_density,Reweighting,0.7979999999999999,0.056674325462828995,"[0.78125, 0.81875, 0.83125, 0.8, 0.825, 0.775, 0.7375, 0.75625, 0.83125, 0.775, 0.81875, 0.85, 0.7625, 0.88125, 0.8875, 0.73125, 0.78125, 0.75625, 0.7125, 0.75625, 0.6625, 0.875, 0.8625, 0.84375, 0.8375]",0.8074242608251542,0.05502818496737345,"[0.7946260213702074, 0.8295097423004401, 0.8411376492771843, 0.8120678818353237, 0.8353236957888122, 0.7906976744186047, 0.7558139534883721, 0.7723130106851037, 0.8430232558139534, 0.7906976744186047, 0.8253012048192772, 0.854013456423095, 0.7706149272414333, 0.8846033484587701, 0.8906274448443123, 0.7462745098039216, 0.7933333333333333, 0.7698039215686274, 0.7294117647058823, 0.7705882352941176, 0.653105930214364, 0.8767016116413706, 0.8651228289782507, 0.8475199499295885, 0.8433734939759037]",0.7914930223544288,0.06264548181532016,"[0.7761450532905424, 0.8164336832999096, 0.8295743553514658, 0.7964646464646464, 0.8230201131363923, 0.7672314578005116, 0.7241093117408907, 0.7472222222222223, 0.8285566502463053, 0.7672314578005116, 0.8139279446372303, 0.8487272155876806, 0.7521153846153846, 0.8806217916062542, 0.8870065789473685, 0.7173865619546248, 0.7746275577360298, 0.7464592296248643, 0.6929106319947334, 0.7451154125772446, 0.6386536511156187, 0.8749218627910611, 0.8621127366609294, 0.8426032222614701, 0.8341468253968255]",0.8074242608251542,0.055028184967373446,"[0.7946260213702074, 0.8295097423004401, 0.841137649277184, 0.8120678818353237, 0.8353236957888122, 0.7906976744186046, 0.7558139534883721, 0.7723130106851037, 0.8430232558139534, 0.7906976744186046, 0.8253012048192772, 0.854013456423095, 0.7706149272414332, 0.8846033484587702, 0.8906274448443123, 0.7462745098039216, 0.7933333333333333, 0.7698039215686275, 0.7294117647058824, 0.7705882352941177, 0.653105930214364, 0.8767016116413706, 0.8651228289782507, 0.8475199499295885, 0.8433734939759037]","{'discriminatorreweightadapter__domain_classifier__estimator_name': ['LR', 'SVC', 'KNN', 'XGB'], 'finalestimator__estimator_name': ['SVC']}"
Simulated,covariate_shift,EntOT,soft_neighborhood_density,Mapping,0.71825,0.09929635252616281,"[0.63125, 0.70625, 0.68125, 0.70625, 0.60625, 0.9, 0.65, 0.725, 0.95625, 0.86875, 0.69375, 0.64375, 0.675, 0.68125, 0.5625, 0.6625, 0.73125, 0.68125, 0.6625, 0.68125, 0.6875, 0.6875, 0.88125, 0.88125, 0.7125]",0.723576709656231,0.09710891450193992,"[0.6343494657448145, 0.7135449402891263, 0.6893463230672533, 0.7135449402891263, 0.6158076681332495, 0.9003771213073539, 0.6574481458202388, 0.7291011942174732, 0.9564739157762414, 0.8731929604022628, 0.6987169457048976, 0.6481771240807386, 0.6839305273040213, 0.688076983257706, 0.5689250508527617, 0.6713725490196079, 0.7368627450980392, 0.6882352941176471, 0.6745098039215687, 0.6929411764705882, 0.6875293381317478, 0.6879987482397121, 0.8813174777030198, 0.8817868878109842, 0.7158504146455954]",0.7144929474410954,0.1018137108143409,"[0.631408453455213, 0.7047209502563501, 0.6788892589835025, 0.7047209502563501, 0.6012180016515277, 0.900078431372549, 0.6478070175438596, 0.725, 0.9562688881039288, 0.8688063986874488, 0.6890191023665599, 0.6393275862068966, 0.6569178530518737, 0.6713588588588589, 0.549912084398977, 0.6569602272727273, 0.7299983366600132, 0.678360120098905, 0.6514945652173914, 0.6716001555582147, 0.687597717323327, 0.6875976715111737, 0.8812732160312805, 0.8812917627290844, 0.7106960784313726]",0.723576709656231,0.0971089145019399,"[0.6343494657448145, 0.7135449402891264, 0.6893463230672532, 0.7135449402891264, 0.6158076681332495, 0.9003771213073538, 0.6574481458202388, 0.7291011942174733, 0.9564739157762414, 0.8731929604022628, 0.6987169457048975, 0.6481771240807386, 0.6839305273040213, 0.6880769832577062, 0.5689250508527617, 0.6713725490196079, 0.7368627450980392, 0.6882352941176471, 0.6745098039215686, 0.6929411764705882, 0.6875293381317477, 0.6879987482397121, 0.8813174777030198, 0.8817868878109842, 0.7158504146455954]","{'entropicotmappingadapter__max_iter': [1000], 'entropicotmappingadapter__metric': ['sqeuclidean', 'cosine', 'cityblock'], 'entropicotmappingadapter__norm': ['median'], 'entropicotmappingadapter__reg_e': [0.1, 0.5, 1.0], 'entropicotmappingadapter__tol': [1e-06], 'finalestimator__estimator_name': ['SVC']}"
Simulated,covariate_shift,Gauss. RW,soft_neighborhood_density,Reweighting,0.89,0.02500000000000001,"[0.85625, 0.85625, 0.8875, 0.8625, 0.9, 0.8875, 0.91875, 0.925, 0.93125, 0.8625, 0.90625, 0.9, 0.88125, 0.9375, 0.9125, 0.875, 0.89375, 0.85625, 0.89375, 0.85625, 0.88125, 0.925, 0.88125, 0.8875, 0.875]",0.8934473903133834,0.024206538599041632,"[0.8625078566939033, 0.8634506599622879, 0.8925204274041483, 0.8673790069138907, 0.9041483343808924, 0.8925204274041483, 0.9225329981143936, 0.9274041483343808, 0.936046511627907, 0.86926461345066, 0.9096385542168676, 0.9007979971835394, 0.8850727585667344, 0.9388202159286496, 0.914723830386481, 0.8792156862745097, 0.8968627450980392, 0.8592156862745097, 0.8952941176470588, 0.8592156862745097, 0.8831951181348772, 0.926302613049601, 0.8827257080269129, 0.8892192145204194, 0.8781098419652636]",0.8898840089634932,0.02508065700775801,"[0.8559972255871205, 0.855772238514174, 0.8875, 0.8625, 0.9000781372089388, 0.8875, 0.9188357234965416, 0.925105617274292, 0.931279542169616, 0.8621560350218885, 0.9057540460049374, 0.9000312548835755, 0.8803784489187173, 0.9375, 0.912363195747342, 0.8748827941865918, 0.8937873549748037, 0.856300539083558, 0.8938538611925709, 0.856300539083558, 0.8811247118127467, 0.925, 0.8812175280284386, 0.8874296765119549, 0.8744517543859649]",0.8934473903133835,0.024206538599041604,"[0.8625078566939033, 0.863450659962288, 0.8925204274041483, 0.8673790069138907, 0.9041483343808924, 0.8925204274041483, 0.9225329981143936, 0.9274041483343808, 0.936046511627907, 0.86926461345066, 0.9096385542168676, 0.9007979971835396, 0.8850727585667344, 0.9388202159286496, 0.914723830386481, 0.8792156862745099, 0.8968627450980393, 0.8592156862745098, 0.8952941176470589, 0.8592156862745098, 0.8831951181348772, 0.926302613049601, 0.8827257080269129, 0.8892192145204193, 0.8781098419652636]","{'finalestimator__estimator_name': ['SVC'], 'gaussianreweightadapter__reg': ['auto', 1e-05, 0.01, 0.5]}"
Simulated,covariate_shift,LinOT,soft_neighborhood_density,Mapping,0.75425,0.05661685923821632,"[0.69375, 0.9125, 0.7375, 0.7875, 0.69375, 0.75, 0.74375, 0.7625, 0.775, 0.75, 0.7875, 0.7, 0.8875, 0.76875, 0.74375, 0.70625, 0.8, 0.68125, 0.76875, 0.7625, 0.66875, 0.7, 0.7625, 0.7625, 0.75]",0.745235596276191,0.060089863335116095,"[0.6764613450659962, 0.9138906348208674, 0.7275298554368321, 0.7768698931489628, 0.6811753614079195, 0.7438717787554997, 0.728629792583281, 0.7498428661219358, 0.7633563796354494, 0.7363293526084224, 0.7815678297606008, 0.6934751994992958, 0.8906274448443123, 0.7620873102800814, 0.7379909247379126, 0.692156862745098, 0.7890196078431373, 0.6662745098039216, 0.7580392156862745, 0.7552941176470589, 0.659130026599906, 0.69065873885151, 0.7560632138945391, 0.7570020341104678, 0.7435456110154905]",0.7446391595043204,0.061883796133441964,"[0.674459172852598, 0.9126096491228072, 0.7317611336032389, 0.7819661458333333, 0.6836358974358975, 0.7478101608536392, 0.7310119570216147, 0.7540569453587886, 0.7681148748159058, 0.7397747971518462, 0.7813056680161944, 0.68984375, 0.8870065789473685, 0.7603438252213292, 0.7368467022092975, 0.6886999494758115, 0.7922975641869652, 0.6599549310710499, 0.7604487179487179, 0.7585359492858288, 0.6440906680805938, 0.6788032454361055, 0.7544596354166667, 0.756604609929078, 0.7415364583333333]",0.745235596276191,0.06008986333511607,"[0.6764613450659963, 0.9138906348208674, 0.7275298554368321, 0.7768698931489628, 0.6811753614079196, 0.7438717787554997, 0.7286297925832809, 0.749842866121936, 0.7633563796354493, 0.7363293526084222, 0.7815678297606008, 0.6934751994992959, 0.8906274448443123, 0.7620873102800814, 0.7379909247379126, 0.692156862745098, 0.7890196078431372, 0.6662745098039217, 0.7580392156862745, 0.7552941176470589, 0.6591300265999062, 0.69065873885151, 0.7560632138945391, 0.7570020341104678, 0.7435456110154905]","{'finalestimator__estimator_name': ['SVC'], 'linearotmappingadapter__bias': [True, False], 'linearotmappingadapter__reg': [1e-08, 1e-06, 0.1, 1, 10]}"
Simulated,covariate_shift,NN RW,soft_neighborhood_density,Reweighting,0.88575,0.028155076510876925,"[0.84375, 0.83125, 0.88125, 0.85, 0.88125, 0.8875, 0.925, 0.9375, 0.9375, 0.86875, 0.89375, 0.8875, 0.8875, 0.90625, 0.91875, 0.875, 0.9, 0.8625, 0.89375, 0.84375, 0.8875, 0.91875, 0.88125, 0.86875, 0.875]",0.889517202577938,0.027118110786211177,"[0.8508799497171591, 0.8411376492771843, 0.8867064739157762, 0.8557510999371465, 0.8876492771841609, 0.8944060339409177, 0.9292897548711504, 0.9399748585795098, 0.9418604651162792, 0.8760213702074168, 0.8975903614457832, 0.887341574088562, 0.8910968549522766, 0.9086997340009388, 0.9207479267720232, 0.8792156862745097, 0.9019607843137256, 0.8650980392156862, 0.8945098039215686, 0.8474509803921568, 0.8892192145204194, 0.9207479267720232, 0.8827257080269129, 0.8711469253637929, 0.8767016116413706]",0.8855344179451582,0.02834800690385469,"[0.8432306940371456, 0.8295743553514658, 0.8811896949099574, 0.8498359118612283, 0.8810411863545777, 0.8872185741088181, 0.9250586029067044, 0.9375880143952432, 0.9375488357555868, 0.8683137829912024, 0.8929701911377996, 0.8875, 0.8867941176470587, 0.9060483870967742, 0.9186642765034584, 0.8748827941865918, 0.900093808630394, 0.8625859509298326, 0.8938373253493014, 0.8436828587054181, 0.8874296765119549, 0.9186642765034584, 0.8812175280284386, 0.8684677419354838, 0.8749218627910611]",0.889517202577938,0.027118110786211163,"[0.8508799497171591, 0.841137649277184, 0.8867064739157763, 0.8557510999371465, 0.8876492771841609, 0.8944060339409177, 0.9292897548711502, 0.9399748585795098, 0.9418604651162792, 0.8760213702074169, 0.8975903614457832, 0.887341574088562, 0.8910968549522766, 0.9086997340009388, 0.9207479267720232, 0.8792156862745099, 0.9019607843137256, 0.8650980392156862, 0.8945098039215686, 0.8474509803921568, 0.8892192145204193, 0.9207479267720232, 0.8827257080269129, 0.8711469253637929, 0.8767016116413706]","{'finalestimator__estimator_name': ['SVC'], 'nearestneighborreweightadapter__laplace_smoothing': [True, False], 'nearestneighborreweightadapter__n_neighbors': [1]}"
Simulated,covariate_shift,MapOT,soft_neighborhood_density,Mapping,0.8652500000000001,0.027188098652412836,"[0.8625, 0.89375, 0.84375, 0.8875, 0.83125, 0.875, 0.85, 0.91875, 0.9125, 0.8625, 0.85625, 0.8375, 0.875, 0.80625, 0.85, 0.8375, 0.875, 0.8625, 0.85625, 0.84375, 0.8625, 0.91875, 0.85625, 0.88125, 0.875]",0.8654461735800453,0.026220646903122615,"[0.8645505971087366, 0.8945631678189818, 0.8461659333752357, 0.8849780012570709, 0.8307668133249528, 0.8733500942803268, 0.8491514770584538, 0.9140477686989316, 0.909176618478944, 0.8645505971087366, 0.8595681427006728, 0.8382099827882961, 0.8771710217493349, 0.8076200907526209, 0.8511969957753089, 0.8400000000000001, 0.8752941176470588, 0.8603921568627451, 0.8552941176470588, 0.8450980392156863, 0.8623063683304647, 0.9193396964481302, 0.8567516820528869, 0.8817868878109842, 0.8748239712095134]",0.8651904214908697,0.02709943855642659,"[0.8626936316695353, 0.8938624162388809, 0.8439638318670577, 0.887215909090909, 0.8313228541151536, 0.8748622264210362, 0.85, 0.918139631940856, 0.912126127551828, 0.8626936316695353, 0.8554895372075709, 0.8375507891858103, 0.8748045653533459, 0.8061970194148209, 0.85, 0.8376015783716205, 0.875078320802005, 0.8621968981262793, 0.8561879390870913, 0.8439027370478984, 0.8625, 0.9187785744988471, 0.8563005548825761, 0.8812917627290844, 0.875]",0.8654461735800453,0.026220646903122622,"[0.8645505971087366, 0.8945631678189817, 0.8461659333752357, 0.8849780012570709, 0.8307668133249527, 0.8733500942803268, 0.8491514770584537, 0.9140477686989316, 0.909176618478944, 0.8645505971087366, 0.8595681427006729, 0.8382099827882961, 0.8771710217493349, 0.8076200907526209, 0.8511969957753089, 0.84, 0.8752941176470588, 0.8603921568627452, 0.8552941176470588, 0.8450980392156862, 0.8623063683304648, 0.9193396964481302, 0.8567516820528869, 0.8817868878109842, 0.8748239712095134]","{'finalestimator__estimator_name': ['SVC'], 'otmappingadapter__max_iter': [1000000], 'otmappingadapter__metric': ['sqeuclidean', 'cosine', 'cityblock'], 'otmappingadapter__norm': ['median']}"
Simulated,covariate_shift,SA,soft_neighborhood_density,Subspace,0.53325,0.03889422086463061,"[0.5125, 0.59375, 0.54375, 0.59375, 0.5125, 0.55625, 0.54375, 0.59375, 0.49375, 0.525, 0.4875, 0.4875, 0.53125, 0.49375, 0.4875, 0.5625, 0.53125, 0.55625, 0.60625, 0.55625, 0.45625, 0.50625, 0.5375, 0.54375, 0.51875]",0.5108172724191381,0.03628044122576931,"[0.4824010056568196, 0.5664676304211188, 0.5152419861722187, 0.5692960402262728, 0.4842866121935889, 0.5268698931489629, 0.51147077309868, 0.5664676304211188, 0.463073538654934, 0.4940289126335637, 0.4726959787200751, 0.4708183382882178, 0.515803473634799, 0.4782506649976529, 0.4726959787200751, 0.5388235294117647, 0.5062745098039215, 0.5290196078431373, 0.5839215686274509, 0.528235294117647, 0.4444531372242215, 0.4940541386324518, 0.5241746205601627, 0.5287904866218119, 0.502816460647786]",0.44553601720788477,0.0505851956719144,"[0.4168840579710144, 0.5282748538011697, 0.4641099426839089, 0.5428195216781952, 0.430714554697797, 0.4724998800326311, 0.4358260325406758, 0.5282748538011697, 0.3905990077338391, 0.4244905956112853, 0.3919671436640934, 0.3593495328960445, 0.4334690964057776, 0.3881466241182398, 0.3919671436640934, 0.4863843908868386, 0.4396774077450933, 0.447950563204005, 0.5454700429938514, 0.4398702404554928, 0.396819468211136, 0.4473062015503876, 0.4693863636363636, 0.4554219364312444, 0.4107209737827714]",0.5108172724191382,0.0362804412257693,"[0.4824010056568196, 0.5664676304211188, 0.5152419861722187, 0.5692960402262728, 0.4842866121935889, 0.5268698931489629, 0.51147077309868, 0.5664676304211188, 0.4630735386549339, 0.4940289126335638, 0.4726959787200751, 0.4708183382882178, 0.515803473634799, 0.4782506649976529, 0.4726959787200751, 0.5388235294117647, 0.5062745098039216, 0.5290196078431373, 0.5839215686274509, 0.528235294117647, 0.4444531372242216, 0.4940541386324518, 0.5241746205601627, 0.5287904866218119, 0.502816460647786]","{'finalestimator__estimator_name': ['SVC'], 'subspacealignmentadapter__n_components': [1, 2, 5, 10, 20, 50, 100]}"
Simulated,covariate_shift,TCA,soft_neighborhood_density,Subspace,0.446,0.1997710277834768,"[0.70625, 0.39375, 0.70625, 0.65625, 0.34375, 0.8, 0.33125, 0.4125, 0.13125, 0.1875, 0.35, 0.525, 0.2, 0.43125, 0.31875, 0.3, 0.49375, 0.7625, 0.53125, 0.525, 0.10625, 0.46875, 0.74375, 0.4375, 0.2875]",0.4441542760507506,0.20016889966218376,"[0.7050597108736643, 0.3860779384035198, 0.708830923947203, 0.651948460087995, 0.353708359522313, 0.7875549968573224, 0.3119107479572596, 0.4252042740414833, 0.1268070395977372, 0.1970458830923947, 0.341104678454076, 0.5337192927554374, 0.1955875449851353, 0.4372555155687685, 0.3128618369582225, 0.2933333333333333, 0.4913725490196078, 0.7686274509803921, 0.5196078431372549, 0.5262745098039215, 0.1047566890940384, 0.4569707401032702, 0.7431544359255202, 0.4423407917383821, 0.2827413550305117]",0.433751858479155,0.20319763292789683,"[0.7063768201263786, 0.3891957152510036, 0.7065599234105739, 0.6550956106040852, 0.3309677610525068, 0.7928900592495063, 0.2891251325556733, 0.3950031852205765, 0.1316250637780132, 0.1701416363348631, 0.3131666666666666, 0.4985722467681229, 0.1911111111111111, 0.4161187228271708, 0.3032191106107514, 0.2944444444444444, 0.493531437654539, 0.7611607142857142, 0.514423076923077, 0.5252969213939678, 0.1060051465696058, 0.410685687332719, 0.7436797972682087, 0.4278861370470011, 0.2775143334925943]",0.4441542760507506,0.20016889966218385,"[0.7050597108736643, 0.3860779384035198, 0.708830923947203, 0.651948460087995, 0.3537083595223129, 0.7875549968573224, 0.3119107479572596, 0.4252042740414833, 0.1268070395977372, 0.1970458830923947, 0.341104678454076, 0.5337192927554373, 0.1955875449851353, 0.4372555155687685, 0.3128618369582224, 0.2933333333333334, 0.4913725490196078, 0.7686274509803923, 0.5196078431372548, 0.5262745098039215, 0.1047566890940384, 0.4569707401032702, 0.7431544359255203, 0.4423407917383821, 0.2827413550305117]","{'finalestimator__estimator_name': ['SVC'], 'transfercomponentanalysisadapter__kernel': ['rbf'], 'transfercomponentanalysisadapter__mu': [10, 100], 'transfercomponentanalysisadapter__n_components': [1, 2, 5, 10, 20, 50, 100]}"
Simulated,covariate_shift,TSL,soft_neighborhood_density,Subspace,0.80875,0.0416536437981921,"[0.7875, 0.76875, 0.7875, 0.79375, 0.83125, 0.7875, 0.7625, 0.7375, 0.7875, 0.76875, 0.8375, 0.8375, 0.89375, 0.8625, 0.89375, 0.7625, 0.80625, 0.775, 0.83125, 0.86875, 0.825, 0.8375, 0.7875, 0.80625, 0.78125]",0.8124476284561463,0.03973727027722507,"[0.7919547454431175, 0.7773412947831553, 0.7928975487115022, 0.7977686989314896, 0.8354808296668762, 0.7891263356379636, 0.7668133249528599, 0.7492143306096795, 0.7900691389063482, 0.7745128849780012, 0.839618213112189, 0.8368017524644031, 0.8966515412298545, 0.8613675481145361, 0.8952433109059614, 0.7686274509803921, 0.8129411764705883, 0.7780392156862745, 0.831764705882353, 0.8686274509803922, 0.829447660772962, 0.8410264434360819, 0.7914254420278517, 0.8080895008605852, 0.7863401658582381]",0.8080286970255668,0.042162582373665644,"[0.7875, 0.7670373055370507, 0.7872675418034067, 0.7938386265088481, 0.8313225125981484, 0.7877992489438272, 0.7625, 0.7328598484848485, 0.7877657911194497, 0.7683433629010199, 0.8372459349593496, 0.8373981829573935, 0.8933715901530273, 0.8622843137254904, 0.8937209461307083, 0.7611607142857142, 0.8049517026529251, 0.775, 0.8313886932018315, 0.8687962890395392, 0.8230711698945047, 0.8364803921568627, 0.7856968887492144, 0.8060455824313235, 0.7778707874046857]",0.8124476284561463,0.03973727027722509,"[0.7919547454431175, 0.7773412947831553, 0.7928975487115022, 0.7977686989314896, 0.8354808296668762, 0.7891263356379636, 0.7668133249528598, 0.7492143306096793, 0.7900691389063482, 0.7745128849780013, 0.839618213112189, 0.8368017524644031, 0.8966515412298545, 0.8613675481145361, 0.8952433109059614, 0.7686274509803923, 0.8129411764705881, 0.7780392156862745, 0.8317647058823529, 0.8686274509803922, 0.829447660772962, 0.8410264434360819, 0.7914254420278517, 0.8080895008605852, 0.7863401658582382]","{'finalestimator__estimator_name': ['SVC'], 'transfersubspacelearningadapter__base_method': ['flda'], 'transfersubspacelearningadapter__length_scale': [2], 'transfersubspacelearningadapter__max_iter': [300], 'transfersubspacelearningadapter__mu': [0.1, 1, 10], 'transfersubspacelearningadapter__n_components': [1, 2, 5, 10, 20, 50, 100], 'transfersubspacelearningadapter__reg': [0.0001], 'transfersubspacelearningadapter__tol': [0.0001]}"
Simulated,subspace,CORAL,soft_neighborhood_density,Mapping,0.18666666666666665,0.028514534955066402,"[0.1625, 0.1666666666666666, 0.2083333333333333, 0.1583333333333333, 0.1791666666666666, 0.1875, 0.1583333333333333, 0.225, 0.2291666666666666, 0.2166666666666666, 0.1875, 0.1458333333333333, 0.1416666666666666, 0.15, 0.175, 0.2, 0.2125, 0.1583333333333333, 0.2, 0.1916666666666666, 0.1875, 0.1958333333333333, 0.2041666666666666, 0.2541666666666666, 0.1708333333333333]",0.18666666666666665,0.02851453495506639,"[0.1625, 0.1666666666666666, 0.2083333333333333, 0.1583333333333333, 0.1791666666666666, 0.1875, 0.1583333333333333, 0.225, 0.2291666666666666, 0.2166666666666666, 0.1875, 0.1458333333333333, 0.1416666666666667, 0.15, 0.175, 0.2, 0.2125, 0.1583333333333333, 0.1999999999999999, 0.1916666666666666, 0.1875, 0.1958333333333333, 0.2041666666666667, 0.2541666666666666, 0.1708333333333333]",0.16530344875705968,0.02340296197432424,"[0.1463608854913203, 0.1474850809889173, 0.1833225875779067, 0.1449735449735449, 0.1633487285661198, 0.1654630075429305, 0.1389599317988065, 0.1898366606170599, 0.2036017291169665, 0.1894222477723484, 0.1605531739340998, 0.1313405957026077, 0.126131221719457, 0.1382709096029287, 0.1560102301790281, 0.1721759126185685, 0.1911410688493018, 0.1467192340185863, 0.1771428571428571, 0.1730605285592497, 0.1654630075429305, 0.1716590067776605, 0.1777725960072465, 0.2217250312505661, 0.1506464405754832]",0.18666666666666665,0.028514534955066402,"[0.1625, 0.1666666666666666, 0.2083333333333333, 0.1583333333333333, 0.1791666666666666, 0.1875, 0.1583333333333333, 0.225, 0.2291666666666666, 0.2166666666666666, 0.1874999999999999, 0.1458333333333333, 0.1416666666666666, 0.15, 0.175, 0.2, 0.2125, 0.1583333333333333, 0.1999999999999999, 0.1916666666666666, 0.1875, 0.1958333333333333, 0.2041666666666667, 0.2541666666666666, 0.1708333333333333]","{'coraladapter__reg': ['auto'], 'finalestimator__estimator_name': ['SVC']}"
Simulated,subspace,DASVM,soft_neighborhood_density,Other,0.1363333333333333,0.042534708049884254,"[0.1041666666666666, 0.2, 0.2166666666666666, 0.1291666666666666, 0.1, 0.1666666666666666, 0.1125, 0.1125, 0.1291666666666666, 0.2, 0.1125, 0.075, 0.1125, 0.1125, 0.0625, 0.1166666666666666, 0.1583333333333333, 0.175, 0.1291666666666666, 0.1291666666666666, 0.0958333333333333, 0.1583333333333333, 0.1875, 0.2083333333333333, 0.1041666666666666]",0.1363333333333333,0.04253470804988425,"[0.1041666666666666, 0.2, 0.2166666666666666, 0.1291666666666666, 0.0999999999999999, 0.1666666666666666, 0.1125, 0.1125, 0.1291666666666666, 0.1999999999999999, 0.1125, 0.075, 0.1125, 0.1124999999999999, 0.0625, 0.1166666666666666, 0.1583333333333333, 0.175, 0.1291666666666666, 0.1291666666666666, 0.0958333333333333, 0.1583333333333333, 0.1875, 0.2083333333333333, 0.1041666666666666]",0.12400813482281046,0.035255171401012135,"[0.0943396226415094, 0.1721759126185685, 0.1840277777777777, 0.1210947766816772, 0.0937062937062937, 0.1474850809889173, 0.1027643703378674, 0.1027643703378674, 0.1210947766816772, 0.1771428571428571, 0.1042736240822834, 0.0708705357142857, 0.1027643703378674, 0.108024637504144, 0.0597412547230589, 0.1077441077441077, 0.1467192340185863, 0.1581036071150166, 0.1196138657305836, 0.1210947766816772, 0.0888573977851257, 0.1449735449735449, 0.1654630075429305, 0.1857142857142857, 0.099649281987751]",0.1363333333333333,0.04253470804988428,"[0.1041666666666666, 0.2, 0.2166666666666667, 0.1291666666666666, 0.1, 0.1666666666666666, 0.1124999999999999, 0.1124999999999999, 0.1291666666666666, 0.1999999999999999, 0.1125, 0.0749999999999999, 0.1124999999999999, 0.1124999999999999, 0.0624999999999999, 0.1166666666666667, 0.1583333333333333, 0.175, 0.1291666666666666, 0.1291666666666666, 0.0958333333333333, 0.1583333333333333, 0.1875, 0.2083333333333333, 0.1041666666666666]","{'dasvmclassifier__base_estimator__estimator_name': ['SVC'], 'dasvmclassifier__max_iter': [200]}"
Simulated,subspace,JDOT,soft_neighborhood_density,Other,0.14299999999999996,0.024137913929933724,"[0.15, 0.1208333333333333, 0.1583333333333333, 0.1458333333333333, 0.1291666666666666, 0.1541666666666666, 0.1541666666666666, 0.15, 0.1708333333333333, 0.1791666666666666, 0.125, 0.0875, 0.1125, 0.1083333333333333, 0.1083333333333333, 0.1458333333333333, 0.1791666666666666, 0.1625, 0.1666666666666666, 0.1708333333333333, 0.1208333333333333, 0.1541666666666666, 0.1416666666666666, 0.15, 0.1291666666666666]",0.14299999999999996,0.024137913929933724,"[0.15, 0.1208333333333333, 0.1583333333333333, 0.1458333333333333, 0.1291666666666666, 0.1541666666666666, 0.1541666666666666, 0.15, 0.1708333333333333, 0.1791666666666666, 0.125, 0.0875, 0.1125, 0.1083333333333333, 0.1083333333333333, 0.1458333333333333, 0.1791666666666666, 0.1625, 0.1666666666666666, 0.1708333333333333, 0.1208333333333333, 0.1541666666666666, 0.1416666666666666, 0.15, 0.1291666666666666]",0.14236052853955697,0.02400432494134806,"[0.1485217391304347, 0.1204515848892748, 0.1580994720755765, 0.145106079824851, 0.1290305776944314, 0.1537993920972644, 0.1534465083143646, 0.1497638232842456, 0.1707037557951763, 0.1788102475032566, 0.1247568769102528, 0.0873573995936865, 0.1124845917463845, 0.1077756931415468, 0.108085579327591, 0.1456998489347293, 0.1788102475032566, 0.1613206071037396, 0.1652173913043478, 0.1690878407766314, 0.1195952641735774, 0.1523860888324431, 0.1414281744929147, 0.1499409681227863, 0.1273334609161606]",0.14299999999999996,0.02413791392993372,"[0.15, 0.1208333333333333, 0.1583333333333333, 0.1458333333333333, 0.1291666666666667, 0.1541666666666666, 0.1541666666666666, 0.1499999999999999, 0.1708333333333333, 0.1791666666666666, 0.1249999999999999, 0.0875, 0.1125, 0.1083333333333333, 0.1083333333333333, 0.1458333333333333, 0.1791666666666666, 0.1624999999999999, 0.1666666666666666, 0.1708333333333333, 0.1208333333333333, 0.1541666666666666, 0.1416666666666666, 0.15, 0.1291666666666666]","{'jdotclassifier__alpha': [0.1, 0.3, 0.5, 0.7, 0.9], 'jdotclassifier__base_estimator__estimator_name': ['SVC'], 'jdotclassifier__n_iter_max': [100], 'jdotclassifier__thr_weights': [1e-07], 'jdotclassifier__tol': [1e-06]}"
Simulated,subspace,KLIEP,soft_neighborhood_density,Reweighting,0.18899999999999997,0.05745721032662932,"[0.0875, 0.1958333333333333, 0.2041666666666666, 0.1125, 0.1208333333333333, 0.275, 0.1416666666666666, 0.25, 0.2625, 0.2666666666666666, 0.1791666666666666, 0.1, 0.0708333333333333, 0.175, 0.1958333333333333, 0.1916666666666666, 0.2333333333333333, 0.1583333333333333, 0.1916666666666666, 0.225, 0.1958333333333333, 0.1875, 0.2208333333333333, 0.2541666666666666, 0.2291666666666666]",0.18899999999999997,0.05745721032662932,"[0.0875, 0.1958333333333333, 0.2041666666666666, 0.1125, 0.1208333333333333, 0.275, 0.1416666666666667, 0.25, 0.2625, 0.2666666666666666, 0.1791666666666666, 0.1, 0.0708333333333333, 0.175, 0.1958333333333333, 0.1916666666666666, 0.2333333333333333, 0.1583333333333333, 0.1916666666666666, 0.225, 0.1958333333333333, 0.1875, 0.2208333333333333, 0.2541666666666666, 0.2291666666666666]",0.16514833632588055,0.045594479060122005,"[0.0839215686274509, 0.1716590067776605, 0.1751686909581646, 0.106902636314401, 0.1111891180342255, 0.2231564848575042, 0.126131221719457, 0.2068155111633372, 0.2276223204058255, 0.2211815030606977, 0.1544913177989592, 0.0923734155052874, 0.0680991102366317, 0.1581036071150166, 0.1716590067776605, 0.1661293788953363, 0.2066685829261282, 0.1467192340185863, 0.1708811168886672, 0.1980454153492382, 0.1716590067776605, 0.1605531739340998, 0.192442645074224, 0.2244227401563431, 0.1927125947744504]",0.18899999999999995,0.057457210326629336,"[0.0875, 0.1958333333333333, 0.2041666666666667, 0.1125, 0.1208333333333333, 0.275, 0.1416666666666666, 0.25, 0.2625, 0.2666666666666666, 0.1791666666666666, 0.0999999999999999, 0.0708333333333333, 0.175, 0.1958333333333333, 0.1916666666666666, 0.2333333333333333, 0.1583333333333333, 0.1916666666666666, 0.2249999999999999, 0.1958333333333333, 0.1874999999999999, 0.2208333333333333, 0.2541666666666667, 0.2291666666666666]","{'finalestimator__estimator_name': ['SVC'], 'kliepreweightadapter__cv': [5], 'kliepreweightadapter__gamma': [0.0001, 0.001, 0.01, 0.1, 1.0, 10.0, 100.0, 1000.0, 'auto', 'scale'], 'kliepreweightadapter__max_iter': [1000], 'kliepreweightadapter__n_centers': [100], 'kliepreweightadapter__random_state': [0], 'kliepreweightadapter__tol': [1e-06]}"
Simulated,subspace,KMM,soft_neighborhood_density,Reweighting,0.1815,0.06050137739478884,"[0.1291666666666666, 0.2291666666666666, 0.1208333333333333, 0.125, 0.1375, 0.1458333333333333, 0.2666666666666666, 0.1208333333333333, 0.125, 0.1708333333333333, 0.1416666666666666, 0.1583333333333333, 0.1583333333333333, 0.1708333333333333, 0.2041666666666666, 0.2416666666666666, 0.1458333333333333, 0.1125, 0.2416666666666666, 0.2166666666666666, 0.2083333333333333, 0.3375, 0.125, 0.2166666666666666, 0.2875]",0.1815,0.06050137739478884,"[0.1291666666666666, 0.2291666666666666, 0.1208333333333333, 0.125, 0.1375, 0.1458333333333333, 0.2666666666666666, 0.1208333333333333, 0.125, 0.1708333333333333, 0.1416666666666666, 0.1583333333333333, 0.1583333333333333, 0.1708333333333333, 0.2041666666666666, 0.2416666666666666, 0.1458333333333333, 0.1125, 0.2416666666666666, 0.2166666666666666, 0.2083333333333333, 0.3375, 0.125, 0.2166666666666666, 0.2875]",0.1558029431171638,0.04009972958107913,"[0.1180039035712401, 0.1864406779661017, 0.1111891180342255, 0.1161616161616161, 0.1247203086735143, 0.1404461992697286, 0.2105263157894737, 0.1111891180342255, 0.1228070175438596, 0.1567647733893607, 0.1314735436722647, 0.1410955991779462, 0.1366906474820144, 0.1528159645232816, 0.1695501730103806, 0.1946308724832214, 0.1364633611232997, 0.1042736240822834, 0.1980023501762632, 0.1867925888544445, 0.1753472222222222, 0.2523364485981308, 0.112925936355956, 0.181125226860254, 0.2233009708737864]",0.18149999999999994,0.06050137739478884,"[0.1291666666666666, 0.2291666666666666, 0.1208333333333333, 0.125, 0.1375, 0.1458333333333333, 0.2666666666666666, 0.1208333333333333, 0.1249999999999999, 0.1708333333333333, 0.1416666666666666, 0.1583333333333333, 0.1583333333333333, 0.1708333333333333, 0.2041666666666666, 0.2416666666666666, 0.1458333333333333, 0.1125, 0.2416666666666666, 0.2166666666666666, 0.2083333333333333, 0.3375, 0.1249999999999999, 0.2166666666666666, 0.2875]","{'finalestimator__estimator_name': ['SVC'], 'kmmreweightadapter__B': [1000.0], 'kmmreweightadapter__gamma': [0.0001, 0.001, 0.01, 0.1, 1.0, 10.0, 100.0, 1000.0, None], 'kmmreweightadapter__max_iter': [1000], 'kmmreweightadapter__smooth_weights': [False], 'kmmreweightadapter__tol': [1e-06]}"
Simulated,subspace,MMD-LS,soft_neighborhood_density,Mapping,0.777,0.23707051810707197,"[0.6791666666666667, 0.9875, 0.7541666666666667, 0.6791666666666667, 0.7958333333333333, 0.9708333333333332, 0.0958333333333333, 0.9791666666666666, 0.9375, 0.4166666666666667, 0.7166666666666667, 0.725, 0.9916666666666668, 0.2333333333333333, 0.7708333333333334, 0.7416666666666667, 0.7, 0.6958333333333333, 0.9625, 0.9083333333333332, 0.9833333333333332, 0.7458333333333333, 0.9791666666666666, 0.9875, 0.9875]",0.777,0.237070518107072,"[0.6791666666666667, 0.9875, 0.7541666666666667, 0.6791666666666667, 0.7958333333333334, 0.9708333333333332, 0.0958333333333333, 0.9791666666666666, 0.9375, 0.4166666666666666, 0.7166666666666667, 0.725, 0.9916666666666668, 0.2333333333333333, 0.7708333333333333, 0.7416666666666667, 0.7, 0.6958333333333333, 0.9625, 0.9083333333333332, 0.9833333333333334, 0.7458333333333333, 0.9791666666666666, 0.9875, 0.9875]",0.7678687992242371,0.24458332988178683,"[0.6599878567091682, 0.9874997829823436, 0.7434736136524213, 0.6627183296526802, 0.7869526621859092, 0.9708328269588014, 0.0874524714828897, 0.9791663049705724, 0.937316083648204, 0.4086172909039707, 0.6934865900383141, 0.7066666666666668, 0.9916660879227724, 0.1891891891891892, 0.7581310123683006, 0.7326818051164127, 0.684002633311389, 0.6762689628411463, 0.9624993489470304, 0.907814791535722, 0.9833287024173384, 0.7328028325819934, 0.9791663049705724, 0.9874997829823436, 0.9874980465697764]",0.777,0.237070518107072,"[0.6791666666666666, 0.9875, 0.7541666666666668, 0.6791666666666667, 0.7958333333333334, 0.9708333333333332, 0.0958333333333333, 0.9791666666666669, 0.9375, 0.4166666666666666, 0.7166666666666667, 0.7250000000000001, 0.9916666666666666, 0.2333333333333333, 0.7708333333333333, 0.7416666666666668, 0.7000000000000001, 0.6958333333333333, 0.9625, 0.9083333333333332, 0.9833333333333334, 0.7458333333333333, 0.9791666666666669, 0.9875, 0.9875]","{'finalestimator__estimator_name': ['SVC'], 'mmdlsconsmappingadapter__gamma': [0.1, 1, 10], 'mmdlsconsmappingadapter__max_iter': [100], 'mmdlsconsmappingadapter__reg_k': [1e-10, 1e-08], 'mmdlsconsmappingadapter__reg_m': [1e-10, 1e-08], 'mmdlsconsmappingadapter__tol': [1e-05]}"
Simulated,subspace,Train Src,soft_neighborhood_density,NO DA,0.18966666666666665,0.03270059179439576,"[0.1666666666666666, 0.1583333333333333, 0.2125, 0.15, 0.1791666666666666, 0.2083333333333333, 0.1583333333333333, 0.2375, 0.2416666666666666, 0.2333333333333333, 0.1833333333333333, 0.1416666666666666, 0.1416666666666666, 0.15, 0.175, 0.2, 0.2166666666666666, 0.1583333333333333, 0.2083333333333333, 0.1875, 0.1875, 0.2041666666666666, 0.2125, 0.2541666666666666, 0.175]",0.18966666666666665,0.03270059179439575,"[0.1666666666666666, 0.1583333333333333, 0.2125, 0.15, 0.1791666666666666, 0.2083333333333333, 0.1583333333333333, 0.2375, 0.2416666666666666, 0.2333333333333333, 0.1833333333333333, 0.1416666666666666, 0.1416666666666667, 0.15, 0.175, 0.2, 0.2166666666666666, 0.1583333333333333, 0.2083333333333333, 0.1875, 0.1875, 0.2041666666666667, 0.2125, 0.2541666666666666, 0.175]",0.16730773004612762,0.0261212594575898,"[0.1515837104072398, 0.1410955991779462, 0.1838056680161943, 0.1382709096029287, 0.165239499284945, 0.1807990801954584, 0.1389599317988065, 0.1984084977459801, 0.2127460168697282, 0.2013888888888889, 0.1575327745540511, 0.128042328042328, 0.126131221719457, 0.1382709096029287, 0.1560102301790281, 0.1721759126185685, 0.1919191919191919, 0.1467192340185863, 0.1833225875779067, 0.1677188739307499, 0.1654630075429305, 0.1777725960072465, 0.1838056680161943, 0.2217250312505661, 0.1537858821853408]",0.18966666666666665,0.03270059179439576,"[0.1666666666666666, 0.1583333333333333, 0.2125, 0.15, 0.1791666666666667, 0.2083333333333333, 0.1583333333333333, 0.2375, 0.2416666666666667, 0.2333333333333333, 0.1833333333333333, 0.1416666666666667, 0.1416666666666666, 0.15, 0.175, 0.2, 0.2166666666666666, 0.1583333333333333, 0.2083333333333333, 0.1875, 0.1875, 0.2041666666666667, 0.2125, 0.2541666666666666, 0.175]",{'finalestimator__estimator_name': ['SVC']}
Simulated,subspace,NO_DA_SOURCE_ONLY_BASE_ESTIM,soft_neighborhood_density,Unknown,,,"[NaN, NaN, NaN, NaN, NaN, NaN, NaN, NaN, NaN, NaN, NaN, NaN, NaN, NaN, NaN, NaN, NaN, NaN, NaN, NaN, NaN, NaN, NaN, NaN, NaN]",,,"[NaN, NaN, NaN, NaN, NaN, NaN, NaN, NaN, NaN, NaN, NaN, NaN, NaN, NaN, NaN, NaN, NaN, NaN, NaN, NaN, NaN, NaN, NaN, NaN, NaN]",,,"[NaN, NaN, NaN, NaN, NaN, NaN, NaN, NaN, NaN, NaN, NaN, NaN, NaN, NaN, NaN, NaN, NaN, NaN, NaN, NaN, NaN, NaN, NaN, NaN, NaN]",,,"[NaN, NaN, NaN, NaN, NaN, NaN, NaN, NaN, NaN, NaN, NaN, NaN, NaN, NaN, NaN, NaN, NaN, NaN, NaN, NaN, NaN, NaN, NaN, NaN, NaN]",{'finalestimator__estimator_name': ['SVC']}
Simulated,subspace,Train Tgt,soft_neighborhood_density,NO DA,0.9846666666666667,0.008395600699837451,"[0.9916666666666668, 0.9833333333333332, 0.9833333333333332, 0.9875, 0.9875, 0.9958333333333332, 0.9791666666666666, 0.9833333333333332, 0.9666666666666668, 0.9791666666666666, 0.9791666666666666, 0.9958333333333332, 0.9958333333333332, 0.9625, 0.9958333333333332, 0.9916666666666668, 0.9833333333333332, 0.9916666666666668, 0.9791666666666666, 0.9791666666666666, 0.9875, 0.9875, 0.9791666666666666, 0.9875, 0.9833333333333332]",0.9846666666666667,0.008395600699837425,"[0.9916666666666668, 0.9833333333333334, 0.9833333333333334, 0.9875, 0.9875, 0.9958333333333332, 0.9791666666666669, 0.9833333333333334, 0.9666666666666668, 0.9791666666666669, 0.9791666666666666, 0.9958333333333332, 0.9958333333333332, 0.9625, 0.9958333333333332, 0.9916666666666668, 0.9833333333333334, 0.9916666666666668, 0.9791666666666669, 0.9791666666666669, 0.9875, 0.9875, 0.9791666666666666, 0.9875, 0.9833333333333334]",0.9846641600001927,0.008398578186465482,"[0.9916660879227724, 0.9833321758455448, 0.9833321758455448, 0.9874980465697764, 0.9874997829823436, 0.9958332609941144, 0.9791634109496276, 0.9833321758455448, 0.966645820304357, 0.9791634109496276, 0.9791663049705724, 0.9958332609941144, 0.9958332609941144, 0.9624941397093296, 0.9958332609941144, 0.9916666666666668, 0.9833287024173384, 0.9916666666666668, 0.9791634109496276, 0.9791576204950064, 0.9874980465697764, 0.9874980465697764, 0.9791663049705724, 0.9874997829823436, 0.9833321758455448]",0.9846666666666667,0.008395600699837405,"[0.9916666666666666, 0.9833333333333334, 0.9833333333333334, 0.9875, 0.9875, 0.9958333333333332, 0.9791666666666669, 0.9833333333333334, 0.9666666666666668, 0.9791666666666669, 0.9791666666666669, 0.9958333333333332, 0.9958333333333332, 0.9625, 0.9958333333333332, 0.9916666666666668, 0.9833333333333334, 0.9916666666666668, 0.9791666666666669, 0.9791666666666669, 0.9875, 0.9875, 0.9791666666666669, 0.9875, 0.9833333333333334]",{'finalestimator__estimator_name': ['SVC']}
Simulated,subspace,OTLabelProp,soft_neighborhood_density,Other,0.018333333333333302,0.009081039465709739,"[0.0083333333333333, 0.0125, 0.0125, 0.0166666666666666, 0.0208333333333333, 0.0083333333333333, 0.0166666666666666, 0.025, 0.0291666666666666, 0.0208333333333333, 0.025, 0.0041666666666666, 0.0083333333333333, 0.0416666666666666, 0.0041666666666666, 0.0125, 0.0333333333333333, 0.0166666666666666, 0.025, 0.025, 0.0125, 0.0166666666666666, 0.025, 0.0166666666666666, 0.0208333333333333]",0.018333333333333292,0.009081039465709734,"[0.0083333333333333, 0.0125, 0.0125, 0.0166666666666666, 0.0208333333333333, 0.0083333333333333, 0.0166666666666666, 0.0249999999999999, 0.0291666666666666, 0.0208333333333333, 0.025, 0.0041666666666666, 0.0083333333333333, 0.0416666666666666, 0.0041666666666666, 0.0125, 0.0333333333333333, 0.0166666666666666, 0.0249999999999999, 0.025, 0.0125, 0.0166666666666666, 0.025, 0.0166666666666666, 0.0208333333333333]",0.018115170538766715,0.008920889731054371,"[0.0082644628099173, 0.012482855605132, 0.012482855605132, 0.0165983748871449, 0.0206803146324946, 0.0082644628099173, 0.0165983748871449, 0.0247290914142817, 0.0283400809716599, 0.0206803146324946, 0.0249322869643725, 0.0041493775933609, 0.0082644628099173, 0.0414003889969436, 0.0041493775933609, 0.0123456790123456, 0.032258064516129, 0.0163934426229508, 0.0247290914142817, 0.024390243902439, 0.0123456790123456, 0.0163934426229508, 0.025, 0.0165983748871449, 0.0204081632653061]",0.018333333333333292,0.009081039465709734,"[0.0083333333333333, 0.0125, 0.0125, 0.0166666666666666, 0.0208333333333333, 0.0083333333333333, 0.0166666666666666, 0.0249999999999999, 0.0291666666666666, 0.0208333333333333, 0.025, 0.0041666666666666, 0.0083333333333333, 0.0416666666666666, 0.0041666666666666, 0.0125, 0.0333333333333333, 0.0166666666666666, 0.0249999999999999, 0.025, 0.0125, 0.0166666666666666, 0.025, 0.0166666666666666, 0.0208333333333333]","{'finalestimator__estimator_name': ['SVC'], 'otlabelpropadapter__metric': ['sqeuclidean', 'cosine', 'cityblock'], 'otlabelpropadapter__reg': [None, 0.1, 1.0]}"
Simulated,subspace,JPCA,soft_neighborhood_density,Subspace,0.16083333333333327,0.0707311354250624,"[0.1416666666666666, 0.0625, 0.1125, 0.0916666666666666, 0.1541666666666666, 0.2041666666666666, 0.0416666666666666, 0.0833333333333333, 0.0916666666666666, 0.1708333333333333, 0.1708333333333333, 0.0625, 0.25, 0.15, 0.2541666666666666, 0.2708333333333333, 0.2083333333333333, 0.2041666666666666, 0.2666666666666666, 0.2458333333333333, 0.1041666666666666, 0.1583333333333333, 0.1083333333333333, 0.1583333333333333, 0.2541666666666666]",0.16083333333333327,0.0707311354250624,"[0.1416666666666666, 0.0625, 0.1125, 0.0916666666666666, 0.1541666666666666, 0.2041666666666667, 0.0416666666666666, 0.0833333333333333, 0.0916666666666666, 0.1708333333333333, 0.1708333333333333, 0.0625, 0.25, 0.15, 0.2541666666666666, 0.2708333333333333, 0.2083333333333333, 0.2041666666666666, 0.2666666666666666, 0.2458333333333333, 0.1041666666666666, 0.1583333333333333, 0.1083333333333333, 0.1583333333333333, 0.2541666666666666]",0.13695361977116702,0.05288102437407982,"[0.1240875912408759, 0.0597412547230589, 0.1011235955056179, 0.0853146853146853, 0.1357871396895787, 0.1777725960072465, 0.0406006674082313, 0.0769230769230769, 0.0876116071428571, 0.1483443000053496, 0.1483443000053496, 0.0597412547230589, 0.2034810826757135, 0.1346153846153846, 0.2061937581995233, 0.2131147540983606, 0.1724137931034483, 0.1695501730103806, 0.2105263157894737, 0.197324414715719, 0.0958630477825866, 0.1366906474820144, 0.0993265993265993, 0.1366906474820144, 0.2026578073089701]",0.16083333333333327,0.07073113542506242,"[0.1416666666666666, 0.0624999999999999, 0.1125, 0.0916666666666666, 0.1541666666666666, 0.2041666666666667, 0.0416666666666666, 0.0833333333333333, 0.0916666666666666, 0.1708333333333333, 0.1708333333333333, 0.0624999999999999, 0.2499999999999999, 0.15, 0.2541666666666666, 0.2708333333333333, 0.2083333333333333, 0.2041666666666666, 0.2666666666666666, 0.2458333333333333, 0.1041666666666666, 0.1583333333333333, 0.1083333333333333, 0.1583333333333333, 0.2541666666666666]","{'finalestimator__estimator_name': ['SVC'], 'pca__n_components': [1, 2, 5, 10, 20, 50, 100]}"
Simulated,subspace,MMDTarS,soft_neighborhood_density,Reweighting,0.2208333333333333,0.0454847858161467,"[0.1708333333333333, 0.2291666666666666, 0.2458333333333333, 0.2041666666666666, 0.2541666666666666, 0.2041666666666666, 0.1625, 0.2375, 0.2541666666666666, 0.2208333333333333, 0.1791666666666666, 0.1416666666666666, 0.1375, 0.1583333333333333, 0.175, 0.2708333333333333, 0.2375, 0.275, 0.2041666666666666, 0.2208333333333333, 0.2458333333333333, 0.2958333333333333, 0.2625, 0.2875, 0.2458333333333333]",0.22083333333333333,0.0454847858161467,"[0.1708333333333333, 0.2291666666666666, 0.2458333333333333, 0.2041666666666666, 0.2541666666666666, 0.2041666666666667, 0.1625, 0.2375, 0.2541666666666666, 0.2208333333333333, 0.1791666666666666, 0.1416666666666666, 0.1375, 0.1583333333333333, 0.175, 0.2708333333333333, 0.2375, 0.275, 0.2041666666666667, 0.2208333333333333, 0.2458333333333333, 0.2958333333333333, 0.2625, 0.2875, 0.2458333333333333]",0.18707968726730242,0.03253505039351205,"[0.15485480702872, 0.1927125947744504, 0.2040311497938617, 0.1751686909581646, 0.2188948889979817, 0.1777725960072465, 0.1421102238978499, 0.1984084977459801, 0.2188948889979817, 0.192442645074224, 0.1544913177989592, 0.128042328042328, 0.1228658698070234, 0.1449735449735449, 0.1560102301790281, 0.2168708396263355, 0.2070914047408424, 0.2266666666666666, 0.1777725960072465, 0.1869417924237758, 0.2007506761605122, 0.2323851700448532, 0.2184136446431528, 0.2311007025761124, 0.197324414715719]",0.22083333333333333,0.045484785816146706,"[0.1708333333333333, 0.2291666666666666, 0.2458333333333333, 0.2041666666666667, 0.2541666666666666, 0.2041666666666667, 0.1624999999999999, 0.2375, 0.2541666666666666, 0.2208333333333333, 0.1791666666666666, 0.1416666666666667, 0.1374999999999999, 0.1583333333333333, 0.175, 0.2708333333333333, 0.2375, 0.275, 0.2041666666666667, 0.2208333333333333, 0.2458333333333333, 0.2958333333333333, 0.2625, 0.2875, 0.2458333333333333]","{'finalestimator__estimator_name': ['SVC'], 'mmdtarsreweightadapter__gamma': [0.0001, 0.001, 0.01, 0.1, 1.0, 10.0, 100.0, 1000.0, None], 'mmdtarsreweightadapter__max_iter': [1000], 'mmdtarsreweightadapter__reg': [1e-06], 'mmdtarsreweightadapter__tol': [1e-06]}"
Simulated,subspace,ClassRegOT,soft_neighborhood_density,Mapping,0.05266666666666663,0.044485874786897875,"[0.0625, 0.1375, 0.0375, 0.0458333333333333, 0.0416666666666666, 0.0208333333333333, 0.0291666666666666, 0.0583333333333333, 0.0416666666666666, 0.0416666666666666, 0.0291666666666666, 0.0166666666666666, 0.0125, 0.0416666666666666, 0.0375, 0.0416666666666666, 0.1833333333333333, 0.0333333333333333, 0.0291666666666666, 0.175, 0.05, 0.0375, 0.0458333333333333, 0.0291666666666666, 0.0375]",0.05266666666666663,0.044485874786897875,"[0.0625, 0.1375, 0.0375, 0.0458333333333333, 0.0416666666666666, 0.0208333333333333, 0.0291666666666666, 0.0583333333333333, 0.0416666666666666, 0.0416666666666666, 0.0291666666666666, 0.0166666666666666, 0.0125, 0.0416666666666666, 0.0375, 0.0416666666666666, 0.1833333333333333, 0.0333333333333333, 0.0291666666666666, 0.175, 0.05, 0.0375, 0.0458333333333333, 0.0291666666666666, 0.0375]",0.05158769694268288,0.044360697582700954,"[0.0611797840713503, 0.1362854013456423, 0.036144578313253, 0.0438247011952191, 0.0410673337502605, 0.0204081632653061, 0.0283400809716599, 0.0551181102362204, 0.04, 0.0410673337502605, 0.0287451150673035, 0.0163934426229508, 0.0123456790123456, 0.0410673337502605, 0.0366805094611735, 0.04, 0.1831064184495693, 0.032258064516129, 0.0283400809716599, 0.1729323308270676, 0.0499340231960552, 0.036144578313253, 0.0438247011952191, 0.0283400809716599, 0.036144578313253]",0.052666666666666605,0.04448587478689787,"[0.0624999999999999, 0.1374999999999999, 0.0374999999999999, 0.0458333333333333, 0.0416666666666666, 0.0208333333333333, 0.0291666666666666, 0.0583333333333333, 0.0416666666666666, 0.0416666666666666, 0.0291666666666666, 0.0166666666666666, 0.0125, 0.0416666666666666, 0.0374999999999999, 0.0416666666666666, 0.1833333333333333, 0.0333333333333333, 0.0291666666666666, 0.175, 0.0499999999999999, 0.0374999999999999, 0.0458333333333333, 0.0291666666666666, 0.0374999999999999]","[{'classregularizerotmappingadapter__max_inner_iter': [1000], 'classregularizerotmappingadapter__max_iter': [10], 'classregularizerotmappingadapter__metric': ['sqeuclidean', 'cosine', 'cityblock'], 'classregularizerotmappingadapter__norm': ['lpl1'], 'classregularizerotmappingadapter__reg_cl': [0.1], 'classregularizerotmappingadapter__reg_e': [0.1], 'classregularizerotmappingadapter__tol': [1e-06], 'finalestimator__estimator_name': ['SVC']}, {'classregularizerotmappingadapter__max_inner_iter': [1000], 'classregularizerotmappingadapter__max_iter': [10], 'classregularizerotmappingadapter__metric': ['sqeuclidean', 'cosine', 'cityblock'], 'classregularizerotmappingadapter__norm': ['lpl1'], 'classregularizerotmappingadapter__reg_cl': [0.5], 'classregularizerotmappingadapter__reg_e': [0.5], 'classregularizerotmappingadapter__tol': [1e-06], 'finalestimator__estimator_name': ['SVC']}, {'classregularizerotmappingadapter__max_inner_iter': [1000], 'classregularizerotmappingadapter__max_iter': [10], 'classregularizerotmappingadapter__metric': ['sqeuclidean', 'cosine', 'cityblock'], 'classregularizerotmappingadapter__norm': ['lpl1'], 'classregularizerotmappingadapter__reg_cl': [1.0], 'classregularizerotmappingadapter__reg_e': [1.0], 'classregularizerotmappingadapter__tol': [1e-06], 'finalestimator__estimator_name': ['SVC']}]"
Simulated,subspace,Dens. RW,soft_neighborhood_density,Reweighting,0.17816666666666664,0.06126417069634674,"[0.1666666666666666, 0.1083333333333333, 0.2166666666666666, 0.1, 0.0708333333333333, 0.2083333333333333, 0.1541666666666666, 0.2375, 0.2208333333333333, 0.2583333333333333, 0.2041666666666666, 0.2166666666666666, 0.1583333333333333, 0.1291666666666666, 0.1875, 0.2041666666666666, 0.1583333333333333, 0.1583333333333333, 0.1333333333333333, 0.0291666666666666, 0.2041666666666666, 0.2583333333333333, 0.1666666666666666, 0.2083333333333333, 0.2958333333333333]",0.17816666666666664,0.06126417069634674,"[0.1666666666666666, 0.1083333333333333, 0.2166666666666666, 0.1, 0.0708333333333333, 0.2083333333333333, 0.1541666666666666, 0.2375, 0.2208333333333333, 0.2583333333333333, 0.2041666666666666, 0.2166666666666666, 0.1583333333333333, 0.1291666666666666, 0.1875, 0.2041666666666667, 0.1583333333333333, 0.1583333333333333, 0.1333333333333333, 0.0291666666666666, 0.2041666666666666, 0.2583333333333333, 0.1666666666666666, 0.2083333333333333, 0.2958333333333333]",0.15612695742463234,0.04718753168272283,"[0.1515837104072398, 0.10077736536172, 0.1867925888544445, 0.0984347826086956, 0.0671895424836601, 0.1807990801954584, 0.1357871396895787, 0.1984084977459801, 0.1949920180803932, 0.2218012241329058, 0.1751686909581646, 0.1867925888544445, 0.1389599317988065, 0.1210947766816772, 0.1654630075429305, 0.1777725960072465, 0.1498316498316498, 0.1535721768279908, 0.1245791245791246, 0.0290149502526436, 0.1802428512670112, 0.2088888888888889, 0.1515837104072398, 0.1753472222222222, 0.2282958199356913]",0.17816666666666664,0.06126417069634674,"[0.1666666666666666, 0.1083333333333333, 0.2166666666666666, 0.1, 0.0708333333333333, 0.2083333333333333, 0.1541666666666666, 0.2375, 0.2208333333333333, 0.2583333333333333, 0.2041666666666667, 0.2166666666666666, 0.1583333333333333, 0.1291666666666666, 0.1875, 0.2041666666666667, 0.1583333333333333, 0.1583333333333333, 0.1333333333333333, 0.0291666666666666, 0.2041666666666666, 0.2583333333333333, 0.1666666666666666, 0.2083333333333333, 0.2958333333333333]","{'densityreweightadapter__weight_estimator__bandwidth': [0.01, 0.1, 1.0, 10.0, 100.0, 'scott', 'silverman'], 'finalestimator__estimator_name': ['SVC']}"
Simulated,subspace,Disc. RW,soft_neighborhood_density,Reweighting,0.2143333333333333,0.03834088089948051,"[0.2125, 0.2583333333333333, 0.275, 0.2291666666666666, 0.2666666666666666, 0.25, 0.1458333333333333, 0.2291666666666666, 0.2625, 0.2041666666666666, 0.1791666666666666, 0.1791666666666666, 0.1333333333333333, 0.1875, 0.2041666666666666, 0.1875, 0.2, 0.2125, 0.2583333333333333, 0.2416666666666666, 0.1666666666666666, 0.225, 0.1833333333333333, 0.25, 0.2166666666666666]",0.2143333333333333,0.038340880899480505,"[0.2125, 0.2583333333333333, 0.2749999999999999, 0.2291666666666666, 0.2666666666666666, 0.25, 0.1458333333333333, 0.2291666666666666, 0.2625, 0.2041666666666666, 0.1791666666666666, 0.1791666666666666, 0.1333333333333333, 0.1875, 0.2041666666666666, 0.1875, 0.2, 0.2125, 0.2583333333333333, 0.2416666666666666, 0.1666666666666666, 0.225, 0.1833333333333333, 0.25, 0.2166666666666666]",0.18303329109111935,0.02856332486643832,"[0.1782459827170782, 0.2123312928682056, 0.2194976076555024, 0.198425737033092, 0.227561992538951, 0.2068155111633372, 0.1293730424165206, 0.1927125947744504, 0.2216216216216216, 0.1802428512670112, 0.1544913177989592, 0.1544913177989592, 0.1195767195767195, 0.1698447893569844, 0.1751686909581646, 0.1630751622883099, 0.1794287342403305, 0.1863823070438198, 0.2156286721504113, 0.2072595281306715, 0.1495996031464815, 0.1868259982512387, 0.162333499537004, 0.2068155111633372, 0.1780821917808219]",0.2143333333333333,0.038340880899480505,"[0.2125, 0.2583333333333333, 0.2749999999999999, 0.2291666666666666, 0.2666666666666666, 0.25, 0.1458333333333333, 0.2291666666666666, 0.2624999999999999, 0.2041666666666666, 0.1791666666666666, 0.1791666666666666, 0.1333333333333333, 0.1874999999999999, 0.2041666666666667, 0.1875, 0.1999999999999999, 0.2125, 0.2583333333333333, 0.2416666666666666, 0.1666666666666666, 0.2249999999999999, 0.1833333333333333, 0.25, 0.2166666666666666]","{'discriminatorreweightadapter__domain_classifier__estimator_name': ['LR', 'SVC', 'KNN', 'XGB'], 'finalestimator__estimator_name': ['SVC']}"
Simulated,subspace,EntOT,soft_neighborhood_density,Mapping,0.474,0.03017311165038612,"[0.4875, 0.4791666666666667, 0.4916666666666666, 0.5041666666666667, 0.4958333333333333, 0.4875, 0.4583333333333333, 0.4125, 0.4958333333333333, 0.5125, 0.4416666666666666, 0.4625, 0.3958333333333333, 0.475, 0.4541666666666666, 0.4625, 0.4916666666666666, 0.5, 0.4833333333333333, 0.425, 0.4625, 0.5041666666666667, 0.4958333333333333, 0.5041666666666667, 0.4666666666666667]",0.474,0.030173111650386126,"[0.4875, 0.4791666666666667, 0.4916666666666666, 0.5041666666666667, 0.4958333333333333, 0.4875, 0.4583333333333333, 0.4125, 0.4958333333333333, 0.5125, 0.4416666666666666, 0.4625, 0.3958333333333333, 0.475, 0.4541666666666666, 0.4625, 0.4916666666666667, 0.5, 0.4833333333333333, 0.425, 0.4625, 0.5041666666666667, 0.4958333333333333, 0.5041666666666667, 0.4666666666666667]",0.3546939751326032,0.02514454010681439,"[0.3772020506761746, 0.3438176688029047, 0.3625914315569488, 0.3867954911433172, 0.3764895330112721, 0.3480421387398131, 0.338927027714213, 0.3138547010280013, 0.3764895330112721, 0.3798449612403101, 0.3243697478991596, 0.3352657004830918, 0.2943895861635475, 0.3647058823529411, 0.3366948669803161, 0.3352657004830918, 0.3741450068399453, 0.3999499958329861, 0.3638850889192886, 0.3356867779204107, 0.3352657004830918, 0.3692440204068111, 0.3586430795733121, 0.3811618383133626, 0.3546218487394958]",0.474,0.030173111650386126,"[0.4874999999999999, 0.4791666666666667, 0.4916666666666666, 0.5041666666666667, 0.4958333333333333, 0.4875, 0.4583333333333333, 0.4125, 0.4958333333333333, 0.5125, 0.4416666666666666, 0.4625, 0.3958333333333333, 0.475, 0.4541666666666666, 0.4625, 0.4916666666666667, 0.5, 0.4833333333333333, 0.425, 0.4625, 0.5041666666666667, 0.4958333333333333, 0.5041666666666667, 0.4666666666666667]","{'entropicotmappingadapter__max_iter': [1000], 'entropicotmappingadapter__metric': ['sqeuclidean', 'cosine', 'cityblock'], 'entropicotmappingadapter__norm': ['median'], 'entropicotmappingadapter__reg_e': [0.1, 0.5, 1.0], 'entropicotmappingadapter__tol': [1e-06], 'finalestimator__estimator_name': ['SVC']}"
Simulated,subspace,Gauss. RW,soft_neighborhood_density,Reweighting,0.2068333333333333,0.03531193665561788,"[0.175, 0.1666666666666666, 0.2166666666666666, 0.175, 0.175, 0.2333333333333333, 0.1625, 0.2541666666666666, 0.2666666666666666, 0.2541666666666666, 0.1875, 0.1458333333333333, 0.1541666666666666, 0.175, 0.1833333333333333, 0.2083333333333333, 0.2375, 0.2, 0.2458333333333333, 0.2125, 0.225, 0.2208333333333333, 0.2166666666666666, 0.2583333333333333, 0.2208333333333333]",0.2068333333333333,0.03531193665561788,"[0.175, 0.1666666666666666, 0.2166666666666666, 0.175, 0.175, 0.2333333333333333, 0.1625, 0.2541666666666666, 0.2666666666666666, 0.2541666666666666, 0.1875, 0.1458333333333333, 0.1541666666666666, 0.175, 0.1833333333333333, 0.2083333333333333, 0.2375, 0.1999999999999999, 0.2458333333333333, 0.2125, 0.225, 0.2208333333333333, 0.2166666666666666, 0.2583333333333333, 0.2208333333333333]",0.17982190280672483,0.027860313574316307,"[0.1560102301790281, 0.1474850809889173, 0.1867925888544445, 0.1581036071150166, 0.1600678733031673, 0.1985480943738657, 0.1421102238978499, 0.2095821604018325, 0.2305450306033226, 0.2159296234783085, 0.1605531739340998, 0.1313405957026077, 0.1357871396895787, 0.1581036071150166, 0.162333499537004, 0.1781414461826833, 0.2070914047408424, 0.1771428571428571, 0.2101674575901379, 0.1888266957563618, 0.1927083333333333, 0.1897600693253416, 0.1867925888544445, 0.2246823956442831, 0.1869417924237758]",0.2068333333333333,0.035311936655617916,"[0.175, 0.1666666666666666, 0.2166666666666666, 0.175, 0.175, 0.2333333333333333, 0.1624999999999999, 0.2541666666666667, 0.2666666666666667, 0.2541666666666666, 0.1874999999999999, 0.1458333333333333, 0.1541666666666666, 0.175, 0.1833333333333333, 0.2083333333333333, 0.2375, 0.1999999999999999, 0.2458333333333333, 0.2125, 0.225, 0.2208333333333333, 0.2166666666666666, 0.2583333333333333, 0.2208333333333333]","{'finalestimator__estimator_name': ['SVC'], 'gaussianreweightadapter__reg': ['auto', 1e-05, 0.01, 0.5]}"
Simulated,subspace,LinOT,soft_neighborhood_density,Mapping,0.16016666666666662,0.05139939832476785,"[0.1041666666666666, 0.0625, 0.2166666666666666, 0.1125, 0.0791666666666666, 0.2041666666666666, 0.1583333333333333, 0.2333333333333333, 0.2291666666666666, 0.2291666666666666, 0.1875, 0.1458333333333333, 0.1458333333333333, 0.0916666666666666, 0.1791666666666666, 0.1958333333333333, 0.2125, 0.1583333333333333, 0.1541666666666666, 0.0916666666666666, 0.1875, 0.2083333333333333, 0.125, 0.1125, 0.1791666666666666]",0.16016666666666662,0.05139939832476786,"[0.1041666666666666, 0.0625, 0.2166666666666666, 0.1125, 0.0791666666666666, 0.2041666666666667, 0.1583333333333333, 0.2333333333333333, 0.2291666666666666, 0.2291666666666666, 0.1875, 0.1458333333333333, 0.1458333333333333, 0.0916666666666666, 0.1791666666666666, 0.1958333333333333, 0.2125, 0.1583333333333333, 0.1541666666666666, 0.0916666666666666, 0.1875, 0.2083333333333333, 0.125, 0.1124999999999999, 0.1791666666666666]",0.1431744739067871,0.04133801461114144,"[0.0985167455755691, 0.0611797840713503, 0.1867925888544445, 0.105652653125492, 0.0755555555555555, 0.1777725960072465, 0.1389599317988065, 0.1955698047216554, 0.2036017291169665, 0.198425737033092, 0.1605531739340998, 0.1313405957026077, 0.1293730424165206, 0.0885652567765312, 0.1591826572531166, 0.1691628849706731, 0.1911410688493018, 0.1410955991779462, 0.1416339258972145, 0.0885652567765312, 0.1654630075429305, 0.1833225875779067, 0.122012403316842, 0.1090196078431372, 0.15690365377414]",0.16016666666666662,0.05139939832476786,"[0.1041666666666666, 0.0624999999999999, 0.2166666666666666, 0.1124999999999999, 0.0791666666666666, 0.2041666666666667, 0.1583333333333333, 0.2333333333333333, 0.2291666666666666, 0.2291666666666666, 0.1874999999999999, 0.1458333333333333, 0.1458333333333333, 0.0916666666666666, 0.1791666666666666, 0.1958333333333333, 0.2125, 0.1583333333333333, 0.1541666666666667, 0.0916666666666666, 0.1875, 0.2083333333333333, 0.125, 0.1125, 0.1791666666666667]","{'finalestimator__estimator_name': ['SVC'], 'linearotmappingadapter__bias': [True, False], 'linearotmappingadapter__reg': [1e-08, 1e-06, 0.1, 1, 10]}"
Simulated,subspace,NN RW,soft_neighborhood_density,Reweighting,0.15016666666666664,0.03959210429141426,"[0.1375, 0.1166666666666666, 0.1958333333333333, 0.0875, 0.0833333333333333, 0.1375, 0.1333333333333333, 0.1291666666666666, 0.125, 0.1708333333333333, 0.1416666666666666, 0.1041666666666666, 0.1166666666666666, 0.1375, 0.1416666666666666, 0.2041666666666666, 0.1666666666666666, 0.1375, 0.1333333333333333, 0.1625, 0.225, 0.2041666666666666, 0.1708333333333333, 0.2375, 0.1541666666666666]",0.15016666666666664,0.03959210429141426,"[0.1375, 0.1166666666666666, 0.1958333333333333, 0.0875, 0.0833333333333333, 0.1375, 0.1333333333333333, 0.1291666666666666, 0.125, 0.1708333333333333, 0.1416666666666667, 0.1041666666666666, 0.1166666666666666, 0.1375, 0.1416666666666666, 0.2041666666666666, 0.1666666666666666, 0.1375, 0.1333333333333333, 0.1625, 0.225, 0.2041666666666666, 0.1708333333333333, 0.2375, 0.1541666666666666]",0.13712074610693492,0.03274747596374533,"[0.129505352981374, 0.1091813152181525, 0.1691628849706731, 0.0848148212637774, 0.0817391304347826, 0.1264440576040512, 0.1195767195767195, 0.1162635000616642, 0.1200502828409805, 0.15485480702872, 0.126131221719457, 0.0972550254553088, 0.1061766565947579, 0.1280386134269416, 0.128042328042328, 0.1802428512670112, 0.1596050143567476, 0.1280386134269416, 0.1259892149310175, 0.1500907345090646, 0.1927083333333333, 0.1802428512670112, 0.1567647733893607, 0.2122114401535398, 0.1448881088196577]",0.15016666666666662,0.03959210429141424,"[0.1374999999999999, 0.1166666666666666, 0.1958333333333333, 0.0875, 0.0833333333333333, 0.1375, 0.1333333333333333, 0.1291666666666666, 0.125, 0.1708333333333333, 0.1416666666666666, 0.1041666666666667, 0.1166666666666666, 0.1374999999999999, 0.1416666666666667, 0.2041666666666666, 0.1666666666666666, 0.1374999999999999, 0.1333333333333333, 0.1624999999999999, 0.225, 0.2041666666666666, 0.1708333333333333, 0.2375, 0.1541666666666667]","{'finalestimator__estimator_name': ['SVC'], 'nearestneighborreweightadapter__laplace_smoothing': [True, False], 'nearestneighborreweightadapter__n_neighbors': [1]}"
Simulated,subspace,MapOT,soft_neighborhood_density,Mapping,0.019833333333333304,0.010709765360365005,"[0.0125, 0.0125, 0.0125, 0.0166666666666666, 0.0166666666666666, 0.0208333333333333, 0.0125, 0.0166666666666666, 0.0291666666666666, 0.0458333333333333, 0.025, 0.0208333333333333, 0.0083333333333333, 0.05, 0.0041666666666666, 0.0083333333333333, 0.025, 0.0166666666666666, 0.0291666666666666, 0.025, 0.0125, 0.0125, 0.025, 0.0166666666666666, 0.0208333333333333]",0.0198333333333333,0.010709765360365,"[0.0125, 0.0125, 0.0125, 0.0166666666666666, 0.0166666666666666, 0.0208333333333333, 0.0125, 0.0166666666666666, 0.0291666666666666, 0.0458333333333333, 0.025, 0.0208333333333333, 0.0083333333333333, 0.05, 0.0041666666666666, 0.0083333333333333, 0.0249999999999999, 0.0166666666666666, 0.0291666666666666, 0.025, 0.0125, 0.0125, 0.025, 0.0166666666666666, 0.0208333333333333]",0.019740310389343006,0.01068716810519147,"[0.012482855605132, 0.012482855605132, 0.012482855605132, 0.0165983748871449, 0.0165983748871449, 0.020816333616903, 0.012482855605132, 0.0165983748871449, 0.0287451150673035, 0.0456842214929416, 0.0249322869643725, 0.0206803146324946, 0.0082644628099173, 0.05, 0.0041493775933609, 0.0082644628099173, 0.0247290914142817, 0.0165983748871449, 0.0291498116286741, 0.0249322869643725, 0.0123456790123456, 0.012482855605132, 0.025, 0.0165983748871449, 0.0204081632653061]",0.019833333333333293,0.010709765360365003,"[0.0125, 0.0125, 0.0125, 0.0166666666666666, 0.0166666666666666, 0.0208333333333333, 0.0124999999999999, 0.0166666666666666, 0.0291666666666666, 0.0458333333333333, 0.025, 0.0208333333333333, 0.0083333333333333, 0.05, 0.0041666666666666, 0.0083333333333333, 0.0249999999999999, 0.0166666666666666, 0.0291666666666666, 0.0249999999999999, 0.0125, 0.0125, 0.025, 0.0166666666666666, 0.0208333333333333]","{'finalestimator__estimator_name': ['SVC'], 'otmappingadapter__max_iter': [1000000], 'otmappingadapter__metric': ['sqeuclidean', 'cosine', 'cityblock'], 'otmappingadapter__norm': ['median']}"
Simulated,subspace,SA,soft_neighborhood_density,Subspace,0.09133333333333331,0.08015573672314184,"[0.0333333333333333, 0.025, 0.0625, 0.0458333333333333, 0.0333333333333333, 0.2333333333333333, 0.2125, 0.2291666666666666, 0.1875, 0.1791666666666666, 0.0333333333333333, 0.025, 0.0208333333333333, 0.05, 0.0166666666666666, 0.25, 0.0708333333333333, 0.0291666666666666, 0.0541666666666666, 0.1791666666666666, 0.025, 0.1083333333333333, 0.1041666666666666, 0.0458333333333333, 0.0291666666666666]",0.09133333333333331,0.08015573672314184,"[0.0333333333333333, 0.025, 0.0625, 0.0458333333333333, 0.0333333333333333, 0.2333333333333333, 0.2125, 0.2291666666666666, 0.1875, 0.1791666666666666, 0.0333333333333333, 0.025, 0.0208333333333333, 0.05, 0.0166666666666666, 0.25, 0.0708333333333333, 0.0291666666666666, 0.0541666666666666, 0.1791666666666666, 0.025, 0.1083333333333333, 0.1041666666666666, 0.0458333333333333, 0.0291666666666666]",0.08802596216372134,0.07572642316144305,"[0.032258064516129, 0.0249322869643725, 0.0624837236757582, 0.0450209379506872, 0.032258064516129, 0.2268366132082078, 0.2064241851676901, 0.2232194405080565, 0.1785870996050899, 0.1715582344798584, 0.0332661990416001, 0.024390243902439, 0.020816333616903, 0.0497360377882745, 0.0163934426229508, 0.2263056092843327, 0.0706881283533885, 0.0287451150673035, 0.0541502456639872, 0.165239499284945, 0.024390243902439, 0.1082714077366483, 0.1006535947712418, 0.0456842214929416, 0.0283400809716599]",0.0913333333333333,0.08015573672314184,"[0.0333333333333333, 0.0249999999999999, 0.0625, 0.0458333333333333, 0.0333333333333333, 0.2333333333333333, 0.2125, 0.2291666666666666, 0.1875, 0.1791666666666667, 0.0333333333333333, 0.025, 0.0208333333333333, 0.0499999999999999, 0.0166666666666666, 0.2499999999999999, 0.0708333333333333, 0.0291666666666666, 0.0541666666666666, 0.1791666666666667, 0.025, 0.1083333333333333, 0.1041666666666666, 0.0458333333333333, 0.0291666666666666]","{'finalestimator__estimator_name': ['SVC'], 'subspacealignmentadapter__n_components': [1, 2, 5, 10, 20, 50, 100]}"
Simulated,subspace,TCA,soft_neighborhood_density,Subspace,0.5311666666666667,0.17777690972010293,"[0.375, 0.5041666666666667, 0.4958333333333333, 0.1708333333333333, 0.7833333333333333, 0.4416666666666666, 0.5375, 0.2958333333333333, 0.7, 0.8958333333333334, 0.6416666666666667, 0.7041666666666667, 0.4083333333333333, 0.6, 0.6708333333333333, 0.35, 0.5875, 0.25, 0.4375, 0.7, 0.3291666666666666, 0.6625, 0.4791666666666667, 0.625, 0.6333333333333333]",0.5311666666666667,0.17777690972010293,"[0.375, 0.5041666666666667, 0.4958333333333333, 0.1708333333333333, 0.7833333333333333, 0.4416666666666666, 0.5375000000000001, 0.2958333333333333, 0.7, 0.8958333333333334, 0.6416666666666667, 0.7041666666666666, 0.4083333333333333, 0.6, 0.6708333333333334, 0.35, 0.5875, 0.25, 0.4375, 0.7, 0.3291666666666666, 0.6625000000000001, 0.4791666666666666, 0.625, 0.6333333333333333]",0.5244615540385918,0.17835260258302513,"[0.3722098214285714, 0.4745266876414418, 0.4656952034001215, 0.1708189378287817, 0.7750702905342081, 0.438508275717578, 0.5372991749891445, 0.2853996722986663, 0.6938558571327333, 0.8954248366013071, 0.6416666666666667, 0.6943552582016466, 0.4041958041958042, 0.5897143671201653, 0.6565155165854454, 0.3396825396825396, 0.584317430325933, 0.2474392028430074, 0.4352941176470588, 0.6983029541169077, 0.3177845654054626, 0.6559961777353082, 0.4791576242643102, 0.625, 0.6333078686019863]",0.5311666666666667,0.17777690972010293,"[0.375, 0.5041666666666667, 0.4958333333333333, 0.1708333333333333, 0.7833333333333334, 0.4416666666666666, 0.5375, 0.2958333333333333, 0.7000000000000001, 0.8958333333333335, 0.6416666666666666, 0.7041666666666666, 0.4083333333333333, 0.6, 0.6708333333333334, 0.35, 0.5875, 0.25, 0.4375, 0.7000000000000001, 0.3291666666666667, 0.6625, 0.4791666666666667, 0.625, 0.6333333333333332]","{'finalestimator__estimator_name': ['SVC'], 'transfercomponentanalysisadapter__kernel': ['rbf'], 'transfercomponentanalysisadapter__mu': [10, 100], 'transfercomponentanalysisadapter__n_components': [1, 2, 5, 10, 20, 50, 100]}"
Simulated,subspace,TSL,soft_neighborhood_density,Subspace,0.2473333333333333,0.19150763329724255,"[0.1666666666666666, 0.1583333333333333, 0.2125, 0.8541666666666666, 0.1791666666666666, 0.2083333333333333, 0.1583333333333333, 0.2375, 0.2416666666666666, 0.2333333333333333, 0.1833333333333333, 0.1416666666666666, 0.1416666666666666, 0.15, 0.175, 0.2, 0.2166666666666666, 0.8958333333333334, 0.2083333333333333, 0.1875, 0.1875, 0.2041666666666666, 0.2125, 0.2541666666666666, 0.175]",0.2473333333333333,0.19150763329724255,"[0.1666666666666666, 0.1583333333333333, 0.2125, 0.8541666666666667, 0.1791666666666666, 0.2083333333333333, 0.1583333333333333, 0.2375, 0.2416666666666666, 0.2333333333333333, 0.1833333333333333, 0.1416666666666666, 0.1416666666666667, 0.15, 0.175, 0.2, 0.2166666666666666, 0.8958333333333334, 0.2083333333333333, 0.1875, 0.1875, 0.2041666666666667, 0.2125, 0.2541666666666666, 0.175]",0.22589229687604429,0.19698548795761997,"[0.1515837104072398, 0.1410955991779462, 0.1838056680161943, 0.8538596704883523, 0.165239499284945, 0.1807990801954584, 0.1389599317988065, 0.1984084977459801, 0.2127460168697282, 0.2013888888888889, 0.1575327745540511, 0.128042328042328, 0.126131221719457, 0.1382709096029287, 0.1560102301790281, 0.1721759126185685, 0.1919191919191919, 0.8957446438810793, 0.1833225875779067, 0.1677188739307499, 0.1654630075429305, 0.1777725960072465, 0.1838056680161943, 0.2217250312505661, 0.1537858821853408]",0.2473333333333333,0.19150763329724255,"[0.1666666666666666, 0.1583333333333333, 0.2125, 0.8541666666666667, 0.1791666666666667, 0.2083333333333333, 0.1583333333333333, 0.2375, 0.2416666666666667, 0.2333333333333333, 0.1833333333333333, 0.1416666666666667, 0.1416666666666666, 0.15, 0.175, 0.2, 0.2166666666666666, 0.8958333333333334, 0.2083333333333333, 0.1875, 0.1875, 0.2041666666666667, 0.2125, 0.2541666666666666, 0.175]","{'finalestimator__estimator_name': ['SVC'], 'transfersubspacelearningadapter__base_method': ['flda'], 'transfersubspacelearningadapter__length_scale': [2], 'transfersubspacelearningadapter__max_iter': [300], 'transfersubspacelearningadapter__mu': [0.1, 1, 10], 'transfersubspacelearningadapter__n_components': [1, 2, 5, 10, 20, 50, 100], 'transfersubspacelearningadapter__reg': [0.0001], 'transfersubspacelearningadapter__tol': [0.0001]}"
Simulated,target_shift,CORAL,soft_neighborhood_density,Mapping,0.8384999999999999,0.03996580569687041,"[0.8, 0.85625, 0.85, 0.8375, 0.8375, 0.80625, 0.90625, 0.8, 0.79375, 0.80625, 0.8375, 0.8625, 0.81875, 0.81875, 0.7625, 0.825, 0.8, 0.85, 0.825, 0.83125, 0.9, 0.875, 0.91875, 0.9125, 0.83125]",0.8713888888888889,0.042896116828819955,"[0.8055555555555556, 0.8090277777777778, 0.8888888888888888, 0.7986111111111112, 0.8541666666666667, 0.8368055555555556, 0.9479166666666669, 0.8611111111111112, 0.8854166666666667, 0.8368055555555556, 0.9097222222222222, 0.8958333333333333, 0.8993055555555556, 0.8993055555555556, 0.8402777777777778, 0.875, 0.8611111111111112, 0.9166666666666669, 0.8194444444444444, 0.90625, 0.9166666666666669, 0.875, 0.8715277777777778, 0.9513888888888888, 0.8229166666666667]",0.8653631958017464,0.030390181012137182,"[0.8349039220847592, 0.8752396539630581, 0.8743525480367585, 0.8613333333333333, 0.8638819270398217, 0.8405610753945062, 0.9186345569324292, 0.8367591897974493, 0.8327601809954752, 0.8405610753945062, 0.8658594366938667, 0.8838117106773822, 0.8516868156212419, 0.8516868156212419, 0.8084033613445378, 0.8555409318241644, 0.8367591897974493, 0.8753246753246753, 0.853411306042885, 0.8611338398597311, 0.9126626467788004, 0.8921568627450981, 0.92502965599051, 0.9235798159314502, 0.8580453678185288]",0.8713888888888889,0.042896116828819976,"[0.8055555555555557, 0.8090277777777778, 0.8888888888888888, 0.798611111111111, 0.8541666666666666, 0.8368055555555556, 0.9479166666666669, 0.8611111111111112, 0.8854166666666667, 0.8368055555555556, 0.9097222222222222, 0.8958333333333333, 0.8993055555555556, 0.8993055555555556, 0.8402777777777777, 0.875, 0.8611111111111112, 0.9166666666666669, 0.8194444444444443, 0.90625, 0.9166666666666669, 0.875, 0.8715277777777778, 0.951388888888889, 0.8229166666666667]","{'coraladapter__reg': ['auto'], 'finalestimator__estimator_name': ['SVC']}"
Simulated,target_shift,DASVM,soft_neighborhood_density,Other,0.8590000000000001,0.029705586595790392,"[0.8375, 0.85625, 0.875, 0.8625, 0.84375, 0.85625, 0.88125, 0.8375, 0.8625, 0.83125, 0.8625, 0.84375, 0.8625, 0.84375, 0.79375, 0.80625, 0.83125, 0.8625, 0.8625, 0.8625, 0.91875, 0.89375, 0.91875, 0.9, 0.86875]",0.8772222222222222,0.03723381608410806,"[0.8541666666666667, 0.8090277777777778, 0.9027777777777778, 0.8402777777777778, 0.8576388888888888, 0.8645833333333333, 0.9340277777777778, 0.8541666666666667, 0.8680555555555556, 0.8229166666666667, 0.9236111111111112, 0.8854166666666667, 0.9236111111111112, 0.9131944444444444, 0.8576388888888888, 0.8368055555555556, 0.8784722222222222, 0.9236111111111112, 0.8125, 0.8680555555555556, 0.9270833333333331, 0.8854166666666667, 0.8993055555555556, 0.9166666666666669, 0.8715277777777778]",0.8805909116769525,0.022784424433537318,"[0.8638819270398217, 0.8752396539630581, 0.8933333333333333, 0.8813725490196077, 0.868560525757897, 0.8779502879218601, 0.8991763248050149, 0.8638819270398217, 0.8826666666666666, 0.8580453678185288, 0.8848231690336952, 0.869639794168096, 0.8848231690336952, 0.8705890200787139, 0.8320548452844173, 0.8405610753945062, 0.8602361416850111, 0.8848231690336952, 0.8799111393208505, 0.8826666666666666, 0.9275291747124506, 0.9065858585858584, 0.9263571990558616, 0.9126626467788004, 0.8874011597258831]",0.8772222222222222,0.037233816084108064,"[0.8541666666666666, 0.8090277777777778, 0.9027777777777778, 0.8402777777777778, 0.8576388888888888, 0.8645833333333334, 0.9340277777777778, 0.8541666666666666, 0.8680555555555556, 0.8229166666666667, 0.9236111111111112, 0.8854166666666667, 0.9236111111111112, 0.9131944444444444, 0.8576388888888888, 0.8368055555555556, 0.8784722222222222, 0.9236111111111112, 0.8125, 0.8680555555555556, 0.9270833333333331, 0.8854166666666666, 0.8993055555555556, 0.9166666666666669, 0.8715277777777778]","{'dasvmclassifier__base_estimator__estimator_name': ['SVC'], 'dasvmclassifier__max_iter': [200]}"
Simulated,target_shift,JDOT,soft_neighborhood_density,Other,0.574,0.036518402894978826,"[0.60625, 0.6625, 0.5875, 0.525, 0.6375, 0.54375, 0.58125, 0.58125, 0.49375, 0.575, 0.5875, 0.625, 0.5625, 0.59375, 0.51875, 0.56875, 0.5375, 0.5625, 0.56875, 0.55625, 0.58125, 0.55, 0.58125, 0.575, 0.5875]",0.7633333333333333,0.020288001608321587,"[0.78125, 0.8125, 0.7708333333333333, 0.7361111111111112, 0.7986111111111112, 0.7465277777777778, 0.7673611111111112, 0.7673611111111112, 0.71875, 0.7638888888888888, 0.7708333333333333, 0.7916666666666667, 0.7569444444444444, 0.7743055555555556, 0.7326388888888888, 0.7604166666666667, 0.7430555555555556, 0.7569444444444444, 0.7604166666666667, 0.7534722222222222, 0.7673611111111112, 0.75, 0.7673611111111112, 0.7638888888888888, 0.7708333333333333]",0.6522191354616913,0.033173897676018416,"[0.6816842105263158, 0.7295169946332737, 0.6650854936569223, 0.6069881201956674, 0.7085990338164251, 0.6248947951273534, 0.6594725535902006, 0.6594725535902006, 0.5761446710273181, 0.6538181818181819, 0.6650854936569223, 0.6979405034324941, 0.6423817233315344, 0.6706578521566271, 0.6009217792077917, 0.6481215244812153, 0.6189737259742549, 0.6423817233315344, 0.6481215244812153, 0.6365979150820993, 0.6594725535902006, 0.6307692307692307, 0.6594725535902006, 0.6538181818181819, 0.6650854936569223]",0.7633333333333333,0.020288001608321574,"[0.78125, 0.8125, 0.7708333333333334, 0.7361111111111112, 0.7986111111111112, 0.7465277777777778, 0.7673611111111112, 0.7673611111111112, 0.71875, 0.7638888888888888, 0.7708333333333334, 0.7916666666666666, 0.7569444444444444, 0.7743055555555556, 0.7326388888888888, 0.7604166666666666, 0.7430555555555556, 0.7569444444444444, 0.7604166666666666, 0.7534722222222222, 0.7673611111111112, 0.75, 0.7673611111111112, 0.7638888888888888, 0.7708333333333334]","{'jdotclassifier__alpha': [0.1, 0.3, 0.5, 0.7, 0.9], 'jdotclassifier__base_estimator__estimator_name': ['SVC'], 'jdotclassifier__n_iter_max': [100], 'jdotclassifier__thr_weights': [1e-07], 'jdotclassifier__tol': [1e-06]}"
Simulated,target_shift,KLIEP,soft_neighborhood_density,Reweighting,0.873,0.04336587319924891,"[0.79375, 0.8875, 0.88125, 0.85625, 0.8625, 0.79375, 0.925, 0.875, 0.8375, 0.8375, 0.91875, 0.89375, 0.85625, 0.8625, 0.80625, 0.88125, 0.81875, 0.8625, 0.89375, 0.85625, 0.94375, 0.90625, 0.95, 0.9, 0.925]",0.8527777777777777,0.05976359193770315,"[0.8298611111111112, 0.8263888888888888, 0.90625, 0.8368055555555556, 0.8958333333333333, 0.8576388888888888, 0.9305555555555556, 0.8472222222222222, 0.8263888888888888, 0.8263888888888888, 0.8715277777777778, 0.8854166666666667, 0.6423611111111112, 0.8958333333333333, 0.8368055555555556, 0.8506944444444444, 0.84375, 0.9236111111111112, 0.8020833333333333, 0.8923611111111112, 0.8854166666666667, 0.8923611111111112, 0.8333333333333333, 0.9166666666666669, 0.7638888888888888]",0.8897881252785814,0.03292740110284871,"[0.8312298246724475, 0.898869475847893, 0.8981248587996082, 0.8766774606521576, 0.8838117106773822, 0.8320548452844173, 0.932579650565262, 0.8908283084735004, 0.8626865671641791, 0.8626865671641791, 0.92502965599051, 0.9065858585858584, 0.8616541353383459, 0.8838117106773822, 0.8405610753945062, 0.8955959595959596, 0.849883263291308, 0.8848231690336952, 0.901961857833744, 0.8790756836972651, 0.9458646616541356, 0.9163798169759044, 0.9485057471264368, 0.9126626467788004, 0.9227586206896552]",0.8527777777777779,0.05976359193770312,"[0.8298611111111112, 0.826388888888889, 0.90625, 0.8368055555555557, 0.8958333333333333, 0.8576388888888888, 0.9305555555555556, 0.8472222222222222, 0.826388888888889, 0.826388888888889, 0.8715277777777778, 0.8854166666666666, 0.6423611111111112, 0.8958333333333333, 0.8368055555555556, 0.8506944444444443, 0.84375, 0.9236111111111112, 0.8020833333333334, 0.8923611111111112, 0.8854166666666667, 0.8923611111111112, 0.8333333333333334, 0.9166666666666669, 0.763888888888889]","{'finalestimator__estimator_name': ['SVC'], 'kliepreweightadapter__cv': [5], 'kliepreweightadapter__gamma': [0.0001, 0.001, 0.01, 0.1, 1.0, 10.0, 100.0, 1000.0, 'auto', 'scale'], 'kliepreweightadapter__max_iter': [1000], 'kliepreweightadapter__n_centers': [100], 'kliepreweightadapter__random_state': [0], 'kliepreweightadapter__tol': [1e-06]}"
Simulated,target_shift,KMM,soft_neighborhood_density,Reweighting,0.8690000000000001,0.038547859862773204,"[0.78125, 0.86875, 0.875, 0.83125, 0.84375, 0.8375, 0.90625, 0.875, 0.8375, 0.84375, 0.88125, 0.94375, 0.88125, 0.9, 0.825, 0.85, 0.80625, 0.89375, 0.8625, 0.85625, 0.9125, 0.89375, 0.93125, 0.88125, 0.90625]",0.8716666666666667,0.03642359456095378,"[0.8229166666666667, 0.84375, 0.9027777777777778, 0.8506944444444444, 0.9131944444444444, 0.8541666666666667, 0.9201388888888888, 0.8472222222222222, 0.8819444444444444, 0.8298611111111112, 0.9340277777777778, 0.8576388888888888, 0.90625, 0.9166666666666669, 0.875, 0.8333333333333333, 0.8645833333333333, 0.9131944444444444, 0.8125, 0.8645833333333333, 0.8958333333333333, 0.8854166666666667, 0.8506944444444444, 0.90625, 0.8090277777777778]",0.8878566206056009,0.029044586631963878,"[0.8218763510592305, 0.886088379705401, 0.8933333333333333, 0.8592109777015438, 0.8705890200787139, 0.8638819270398217, 0.9175757575757576, 0.8908283084735004, 0.864935064935065, 0.8673372694802829, 0.8991763248050149, 0.9445042762115932, 0.8981248587996082, 0.9126626467788004, 0.8555409318241644, 0.8719999999999999, 0.8414583201468447, 0.9077858311900864, 0.8799111393208505, 0.8779502879218601, 0.9213429256594724, 0.9065858585858584, 0.9338345864661652, 0.8981248587996082, 0.9117562792474454]",0.8716666666666667,0.03642359456095381,"[0.8229166666666666, 0.84375, 0.9027777777777778, 0.8506944444444444, 0.9131944444444444, 0.8541666666666666, 0.9201388888888888, 0.8472222222222222, 0.8819444444444444, 0.829861111111111, 0.9340277777777778, 0.857638888888889, 0.90625, 0.9166666666666669, 0.875, 0.8333333333333333, 0.8645833333333333, 0.9131944444444444, 0.8125, 0.8645833333333334, 0.8958333333333334, 0.8854166666666666, 0.8506944444444443, 0.90625, 0.8090277777777778]","{'finalestimator__estimator_name': ['SVC'], 'kmmreweightadapter__B': [1000.0], 'kmmreweightadapter__gamma': [0.0001, 0.001, 0.01, 0.1, 1.0, 10.0, 100.0, 1000.0, None], 'kmmreweightadapter__max_iter': [1000], 'kmmreweightadapter__smooth_weights': [False], 'kmmreweightadapter__tol': [1e-06]}"
Simulated,target_shift,MMD-LS,soft_neighborhood_density,Mapping,0.79425,0.05439415371465326,"[0.76875, 0.7875, 0.8375, 0.6875, 0.8125, 0.78125, 0.8125, 0.70625, 0.69375, 0.78125, 0.775, 0.7875, 0.7875, 0.78125, 0.73125, 0.85, 0.76875, 0.75625, 0.84375, 0.8, 0.88125, 0.85, 0.85, 0.825, 0.9]",0.8623611111111111,0.03089237236386177,"[0.8159722222222222, 0.8541666666666667, 0.8819444444444444, 0.7986111111111112, 0.8402777777777778, 0.8784722222222222, 0.8958333333333333, 0.8368055555555556, 0.8298611111111112, 0.8506944444444444, 0.875, 0.8541666666666667, 0.8819444444444444, 0.8784722222222222, 0.8229166666666667, 0.8888888888888888, 0.8715277777777778, 0.8645833333333333, 0.8020833333333333, 0.8888888888888888, 0.90625, 0.8888888888888888, 0.8888888888888888, 0.9027777777777778, 0.8611111111111112]",0.8321315077907023,0.04108027872208685,"[0.8124886877828054, 0.82734375, 0.864935064935065, 0.75, 0.8452224269544617, 0.8232552651760958, 0.8469617404351087, 0.764987656914754, 0.7549873443876234, 0.8226244343891403, 0.8184873949579832, 0.82734375, 0.8280124075399666, 0.8232552651760958, 0.7844157284676391, 0.8743525480367585, 0.8137074888850396, 0.8041065671135245, 0.8659537615784322, 0.8375, 0.8981248587996082, 0.8743525480367585, 0.8743525480367585, 0.8564102564102564, 0.9101062007536826]",0.8623611111111111,0.030892372363861775,"[0.8159722222222222, 0.8541666666666667, 0.8819444444444444, 0.7986111111111112, 0.8402777777777778, 0.8784722222222222, 0.8958333333333333, 0.8368055555555556, 0.8298611111111112, 0.8506944444444444, 0.875, 0.8541666666666667, 0.8819444444444444, 0.8784722222222222, 0.8229166666666666, 0.8888888888888888, 0.8715277777777778, 0.8645833333333334, 0.8020833333333333, 0.8888888888888888, 0.90625, 0.8888888888888888, 0.8888888888888888, 0.9027777777777778, 0.861111111111111]","{'finalestimator__estimator_name': ['SVC'], 'mmdlsconsmappingadapter__gamma': [0.1, 1, 10], 'mmdlsconsmappingadapter__max_iter': [100], 'mmdlsconsmappingadapter__reg_k': [1e-10, 1e-08], 'mmdlsconsmappingadapter__reg_m': [1e-10, 1e-08], 'mmdlsconsmappingadapter__tol': [1e-05]}"
Simulated,target_shift,Train Src,soft_neighborhood_density,NO DA,0.8504999999999999,0.04062179474534988,"[0.79375, 0.85625, 0.88125, 0.85625, 0.8375, 0.85, 0.90625, 0.825, 0.84375, 0.8375, 0.85, 0.85625, 0.8375, 0.81875, 0.75, 0.84375, 0.7875, 0.84375, 0.8625, 0.83125, 0.9125, 0.90625, 0.93125, 0.89375, 0.85]",0.8813888888888889,0.036865015736983836,"[0.8298611111111112, 0.8090277777777778, 0.90625, 0.8368055555555556, 0.8819444444444444, 0.8888888888888888, 0.9479166666666669, 0.875, 0.9131944444444444, 0.8819444444444444, 0.9166666666666669, 0.8923611111111112, 0.9097222222222222, 0.8993055555555556, 0.8333333333333333, 0.8576388888888888, 0.8541666666666667, 0.9131944444444444, 0.8402777777777778, 0.8784722222222222, 0.9236111111111112, 0.8923611111111112, 0.8784722222222222, 0.9409722222222222, 0.8333333333333333]",0.8745684273119078,0.030786062208421606,"[0.8312298246724475, 0.8752396539630581, 0.8981248587996082, 0.8766774606521576, 0.864935064935065, 0.8743525480367585, 0.9186345569324292, 0.8555409318241644, 0.8705890200787139, 0.864935064935065, 0.8753246753246753, 0.8790756836972651, 0.8658594366938667, 0.8516868156212419, 0.7988571428571428, 0.868560525757897, 0.82734375, 0.8705890200787139, 0.8813725490196077, 0.8602361416850111, 0.9225296442687746, 0.9163798169759044, 0.9352879381147932, 0.908848557873334, 0.8719999999999999]",0.8813888888888889,0.03686501573698383,"[0.8298611111111112, 0.8090277777777778, 0.90625, 0.8368055555555557, 0.8819444444444444, 0.8888888888888888, 0.9479166666666669, 0.875, 0.9131944444444444, 0.8819444444444444, 0.9166666666666669, 0.8923611111111112, 0.9097222222222222, 0.8993055555555556, 0.8333333333333334, 0.8576388888888888, 0.8541666666666667, 0.9131944444444444, 0.8402777777777778, 0.8784722222222222, 0.9236111111111112, 0.8923611111111112, 0.8784722222222222, 0.9409722222222222, 0.8333333333333333]",{'finalestimator__estimator_name': ['SVC']}
Simulated,target_shift,NO_DA_SOURCE_ONLY_BASE_ESTIM,soft_neighborhood_density,Unknown,,,"[NaN, NaN, NaN, NaN, NaN, NaN, NaN, NaN, NaN, NaN, NaN, NaN, NaN, NaN, NaN, NaN, NaN, NaN, NaN, NaN, NaN, NaN, NaN, NaN, NaN]",,,"[NaN, NaN, NaN, NaN, NaN, NaN, NaN, NaN, NaN, NaN, NaN, NaN, NaN, NaN, NaN, NaN, NaN, NaN, NaN, NaN, NaN, NaN, NaN, NaN, NaN]",,,"[NaN, NaN, NaN, NaN, NaN, NaN, NaN, NaN, NaN, NaN, NaN, NaN, NaN, NaN, NaN, NaN, NaN, NaN, NaN, NaN, NaN, NaN, NaN, NaN, NaN]",,,"[NaN, NaN, NaN, NaN, NaN, NaN, NaN, NaN, NaN, NaN, NaN, NaN, NaN, NaN, NaN, NaN, NaN, NaN, NaN, NaN, NaN, NaN, NaN, NaN, NaN]",{'finalestimator__estimator_name': ['SVC']}
Simulated,target_shift,Train Tgt,soft_neighborhood_density,NO DA,0.9315000000000001,0.016583123951777006,"[0.91875, 0.91875, 0.925, 0.9375, 0.95625, 0.9375, 0.94375, 0.925, 0.93125, 0.90625, 0.9625, 0.9375, 0.94375, 0.9625, 0.94375, 0.93125, 0.9, 0.9125, 0.9375, 0.90625, 0.9375, 0.9375, 0.93125, 0.93125, 0.9125]",0.7319444444444444,0.08211885081049426,"[0.7326388888888888, 0.6493055555555556, 0.6805555555555556, 0.7430555555555556, 0.8368055555555556, 0.7152777777777778, 0.71875, 0.6805555555555556, 0.6840277777777778, 0.6423611111111112, 0.8680555555555556, 0.7152777777777778, 0.8298611111111112, 0.8958333333333333, 0.8298611111111112, 0.6840277777777778, 0.6111111111111112, 0.7013888888888888, 0.7152777777777778, 0.5868055555555556, 0.7152777777777778, 0.8263888888888888, 0.65625, 0.8229166666666667, 0.7569444444444444]",0.9235935322172351,0.02071882319439593,"[0.9149662282260932, 0.9040843214756258, 0.9135135135135136, 0.9309262166405023, 0.9542125844294348, 0.927927927927928, 0.933596837944664, 0.9135135135135136, 0.9188405797101448, 0.8942372881355933, 0.9613793103448276, 0.927927927927928, 0.9429400602745842, 0.9625, 0.9429400602745842, 0.9188405797101448, 0.8846846846846848, 0.9068493150684932, 0.927927927927928, 0.8834209268991879, 0.927927927927928, 0.9375, 0.914508679726071, 0.9321718931475028, 0.9125]",0.7319444444444444,0.08211885081049426,"[0.732638888888889, 0.6493055555555556, 0.6805555555555556, 0.7430555555555556, 0.8368055555555556, 0.7152777777777778, 0.71875, 0.6805555555555556, 0.6840277777777778, 0.6423611111111112, 0.8680555555555557, 0.7152777777777778, 0.8298611111111112, 0.8958333333333333, 0.8298611111111112, 0.6840277777777778, 0.611111111111111, 0.701388888888889, 0.7152777777777778, 0.5868055555555556, 0.7152777777777778, 0.8263888888888888, 0.65625, 0.8229166666666666, 0.7569444444444444]",{'finalestimator__estimator_name': ['SVC']}
Simulated,target_shift,OTLabelProp,soft_neighborhood_density,Other,0.7415,0.08005694587812687,"[0.725, 0.85625, 0.80625, 0.7625, 0.78125, 0.575, 0.78125, 0.7625, 0.50625, 0.775, 0.76875, 0.83125, 0.75625, 0.7625, 0.73125, 0.75625, 0.6875, 0.575, 0.7375, 0.71875, 0.775, 0.775, 0.775, 0.8, 0.75625]",0.8208333333333333,0.0430658216554145,"[0.7916666666666667, 0.8923611111111112, 0.8645833333333333, 0.8125, 0.8784722222222222, 0.7638888888888888, 0.8229166666666667, 0.7847222222222222, 0.7256944444444444, 0.8194444444444444, 0.8715277777777778, 0.8784722222222222, 0.8645833333333333, 0.8680555555555556, 0.8229166666666667, 0.8090277777777778, 0.7986111111111112, 0.7638888888888888, 0.7708333333333333, 0.8159722222222222, 0.8194444444444444, 0.8194444444444444, 0.8194444444444444, 0.8611111111111112, 0.78125]",0.7900475239628147,0.06597075674363448,"[0.7792114695340502, 0.8790756836972651, 0.8414583201468447, 0.8077785731329039, 0.8232552651760958, 0.6538181818181819, 0.8218763510592305, 0.80703125, 0.5886374412690202, 0.8171875, 0.8137074888850396, 0.8602361416850111, 0.8041065671135245, 0.8089142857142857, 0.7844157284676391, 0.8030558669105068, 0.75, 0.6538181818181819, 0.7882352941176471, 0.7746938775510205, 0.8171875, 0.8171875, 0.8171875, 0.8367591897974493, 0.8023529411764706]",0.8208333333333333,0.0430658216554145,"[0.7916666666666665, 0.8923611111111112, 0.8645833333333333, 0.8125, 0.8784722222222222, 0.7638888888888888, 0.8229166666666666, 0.7847222222222222, 0.7256944444444444, 0.8194444444444444, 0.8715277777777778, 0.8784722222222222, 0.8645833333333334, 0.8680555555555556, 0.8229166666666666, 0.8090277777777778, 0.7986111111111112, 0.7638888888888888, 0.7708333333333334, 0.8159722222222223, 0.8194444444444444, 0.8194444444444444, 0.8194444444444444, 0.8611111111111112, 0.78125]","{'finalestimator__estimator_name': ['SVC'], 'otlabelpropadapter__metric': ['sqeuclidean', 'cosine', 'cityblock'], 'otlabelpropadapter__reg': [None, 0.1, 1.0]}"
Simulated,target_shift,JPCA,soft_neighborhood_density,Subspace,0.8177500000000001,0.03190358195668116,"[0.75625, 0.79375, 0.79375, 0.80625, 0.8125, 0.7875, 0.8, 0.8, 0.8, 0.85625, 0.79375, 0.875, 0.8625, 0.85, 0.8375, 0.85, 0.79375, 0.775, 0.83125, 0.8125, 0.84375, 0.78125, 0.85, 0.8625, 0.81875]",0.6720833333333333,0.06132413681136031,"[0.5868055555555556, 0.6354166666666667, 0.7465277777777778, 0.6145833333333333, 0.6736111111111112, 0.6041666666666667, 0.6666666666666667, 0.6388888888888888, 0.6388888888888888, 0.6701388888888888, 0.7465277777777778, 0.7361111111111112, 0.7569444444444444, 0.7777777777777778, 0.6597222222222222, 0.75, 0.71875, 0.5694444444444444, 0.6006944444444444, 0.7013888888888888, 0.71875, 0.6006944444444444, 0.7222222222222222, 0.6458333333333333, 0.6215277777777778]",0.8394072999902049,0.024133355021534148,"[0.7930461403892413, 0.8209960252513444, 0.8279245283018868, 0.8271849550835363, 0.8362424627102507, 0.8144081244049508, 0.8274509803921569, 0.8253252935576008, 0.8253252935576008, 0.8646929615127495, 0.8279245283018868, 0.883538633818589, 0.8763960260363138, 0.8689939701682006, 0.8514285714285714, 0.8671936758893282, 0.826499894000424, 0.803490955252301, 0.8411613026454015, 0.8382352941176471, 0.8606330282931746, 0.8101472995090017, 0.8651593011305241, 0.8660633484162897, 0.8357199055861526]",0.6720833333333333,0.0613241368113603,"[0.5868055555555556, 0.6354166666666667, 0.7465277777777778, 0.6145833333333333, 0.673611111111111, 0.6041666666666667, 0.6666666666666666, 0.6388888888888888, 0.6388888888888888, 0.670138888888889, 0.7465277777777778, 0.736111111111111, 0.7569444444444444, 0.7777777777777778, 0.6597222222222222, 0.75, 0.71875, 0.5694444444444444, 0.6006944444444444, 0.701388888888889, 0.71875, 0.6006944444444444, 0.7222222222222222, 0.6458333333333333, 0.6215277777777778]","{'finalestimator__estimator_name': ['SVC'], 'pca__n_components': [1, 2, 5, 10, 20, 50, 100]}"
Simulated,target_shift,MMDTarS,soft_neighborhood_density,Reweighting,0.927,0.01810703132303396,"[0.91875, 0.91875, 0.93125, 0.94375, 0.95, 0.93125, 0.9375, 0.91875, 0.94375, 0.9125, 0.9375, 0.95, 0.9375, 0.95, 0.95625, 0.9375, 0.925, 0.925, 0.9375, 0.9125, 0.9, 0.9, 0.9, 0.9, 0.9]",0.6883333333333332,0.11136075831637628,"[0.7881944444444444, 0.6493055555555556, 0.7118055555555556, 0.7465277777777778, 0.8333333333333333, 0.6840277777777778, 0.6875, 0.6493055555555556, 0.7743055555555556, 0.6736111111111112, 0.7430555555555556, 0.7777777777777778, 0.7430555555555556, 0.7777777777777778, 0.8645833333333333, 0.7430555555555556, 0.7361111111111112, 0.7916666666666667, 0.7152777777777778, 0.6180555555555556, 0.5, 0.5, 0.5, 0.5, 0.5]",0.9115681896313768,0.03340770772514693,"[0.9198395100834124, 0.9040843214756258, 0.922440677966102, 0.936542372881356, 0.9485057471264368, 0.9188405797101448, 0.9243441122635752, 0.9040843214756258, 0.9390216154721271, 0.9032967032967032, 0.9309262166405023, 0.9447409733124016, 0.9309262166405023, 0.9447409733124016, 0.955620046880232, 0.9309262166405023, 0.920156555772994, 0.925, 0.927927927927928, 0.8940817571690054, 0.8526315789473683, 0.8526315789473683, 0.8526315789473683, 0.8526315789473683, 0.8526315789473683]",0.6883333333333332,0.11136075831637629,"[0.7881944444444444, 0.6493055555555556, 0.7118055555555556, 0.7465277777777779, 0.8333333333333334, 0.6840277777777778, 0.6875, 0.6493055555555556, 0.7743055555555556, 0.6736111111111112, 0.7430555555555556, 0.7777777777777778, 0.7430555555555556, 0.7777777777777778, 0.8645833333333333, 0.7430555555555556, 0.736111111111111, 0.7916666666666667, 0.7152777777777778, 0.6180555555555556, 0.5, 0.5, 0.5, 0.5, 0.5]","{'finalestimator__estimator_name': ['SVC'], 'mmdtarsreweightadapter__gamma': [0.0001, 0.001, 0.01, 0.1, 1.0, 10.0, 100.0, 1000.0, None], 'mmdtarsreweightadapter__max_iter': [1000], 'mmdtarsreweightadapter__reg': [1e-06], 'mmdtarsreweightadapter__tol': [1e-06]}"
Simulated,target_shift,ClassRegOT,soft_neighborhood_density,Mapping,0.26425,0.03080516731545755,"[0.275, 0.325, 0.275, 0.275, 0.28125, 0.24375, 0.23125, 0.20625, 0.2125, 0.28125, 0.24375, 0.30625, 0.26875, 0.275, 0.25, 0.28125, 0.25, 0.29375, 0.2875, 0.2625, 0.275, 0.20625, 0.28125, 0.225, 0.29375]",0.59125,0.017113981841920846,"[0.5972222222222222, 0.625, 0.5972222222222222, 0.5972222222222222, 0.6006944444444444, 0.5798611111111112, 0.5729166666666666, 0.5590277777777778, 0.5625, 0.6006944444444444, 0.5798611111111112, 0.6145833333333334, 0.59375, 0.5972222222222222, 0.5833333333333334, 0.6006944444444444, 0.5833333333333334, 0.6076388888888888, 0.6041666666666666, 0.5902777777777778, 0.5972222222222222, 0.5590277777777778, 0.6006944444444444, 0.5694444444444444, 0.6076388888888888]",0.29795649725300516,0.04534529844986792,"[0.3146448774355751, 0.3828571428571429, 0.3146448774355751, 0.3146448774355751, 0.3235028115292359, 0.268819224296505, 0.2497360703812316, 0.2101878979647642, 0.220253164556962, 0.3235028115292359, 0.268819224296505, 0.3579708427166054, 0.3056870363829035, 0.3146448774355751, 0.2781954887218044, 0.3235028115292359, 0.2781954887218044, 0.3409261083743842, 0.332262635805385, 0.2966274509803921, 0.3146448774355751, 0.2101878979647642, 0.3235028115292359, 0.2400250156347717, 0.3409261083743842]",0.59125,0.017113981841920853,"[0.5972222222222222, 0.625, 0.5972222222222222, 0.5972222222222222, 0.6006944444444444, 0.5798611111111112, 0.5729166666666667, 0.5590277777777778, 0.5625, 0.6006944444444444, 0.5798611111111112, 0.6145833333333333, 0.59375, 0.5972222222222222, 0.5833333333333333, 0.6006944444444444, 0.5833333333333333, 0.6076388888888888, 0.6041666666666667, 0.5902777777777778, 0.5972222222222222, 0.5590277777777778, 0.6006944444444444, 0.5694444444444444, 0.6076388888888888]","[{'classregularizerotmappingadapter__max_inner_iter': [1000], 'classregularizerotmappingadapter__max_iter': [10], 'classregularizerotmappingadapter__metric': ['sqeuclidean', 'cosine', 'cityblock'], 'classregularizerotmappingadapter__norm': ['lpl1'], 'classregularizerotmappingadapter__reg_cl': [0.1], 'classregularizerotmappingadapter__reg_e': [0.1], 'classregularizerotmappingadapter__tol': [1e-06], 'finalestimator__estimator_name': ['SVC']}, {'classregularizerotmappingadapter__max_inner_iter': [1000], 'classregularizerotmappingadapter__max_iter': [10], 'classregularizerotmappingadapter__metric': ['sqeuclidean', 'cosine', 'cityblock'], 'classregularizerotmappingadapter__norm': ['lpl1'], 'classregularizerotmappingadapter__reg_cl': [0.5], 'classregularizerotmappingadapter__reg_e': [0.5], 'classregularizerotmappingadapter__tol': [1e-06], 'finalestimator__estimator_name': ['SVC']}, {'classregularizerotmappingadapter__max_inner_iter': [1000], 'classregularizerotmappingadapter__max_iter': [10], 'classregularizerotmappingadapter__metric': ['sqeuclidean', 'cosine', 'cityblock'], 'classregularizerotmappingadapter__norm': ['lpl1'], 'classregularizerotmappingadapter__reg_cl': [1.0], 'classregularizerotmappingadapter__reg_e': [1.0], 'classregularizerotmappingadapter__tol': [1e-06], 'finalestimator__estimator_name': ['SVC']}]"
Simulated,target_shift,Dens. RW,soft_neighborhood_density,Reweighting,0.8327500000000001,0.0606303691780502,"[0.64375, 0.85625, 0.7875, 0.8, 0.8375, 0.85, 0.90625, 0.84375, 0.85, 0.8, 0.81875, 0.81875, 0.88125, 0.85, 0.7125, 0.8125, 0.8375, 0.88125, 0.8625, 0.8875, 0.81875, 0.9, 0.925, 0.775, 0.8625]",0.7726388888888889,0.11462330952480718,"[0.7743055555555556, 0.6145833333333333, 0.8819444444444444, 0.6111111111111112, 0.8819444444444444, 0.75, 0.9201388888888888, 0.8576388888888888, 0.8888888888888888, 0.8055555555555556, 0.7048611111111112, 0.7326388888888888, 0.90625, 0.6944444444444444, 0.5902777777777778, 0.7569444444444444, 0.8541666666666667, 0.9340277777777778, 0.8402777777777778, 0.7708333333333333, 0.5381944444444444, 0.8333333333333333, 0.7361111111111112, 0.5972222222222222, 0.8402777777777778]",0.8554382271810933,0.046876503263836994,"[0.7143110848009473, 0.8581775947629605, 0.8280124075399666, 0.8229249011857709, 0.864935064935065, 0.8671936758893282, 0.9175757575757576, 0.868560525757897, 0.8743525480367585, 0.8349039220847592, 0.8426934767360299, 0.8445063634309813, 0.8981248587996082, 0.8628571428571428, 0.764102564102564, 0.8415614236509759, 0.8638819270398217, 0.8991763248050149, 0.8813725490196077, 0.8951847704367303, 0.825563909774436, 0.9085714285714286, 0.920156555772994, 0.8058823529411765, 0.8813725490196077]",0.7726388888888889,0.11462330952480716,"[0.7743055555555556, 0.6145833333333334, 0.8819444444444444, 0.6111111111111112, 0.8819444444444444, 0.75, 0.9201388888888888, 0.8576388888888888, 0.8888888888888888, 0.8055555555555557, 0.704861111111111, 0.7326388888888888, 0.90625, 0.6944444444444444, 0.5902777777777778, 0.7569444444444444, 0.8541666666666666, 0.9340277777777778, 0.8402777777777778, 0.7708333333333333, 0.5381944444444444, 0.8333333333333333, 0.736111111111111, 0.5972222222222222, 0.8402777777777778]","{'densityreweightadapter__weight_estimator__bandwidth': [0.01, 0.1, 1.0, 10.0, 100.0, 'scott', 'silverman'], 'finalestimator__estimator_name': ['SVC']}"
Simulated,target_shift,Disc. RW,soft_neighborhood_density,Reweighting,0.8320000000000001,0.03866758709393005,"[0.7875, 0.85625, 0.825, 0.85, 0.8125, 0.83125, 0.8625, 0.81875, 0.78125, 0.8125, 0.8375, 0.85, 0.825, 0.81875, 0.74375, 0.83125, 0.7875, 0.81875, 0.85, 0.825, 0.9, 0.80625, 0.925, 0.8875, 0.85625]",0.8811111111111112,0.032141976827549316,"[0.8263888888888888, 0.8368055555555556, 0.875, 0.8333333333333333, 0.8958333333333333, 0.90625, 0.9236111111111112, 0.8993055555555556, 0.8784722222222222, 0.8680555555555556, 0.9097222222222222, 0.8888888888888888, 0.9027777777777778, 0.8993055555555556, 0.8298611111111112, 0.8506944444444444, 0.8541666666666667, 0.8993055555555556, 0.8333333333333333, 0.9027777777777778, 0.9166666666666669, 0.8645833333333333, 0.9027777777777778, 0.9375, 0.8923611111111112]",0.8608974614601961,0.029169935595004904,"[0.8265566391597898, 0.8766774606521576, 0.8555409318241644, 0.8719999999999999, 0.8469617404351087, 0.8611338398597311, 0.8848231690336952, 0.8516868156212419, 0.8232552651760958, 0.8461538461538461, 0.8658594366938667, 0.8743525480367585, 0.8564102564102564, 0.8516868156212419, 0.7940607500424232, 0.8592109777015438, 0.82734375, 0.8516868156212419, 0.8719999999999999, 0.8564102564102564, 0.9126626467788004, 0.8414583201468447, 0.9314285714285712, 0.904, 0.8790756836972651]",0.8811111111111112,0.03214197682754931,"[0.8263888888888888, 0.8368055555555557, 0.875, 0.8333333333333333, 0.8958333333333333, 0.90625, 0.9236111111111112, 0.8993055555555556, 0.8784722222222222, 0.8680555555555556, 0.9097222222222222, 0.8888888888888888, 0.9027777777777778, 0.8993055555555556, 0.8298611111111112, 0.8506944444444444, 0.8541666666666667, 0.8993055555555556, 0.8333333333333333, 0.9027777777777778, 0.9166666666666669, 0.8645833333333333, 0.9027777777777778, 0.9375, 0.8923611111111112]","{'discriminatorreweightadapter__domain_classifier__estimator_name': ['LR', 'SVC', 'KNN', 'XGB'], 'finalestimator__estimator_name': ['SVC']}"
Simulated,target_shift,EntOT,soft_neighborhood_density,Mapping,0.25325,0.03475734334880425,"[0.3, 0.25, 0.26875, 0.28125, 0.25625, 0.25625, 0.20625, 0.19375, 0.19375, 0.24375, 0.2125, 0.3, 0.275, 0.28125, 0.24375, 0.2125, 0.25625, 0.25625, 0.2625, 0.23125, 0.28125, 0.19375, 0.3, 0.29375, 0.28125]",0.5851388888888889,0.01930963519378015,"[0.6111111111111112, 0.5833333333333334, 0.59375, 0.6006944444444444, 0.5868055555555556, 0.5868055555555556, 0.5590277777777778, 0.5520833333333334, 0.5520833333333334, 0.5798611111111112, 0.5625, 0.6111111111111112, 0.5972222222222222, 0.6006944444444444, 0.5798611111111112, 0.5625, 0.5868055555555556, 0.5868055555555556, 0.5902777777777778, 0.5729166666666666, 0.6006944444444444, 0.5520833333333334, 0.6111111111111112, 0.6076388888888888, 0.6006944444444444]",0.28142256253293835,0.052333460026294826,"[0.3494949494949495, 0.2781954887218044, 0.3056870363829035, 0.3235028115292359, 0.2874642423292449, 0.2874642423292449, 0.2101878979647642, 0.1896870971522325, 0.1896870971522325, 0.268819224296505, 0.220253164556962, 0.3494949494949495, 0.3146448774355751, 0.3235028115292359, 0.268819224296505, 0.220253164556962, 0.2874642423292449, 0.2874642423292449, 0.2966274509803921, 0.2497360703812316, 0.3235028115292359, 0.1896870971522325, 0.3494949494949495, 0.3409261083743842, 0.3235028115292359]",0.5851388888888889,0.01930963519378014,"[0.6111111111111112, 0.5833333333333333, 0.59375, 0.6006944444444444, 0.5868055555555556, 0.5868055555555556, 0.5590277777777778, 0.5520833333333333, 0.5520833333333333, 0.5798611111111112, 0.5625, 0.6111111111111112, 0.5972222222222222, 0.6006944444444444, 0.5798611111111112, 0.5625, 0.5868055555555556, 0.5868055555555556, 0.5902777777777778, 0.5729166666666667, 0.6006944444444444, 0.5520833333333333, 0.6111111111111112, 0.6076388888888888, 0.6006944444444444]","{'entropicotmappingadapter__max_iter': [1000], 'entropicotmappingadapter__metric': ['sqeuclidean', 'cosine', 'cityblock'], 'entropicotmappingadapter__norm': ['median'], 'entropicotmappingadapter__reg_e': [0.1, 0.5, 1.0], 'entropicotmappingadapter__tol': [1e-06], 'finalestimator__estimator_name': ['SVC']}"
Simulated,target_shift,Gauss. RW,soft_neighborhood_density,Reweighting,0.86275,0.03655404104427667,"[0.8, 0.8625, 0.8875, 0.86875, 0.84375, 0.8625, 0.90625, 0.8375, 0.85, 0.85, 0.875, 0.875, 0.84375, 0.85, 0.76875, 0.85, 0.81875, 0.8625, 0.875, 0.85, 0.9125, 0.91875, 0.93125, 0.90625, 0.8625]",0.8826388888888889,0.03853488845969101,"[0.8333333333333333, 0.8125, 0.9097222222222222, 0.84375, 0.8854166666666667, 0.8680555555555556, 0.9479166666666669, 0.8263888888888888, 0.8888888888888888, 0.8611111111111112, 0.9305555555555556, 0.9027777777777778, 0.9131944444444444, 0.9166666666666669, 0.84375, 0.8611111111111112, 0.8715277777777778, 0.9236111111111112, 0.8472222222222222, 0.8888888888888888, 0.9236111111111112, 0.8993055555555556, 0.8784722222222222, 0.9479166666666669, 0.8402777777777778]",0.8836450715992206,0.027913876278744264,"[0.8358974358974359, 0.8799111393208505, 0.9029411764705882, 0.886088379705401, 0.869639794168096, 0.8826666666666666, 0.9186345569324292, 0.8626865671641791, 0.8743525480367585, 0.8732491389207807, 0.894374282433984, 0.8933333333333333, 0.8705890200787139, 0.8753246753246753, 0.8131555660433014, 0.8732491389207807, 0.8508474576271187, 0.8848231690336952, 0.8908283084735004, 0.8743525480367585, 0.9225296442687746, 0.9263571990558616, 0.9352879381147932, 0.9186345569324292, 0.8813725490196077]",0.8826388888888889,0.038534888459691,"[0.8333333333333334, 0.8125, 0.9097222222222222, 0.84375, 0.8854166666666667, 0.8680555555555556, 0.9479166666666669, 0.826388888888889, 0.8888888888888888, 0.8611111111111112, 0.9305555555555556, 0.9027777777777778, 0.9131944444444444, 0.9166666666666669, 0.84375, 0.8611111111111112, 0.8715277777777778, 0.9236111111111112, 0.8472222222222222, 0.8888888888888888, 0.9236111111111112, 0.8993055555555556, 0.8784722222222222, 0.9479166666666669, 0.8402777777777778]","{'finalestimator__estimator_name': ['SVC'], 'gaussianreweightadapter__reg': ['auto', 1e-05, 0.01, 0.5]}"
Simulated,target_shift,LinOT,soft_neighborhood_density,Mapping,0.81025,0.042576524243609463,"[0.76875, 0.84375, 0.83125, 0.80625, 0.8, 0.80625, 0.8625, 0.8, 0.78125, 0.8, 0.8125, 0.825, 0.79375, 0.7875, 0.7125, 0.7875, 0.74375, 0.78125, 0.80625, 0.76875, 0.8875, 0.85625, 0.8875, 0.86875, 0.8375]",0.8723611111111111,0.030456753138317205,"[0.8159722222222222, 0.8576388888888888, 0.8784722222222222, 0.8090277777777778, 0.8888888888888888, 0.8923611111111112, 0.9236111111111112, 0.8888888888888888, 0.8784722222222222, 0.8611111111111112, 0.8958333333333333, 0.875, 0.8854166666666667, 0.8819444444444444, 0.8402777777777778, 0.8541666666666667, 0.8576388888888888, 0.8784722222222222, 0.8090277777777778, 0.8715277777777778, 0.9097222222222222, 0.8645833333333333, 0.8819444444444444, 0.9270833333333331, 0.8819444444444444]",0.8444622346692807,0.032079194914784843,"[0.8124886877828054, 0.868560525757897, 0.8602361416850111, 0.8395303848976052, 0.8375, 0.8422333395096041, 0.8848231690336952, 0.8375, 0.8232552651760958, 0.8367591897974493, 0.8469617404351087, 0.8555409318241644, 0.8327601809954752, 0.8280124075399666, 0.7699512608603518, 0.82734375, 0.7944429038877489, 0.8232552651760958, 0.8395303848976052, 0.8137074888850396, 0.9029411764705882, 0.8779502879218601, 0.9017454776261504, 0.8895908416366336, 0.864935064935065]",0.8723611111111111,0.030456753138317205,"[0.8159722222222222, 0.8576388888888888, 0.8784722222222222, 0.8090277777777778, 0.8888888888888888, 0.8923611111111112, 0.9236111111111112, 0.8888888888888888, 0.8784722222222222, 0.8611111111111112, 0.8958333333333333, 0.875, 0.8854166666666667, 0.8819444444444444, 0.8402777777777778, 0.8541666666666667, 0.8576388888888888, 0.8784722222222222, 0.8090277777777778, 0.8715277777777778, 0.9097222222222222, 0.8645833333333334, 0.8819444444444444, 0.9270833333333331, 0.8819444444444444]","{'finalestimator__estimator_name': ['SVC'], 'linearotmappingadapter__bias': [True, False], 'linearotmappingadapter__reg': [1e-08, 1e-06, 0.1, 1, 10]}"
Simulated,target_shift,NN RW,soft_neighborhood_density,Reweighting,0.85775,0.038285182621130766,"[0.8, 0.875, 0.8625, 0.8625, 0.8125, 0.85625, 0.90625, 0.85, 0.85, 0.85, 0.875, 0.84375, 0.875, 0.8625, 0.75625, 0.8375, 0.8125, 0.85, 0.86875, 0.83125, 0.9125, 0.9, 0.9375, 0.89375, 0.8625]",0.8865277777777777,0.03608049360849884,"[0.8333333333333333, 0.8472222222222222, 0.8958333333333333, 0.8402777777777778, 0.8958333333333333, 0.8645833333333333, 0.9479166666666669, 0.8888888888888888, 0.8888888888888888, 0.8888888888888888, 0.9305555555555556, 0.8854166666666667, 0.9305555555555556, 0.9236111111111112, 0.8368055555555556, 0.8541666666666667, 0.8680555555555556, 0.9166666666666669, 0.8159722222222222, 0.8784722222222222, 0.9236111111111112, 0.8888888888888888, 0.9097222222222222, 0.9409722222222222, 0.8680555555555556]",0.8801137068830838,0.029176160323724377,"[0.8358974358974359, 0.8908283084735004, 0.8838117106773822, 0.8813725490196077, 0.8469617404351087, 0.8779502879218601, 0.9186345569324292, 0.8743525480367585, 0.8743525480367585, 0.8743525480367585, 0.894374282433984, 0.869639794168096, 0.894374282433984, 0.8848231690336952, 0.8036376234193661, 0.8638819270398217, 0.8461538461538461, 0.8753246753246753, 0.8846060606060606, 0.8602361416850111, 0.9225296442687746, 0.9114624505928852, 0.9417693169092944, 0.908848557873334, 0.8826666666666666]",0.8865277777777778,0.03608049360849881,"[0.8333333333333334, 0.8472222222222222, 0.8958333333333333, 0.8402777777777778, 0.8958333333333333, 0.8645833333333334, 0.9479166666666669, 0.8888888888888888, 0.8888888888888888, 0.8888888888888888, 0.9305555555555556, 0.8854166666666667, 0.9305555555555556, 0.9236111111111112, 0.8368055555555556, 0.8541666666666666, 0.8680555555555556, 0.9166666666666669, 0.8159722222222222, 0.8784722222222222, 0.9236111111111112, 0.8888888888888888, 0.9097222222222222, 0.9409722222222222, 0.8680555555555556]","{'finalestimator__estimator_name': ['SVC'], 'nearestneighborreweightadapter__laplace_smoothing': [True, False], 'nearestneighborreweightadapter__n_neighbors': [1]}"
Simulated,target_shift,MapOT,soft_neighborhood_density,Mapping,0.603,0.05829946933720754,"[0.63125, 0.71875, 0.65625, 0.575, 0.6375, 0.5625, 0.675, 0.59375, 0.54375, 0.65, 0.68125, 0.725, 0.6125, 0.61875, 0.5125, 0.58125, 0.5375, 0.55625, 0.525, 0.55, 0.575, 0.55, 0.625, 0.6, 0.58125]",0.7783333333333333,0.03038078701499032,"[0.7951388888888888, 0.84375, 0.8090277777777778, 0.7638888888888888, 0.7986111111111112, 0.7569444444444444, 0.8194444444444444, 0.7743055555555556, 0.7465277777777778, 0.8055555555555556, 0.8229166666666667, 0.8194444444444444, 0.7847222222222222, 0.7881944444444444, 0.7291666666666666, 0.7673611111111112, 0.7430555555555556, 0.7534722222222222, 0.7361111111111112, 0.75, 0.7638888888888888, 0.75, 0.7916666666666667, 0.7777777777777778, 0.7673611111111112]",0.677268894508783,0.050709212059074645,"[0.7032871059071931, 0.7748917748917749, 0.7243352572640719, 0.6538181818181819, 0.7085990338164251, 0.6423817233315344, 0.7397901533494753, 0.6706578521566271, 0.6248947951273534, 0.7191222570532915, 0.7448833307915205, 0.779564930784443, 0.6871398983242327, 0.6925583818862204, 0.5948051948051948, 0.6594725535902006, 0.6189737259742549, 0.6365979150820993, 0.6069881201956674, 0.6307692307692307, 0.6538181818181819, 0.6307692307692307, 0.6979405034324941, 0.6761904761904762, 0.6594725535902006]",0.7783333333333333,0.030380787014990304,"[0.7951388888888888, 0.84375, 0.8090277777777778, 0.7638888888888888, 0.7986111111111112, 0.7569444444444444, 0.8194444444444444, 0.7743055555555556, 0.7465277777777778, 0.8055555555555556, 0.8229166666666666, 0.8194444444444444, 0.7847222222222222, 0.7881944444444444, 0.7291666666666667, 0.7673611111111112, 0.7430555555555556, 0.7534722222222222, 0.7361111111111112, 0.75, 0.7638888888888888, 0.75, 0.7916666666666666, 0.7777777777777778, 0.7673611111111112]","{'finalestimator__estimator_name': ['SVC'], 'otmappingadapter__max_iter': [1000000], 'otmappingadapter__metric': ['sqeuclidean', 'cosine', 'cityblock'], 'otmappingadapter__norm': ['median']}"
Simulated,target_shift,SA,soft_neighborhood_density,Subspace,0.8122499999999999,0.037172178216151555,"[0.75, 0.8, 0.8, 0.79375, 0.80625, 0.7375, 0.8, 0.8, 0.7625, 0.85, 0.79375, 0.875, 0.85625, 0.85, 0.8625, 0.84375, 0.775, 0.76875, 0.8125, 0.80625, 0.85, 0.79375, 0.825, 0.85, 0.84375]",0.6756944444444444,0.06103609663627414,"[0.5555555555555556, 0.6388888888888888, 0.6944444444444444, 0.6076388888888888, 0.6701388888888888, 0.5763888888888888, 0.6944444444444444, 0.6944444444444444, 0.6458333333333333, 0.6944444444444444, 0.7465277777777778, 0.7638888888888888, 0.7534722222222222, 0.7777777777777778, 0.7291666666666667, 0.71875, 0.7083333333333333, 0.59375, 0.6180555555555556, 0.6979166666666667, 0.7222222222222222, 0.6076388888888888, 0.6805555555555556, 0.6111111111111112, 0.6909722222222222]",0.8361940695608202,0.028012363126881844,"[0.7866666666666667, 0.8253252935576008, 0.8293333333333333, 0.8186666666666668, 0.8318447509936873, 0.7801169590643274, 0.8293333333333333, 0.8293333333333333, 0.8010582010582009, 0.8628571428571428, 0.8279245283018868, 0.8857142857142858, 0.8717823860297205, 0.8689939701682006, 0.8742857142857142, 0.8606330282931746, 0.8129870129870129, 0.8016115671360795, 0.8314491264131553, 0.8337826643572559, 0.8651593011305241, 0.8186666666666668, 0.8450592885375494, 0.8538872891814069, 0.8583792289535799]",0.6756944444444444,0.0610360966362741,"[0.5555555555555556, 0.6388888888888888, 0.6944444444444444, 0.6076388888888888, 0.670138888888889, 0.5763888888888888, 0.6944444444444444, 0.6944444444444444, 0.6458333333333334, 0.6944444444444444, 0.7465277777777778, 0.7638888888888888, 0.7534722222222222, 0.7777777777777778, 0.7291666666666667, 0.71875, 0.7083333333333333, 0.59375, 0.6180555555555556, 0.6979166666666667, 0.7222222222222222, 0.6076388888888888, 0.6805555555555556, 0.6111111111111112, 0.6909722222222221]","{'finalestimator__estimator_name': ['SVC'], 'subspacealignmentadapter__n_components': [1, 2, 5, 10, 20, 50, 100]}"
Simulated,target_shift,TCA,soft_neighborhood_density,Subspace,0.46075000000000005,0.09968243848174393,"[0.26875, 0.46875, 0.5625, 0.4125, 0.34375, 0.53125, 0.60625, 0.4875, 0.35625, 0.43125, 0.34375, 0.55, 0.5125, 0.45, 0.63125, 0.3125, 0.55625, 0.3875, 0.3375, 0.50625, 0.475, 0.54375, 0.50625, 0.56875, 0.36875]",0.49263888888888885,0.1040958478401105,"[0.3159722222222222, 0.59375, 0.5347222222222222, 0.5069444444444444, 0.3576388888888889, 0.4895833333333333, 0.5590277777777778, 0.5763888888888888, 0.3368055555555556, 0.40625, 0.4131944444444444, 0.5555555555555556, 0.5347222222222222, 0.4166666666666666, 0.6284722222222222, 0.5069444444444444, 0.6979166666666667, 0.2986111111111111, 0.5208333333333334, 0.3645833333333333, 0.5694444444444444, 0.5520833333333333, 0.5868055555555556, 0.5381944444444444, 0.4548611111111111]",0.551946643470789,0.09707222704618768,"[0.3579934250578351, 0.559459106917692, 0.6493738819320215, 0.5068642479986373, 0.4447391688770999, 0.6235225448708595, 0.6849834550133936, 0.5794871794871794, 0.4610234705656021, 0.5342311305981836, 0.4383487686365713, 0.6382608695652174, 0.6053571428571429, 0.5519999999999999, 0.7049845054887337, 0.385652383245065, 0.6391425567896156, 0.4974358974358973, 0.4163562753036437, 0.6045056320400499, 0.5674836889437488, 0.6328806564614425, 0.5971246439712464, 0.6545682102628285, 0.4628872444500189]",0.49263888888888885,0.1040958478401105,"[0.3159722222222222, 0.59375, 0.5347222222222222, 0.5069444444444444, 0.3576388888888889, 0.4895833333333333, 0.5590277777777778, 0.5763888888888888, 0.3368055555555556, 0.40625, 0.4131944444444444, 0.5555555555555556, 0.5347222222222222, 0.4166666666666667, 0.6284722222222222, 0.5069444444444444, 0.6979166666666666, 0.2986111111111111, 0.5208333333333333, 0.3645833333333333, 0.5694444444444444, 0.5520833333333334, 0.5868055555555556, 0.5381944444444444, 0.4548611111111111]","{'finalestimator__estimator_name': ['SVC'], 'transfercomponentanalysisadapter__kernel': ['rbf'], 'transfercomponentanalysisadapter__mu': [10, 100], 'transfercomponentanalysisadapter__n_components': [1, 2, 5, 10, 20, 50, 100]}"
Simulated,target_shift,TSL,soft_neighborhood_density,Subspace,0.8075,0.03302264059197374,"[0.7625, 0.8, 0.775, 0.775, 0.8125, 0.775, 0.7875, 0.79375, 0.74375, 0.84375, 0.8, 0.85, 0.84375, 0.8375, 0.81875, 0.8375, 0.7875, 0.76875, 0.83125, 0.78125, 0.84375, 0.7875, 0.85, 0.8625, 0.81875]",0.6652777777777777,0.05355745671955952,"[0.5625, 0.6388888888888888, 0.6805555555555556, 0.5694444444444444, 0.6736111111111112, 0.5972222222222222, 0.6875, 0.6631944444444444, 0.5798611111111112, 0.6909722222222222, 0.7777777777777778, 0.6666666666666667, 0.71875, 0.7430555555555556, 0.6493055555555556, 0.6875, 0.7152777777777778, 0.6493055555555556, 0.65625, 0.6840277777777778, 0.71875, 0.6319444444444444, 0.7222222222222222, 0.6458333333333333, 0.6215277777777778]",0.8321442619859825,0.024105974301038207,"[0.7950980392156863, 0.8253252935576008, 0.811528822055138, 0.803490955252301, 0.8362424627102507, 0.8058823529411765, 0.8204362801377727, 0.8230589652835304, 0.784439262242951, 0.8583792289535799, 0.8337662337662337, 0.8602463605823069, 0.8606330282931746, 0.8580768010155506, 0.8383343128200822, 0.8539225762247347, 0.8219994430520746, 0.8054695781216875, 0.8470495672698662, 0.8159847360610557, 0.8606330282931746, 0.8166666666666667, 0.8651593011305241, 0.8660633484162897, 0.8357199055861526]",0.6652777777777777,0.05355745671955951,"[0.5625, 0.6388888888888888, 0.6805555555555556, 0.5694444444444444, 0.673611111111111, 0.5972222222222222, 0.6875, 0.6631944444444444, 0.5798611111111112, 0.6909722222222221, 0.7777777777777778, 0.6666666666666667, 0.71875, 0.7430555555555556, 0.6493055555555556, 0.6875, 0.7152777777777778, 0.6493055555555556, 0.65625, 0.6840277777777778, 0.71875, 0.6319444444444444, 0.7222222222222222, 0.6458333333333333, 0.6215277777777778]","{'finalestimator__estimator_name': ['SVC'], 'transfersubspacelearningadapter__base_method': ['flda'], 'transfersubspacelearningadapter__length_scale': [2], 'transfersubspacelearningadapter__max_iter': [300], 'transfersubspacelearningadapter__mu': [0.1, 1, 10], 'transfersubspacelearningadapter__n_components': [1, 2, 5, 10, 20, 50, 100], 'transfersubspacelearningadapter__reg': [0.0001], 'transfersubspacelearningadapter__tol': [0.0001]}"
Simulated,concept_drift,CORAL,supervised,Mapping,0.6635,0.0295187087567642,"[0.63125, 0.64375, 0.7, 0.65, 0.6625, 0.69375, 0.69375, 0.71875, 0.63125, 0.7, 0.60625, 0.7, 0.65, 0.66875, 0.68125, 0.6625, 0.625, 0.65625, 0.65, 0.69375, 0.6625, 0.6125, 0.65, 0.66875, 0.675]",0.6635,0.029518708756764208,"[0.63125, 0.64375, 0.7, 0.65, 0.6625000000000001, 0.69375, 0.69375, 0.71875, 0.63125, 0.7, 0.60625, 0.7, 0.65, 0.66875, 0.68125, 0.6625, 0.625, 0.65625, 0.65, 0.69375, 0.6625, 0.6125, 0.65, 0.66875, 0.675]",0.6258118382491888,0.039308370751956756,"[0.5818383167220377, 0.5960132890365448, 0.6754563894523326, 0.6011396011396011, 0.6226415094339622, 0.6620543988965041, 0.6699086354258769, 0.6968548692686625, 0.5818383167220377, 0.6729688298415943, 0.5534883720930233, 0.6799999999999999, 0.6050079351084465, 0.6312883168833427, 0.6511478773887391, 0.6291208791208792, 0.5767942161876213, 0.6173746684638463, 0.6121212121212121, 0.6674443266171792, 0.625974025974026, 0.5584045584045583, 0.6086652690426275, 0.6279233030582247, 0.6398268398268397]",0.6635,0.02951870875676423,"[0.63125, 0.64375, 0.7000000000000001, 0.65, 0.6625, 0.69375, 0.69375, 0.71875, 0.63125, 0.7000000000000001, 0.60625, 0.7, 0.65, 0.6687500000000001, 0.68125, 0.6625000000000001, 0.625, 0.65625, 0.65, 0.69375, 0.6625000000000001, 0.6124999999999999, 0.6499999999999999, 0.66875, 0.6750000000000002]","{'coraladapter__reg': ['auto'], 'finalestimator__estimator_name': ['SVC']}"
Simulated,concept_drift,DASVM,supervised,Other,0.6475,0.028298078556679408,"[0.64375, 0.6375, 0.7, 0.6, 0.64375, 0.6625, 0.6875, 0.7125, 0.6625, 0.675, 0.61875, 0.63125, 0.6375, 0.60625, 0.66875, 0.6125, 0.63125, 0.64375, 0.65625, 0.6375, 0.675, 0.61875, 0.65625, 0.63125, 0.6375]",0.6475,0.028298078556679415,"[0.64375, 0.6375, 0.7, 0.6, 0.64375, 0.6625000000000001, 0.6875, 0.7125, 0.6625, 0.675, 0.6187499999999999, 0.63125, 0.6375, 0.6062500000000001, 0.66875, 0.6125, 0.63125, 0.64375, 0.65625, 0.6375, 0.675, 0.61875, 0.65625, 0.63125, 0.6375]",0.6036535108170613,0.03974019861494921,"[0.5998420429116756, 0.586894586894587, 0.6729688298415943, 0.5293252436109579, 0.5960132890365448, 0.6226415094339622, 0.6643732169827152, 0.6889790398918187, 0.6291208791208792, 0.6428571428571429, 0.5717607827651265, 0.5895473716248533, 0.586894586894587, 0.5392842451665981, 0.6344670028880556, 0.5584045584045583, 0.5818383167220377, 0.5998420429116756, 0.6173746684638463, 0.5909010756480338, 0.6428571428571429, 0.5676633444075304, 0.6173746684638463, 0.5732175957321759, 0.586894586894587]",0.6475,0.0282980785566794,"[0.6437499999999999, 0.6375000000000001, 0.7000000000000001, 0.6, 0.64375, 0.6625, 0.6875, 0.7125, 0.6625000000000001, 0.6749999999999999, 0.61875, 0.63125, 0.6375000000000001, 0.6062500000000002, 0.66875, 0.6124999999999999, 0.63125, 0.6437499999999999, 0.65625, 0.6375000000000001, 0.6749999999999999, 0.6187499999999999, 0.65625, 0.63125, 0.6375000000000001]","{'dasvmclassifier__base_estimator__estimator_name': ['SVC'], 'dasvmclassifier__max_iter': [200]}"
Simulated,concept_drift,JDOT,supervised,Other,0.81575,0.03385592944128598,"[0.76875, 0.7875, 0.8375, 0.8, 0.83125, 0.825, 0.80625, 0.85, 0.83125, 0.83125, 0.83125, 0.78125, 0.8375, 0.925, 0.81875, 0.79375, 0.78125, 0.8, 0.7875, 0.80625, 0.85, 0.76875, 0.78125, 0.83125, 0.83125]",0.81575,0.033855929441285966,"[0.76875, 0.7875000000000001, 0.8375, 0.8, 0.83125, 0.825, 0.8062499999999999, 0.85, 0.83125, 0.83125, 0.83125, 0.78125, 0.8375, 0.925, 0.81875, 0.79375, 0.78125, 0.8, 0.7875, 0.8062499999999999, 0.85, 0.76875, 0.78125, 0.83125, 0.83125]",0.8154740951061052,0.03402452914799192,"[0.7687409664440018, 0.7869674185463659, 0.8372711625723674, 0.7994987468671679, 0.8312434079456228, 0.825, 0.8061818608104412, 0.85, 0.8311906529639327, 0.8312434079456228, 0.8311906529639327, 0.7802111542839201, 0.8375, 0.9249882794186592, 0.8181746933657275, 0.7923793794974637, 0.7811730686569497, 0.7988686360779385, 0.7875, 0.8058784392000312, 0.849906191369606, 0.7680159880873074, 0.7812414547443259, 0.8312434079456228, 0.8312434079456228]",0.81575,0.03385592944128595,"[0.76875, 0.7875000000000001, 0.8375, 0.8, 0.8312499999999999, 0.825, 0.8062499999999999, 0.85, 0.8312499999999999, 0.8312499999999999, 0.83125, 0.7812500000000001, 0.8374999999999999, 0.925, 0.81875, 0.79375, 0.78125, 0.8, 0.7875, 0.80625, 0.85, 0.7687499999999999, 0.78125, 0.8312499999999999, 0.8312499999999999]","{'jdotclassifier__alpha': [0.1, 0.3, 0.5, 0.7, 0.9], 'jdotclassifier__base_estimator__estimator_name': ['SVC'], 'jdotclassifier__n_iter_max': [100], 'jdotclassifier__thr_weights': [1e-07], 'jdotclassifier__tol': [1e-06]}"
Simulated,concept_drift,KLIEP,supervised,Reweighting,0.6627500000000001,0.02889456407930968,"[0.6625, 0.65625, 0.7, 0.65, 0.66875, 0.68125, 0.66875, 0.71875, 0.65, 0.66875, 0.6125, 0.64375, 0.63125, 0.6375, 0.675, 0.69375, 0.65, 0.65625, 0.6875, 0.73125, 0.64375, 0.6125, 0.65, 0.675, 0.64375]",0.6627500000000001,0.028894564079309674,"[0.6625, 0.65625, 0.7, 0.65, 0.66875, 0.68125, 0.66875, 0.71875, 0.65, 0.66875, 0.6125, 0.64375, 0.6312500000000001, 0.6375, 0.675, 0.69375, 0.65, 0.65625, 0.6875, 0.73125, 0.64375, 0.6125, 0.65, 0.675, 0.64375]",0.6255700052576616,0.03939103407594633,"[0.625974025974026, 0.6173746684638463, 0.6777982883034066, 0.6050079351084465, 0.6312883168833427, 0.6511478773887391, 0.6374674019922193, 0.7009842601436936, 0.6121212121212121, 0.6312883168833427, 0.5626873567272086, 0.6101064511991792, 0.5776475325488792, 0.586894586894587, 0.6428571428571429, 0.6699086354258769, 0.6086652690426275, 0.6206733048838312, 0.6619337390128466, 0.7160661961949568, 0.5998420429116756, 0.5538765965101637, 0.6050079351084465, 0.636617749825297, 0.5960132890365448]",0.6627500000000001,0.028894564079309702,"[0.6625000000000001, 0.65625, 0.7, 0.65, 0.6687500000000001, 0.68125, 0.6687500000000001, 0.7187500000000001, 0.65, 0.6687500000000001, 0.6124999999999999, 0.64375, 0.63125, 0.6375000000000001, 0.6749999999999999, 0.69375, 0.6499999999999999, 0.6562500000000001, 0.6875, 0.7312500000000001, 0.6437499999999999, 0.6125, 0.65, 0.675, 0.64375]","{'finalestimator__estimator_name': ['SVC'], 'kliepreweightadapter__cv': [5], 'kliepreweightadapter__gamma': [0.0001, 0.001, 0.01, 0.1, 1.0, 10.0, 100.0, 1000.0, 'auto', 'scale'], 'kliepreweightadapter__max_iter': [1000], 'kliepreweightadapter__n_centers': [100], 'kliepreweightadapter__random_state': [0], 'kliepreweightadapter__tol': [1e-06]}"
Simulated,concept_drift,KMM,supervised,Reweighting,0.6727500000000001,0.03539582720227533,"[0.725, 0.6375, 0.7375, 0.64375, 0.6625, 0.70625, 0.7125, 0.725, 0.6625, 0.675, 0.625, 0.675, 0.64375, 0.7125, 0.70625, 0.66875, 0.6375, 0.64375, 0.6625, 0.725, 0.65625, 0.625, 0.6375, 0.66875, 0.64375]",0.6727500000000001,0.03539582720227532,"[0.725, 0.6375, 0.7375, 0.64375, 0.6625000000000001, 0.70625, 0.7124999999999999, 0.725, 0.6625, 0.675, 0.625, 0.675, 0.64375, 0.7125, 0.70625, 0.66875, 0.6375, 0.64375, 0.6625000000000001, 0.725, 0.65625, 0.625, 0.6375, 0.66875, 0.64375]",0.6398790692744756,0.04705602088163102,"[0.7119947635411552, 0.5909010756480338, 0.7250859106529208, 0.5960132890365448, 0.6226415094339622, 0.6810180275715801, 0.6953137936744495, 0.7066666666666667, 0.6291208791208792, 0.6428571428571429, 0.5879120879120879, 0.6533333333333333, 0.5998420429116756, 0.6865951285981945, 0.6856055855177892, 0.6344670028880556, 0.5909010756480338, 0.5998420429116756, 0.6375230743413324, 0.7103357472021067, 0.6173746684638463, 0.5767942161876213, 0.5909010756480338, 0.6279233030582247, 0.5960132890365448]",0.6727500000000001,0.035395827202275285,"[0.725, 0.6375000000000001, 0.7374999999999999, 0.64375, 0.6625, 0.70625, 0.7125, 0.7250000000000001, 0.6625000000000001, 0.6749999999999999, 0.625, 0.6750000000000002, 0.6437499999999999, 0.7125, 0.7062499999999999, 0.66875, 0.6375000000000001, 0.6437499999999999, 0.6625, 0.7249999999999999, 0.65625, 0.625, 0.6375000000000001, 0.66875, 0.64375]","{'finalestimator__estimator_name': ['SVC'], 'kmmreweightadapter__B': [1000.0], 'kmmreweightadapter__gamma': [0.0001, 0.001, 0.01, 0.1, 1.0, 10.0, 100.0, 1000.0, None], 'kmmreweightadapter__max_iter': [1000], 'kmmreweightadapter__smooth_weights': [False], 'kmmreweightadapter__tol': [1e-06]}"
Simulated,concept_drift,MMD-LS,supervised,Mapping,0.81375,0.030565418231502522,"[0.775, 0.8, 0.8375, 0.8, 0.81875, 0.80625, 0.79375, 0.84375, 0.84375, 0.825, 0.825, 0.79375, 0.83125, 0.90625, 0.80625, 0.80625, 0.79375, 0.79375, 0.79375, 0.81875, 0.84375, 0.7625, 0.7625, 0.8375, 0.825]",0.81375,0.03056541823150252,"[0.7749999999999999, 0.8, 0.8374999999999999, 0.8, 0.81875, 0.80625, 0.79375, 0.84375, 0.84375, 0.825, 0.825, 0.79375, 0.83125, 0.90625, 0.8062499999999999, 0.80625, 0.79375, 0.79375, 0.79375, 0.8187500000000001, 0.84375, 0.7625, 0.7625, 0.8375, 0.825]",0.813533026094899,0.030715915481845674,"[0.7749648382559775, 0.7994987468671679, 0.837092731829574, 0.7997183539352214, 0.8187429196452987, 0.806060606060606, 0.7937419430446502, 0.8436950490406783, 0.8436950490406783, 0.8248905565978737, 0.8249726519768714, 0.7935483870967742, 0.8311906529639327, 0.906217029424407, 0.8061818608104412, 0.8056350170461226, 0.7937419430446502, 0.7927705168962675, 0.7937419430446502, 0.818686256887187, 0.843743896245947, 0.7611565053425519, 0.7621655452980753, 0.8375, 0.8249726519768714]",0.81375,0.030565418231502536,"[0.775, 0.8, 0.8374999999999999, 0.7999999999999999, 0.8187499999999999, 0.80625, 0.7937500000000001, 0.8437500000000001, 0.8437500000000001, 0.825, 0.8250000000000001, 0.79375, 0.8312499999999999, 0.90625, 0.8062499999999999, 0.80625, 0.79375, 0.7937500000000001, 0.79375, 0.81875, 0.8437500000000001, 0.7625000000000001, 0.7625000000000001, 0.8374999999999999, 0.8250000000000001]","{'finalestimator__estimator_name': ['SVC'], 'mmdlsconsmappingadapter__gamma': [0.1, 1, 10], 'mmdlsconsmappingadapter__max_iter': [100], 'mmdlsconsmappingadapter__reg_k': [1e-10, 1e-08], 'mmdlsconsmappingadapter__reg_m': [1e-10, 1e-08], 'mmdlsconsmappingadapter__tol': [1e-05]}"
Simulated,concept_drift,Train Src,supervised,NO DA,0.66175,0.0238211653087473,"[0.6625, 0.65625, 0.7, 0.65, 0.66875, 0.6625, 0.7, 0.69375, 0.65625, 0.66875, 0.6125, 0.64375, 0.63125, 0.68125, 0.675, 0.69375, 0.65, 0.65625, 0.66875, 0.68125, 0.6625, 0.6125, 0.6375, 0.675, 0.64375]",0.66175,0.023821165308747297,"[0.6625, 0.65625, 0.7, 0.65, 0.66875, 0.6625000000000001, 0.7, 0.6937500000000001, 0.65625, 0.66875, 0.6125, 0.64375, 0.6312500000000001, 0.68125, 0.675, 0.69375, 0.65, 0.65625, 0.66875, 0.68125, 0.6625, 0.6125, 0.6375, 0.675, 0.64375]",0.624267149182694,0.0325497333707863,"[0.625974025974026, 0.6173746684638463, 0.6777982883034066, 0.6050079351084465, 0.6312883168833427, 0.6226415094339622, 0.6799999999999999, 0.6648283527852593, 0.6206733048838312, 0.6312883168833427, 0.5626873567272086, 0.6101064511991792, 0.5776475325488792, 0.6482607008922798, 0.6428571428571429, 0.6699086354258769, 0.6086652690426275, 0.6206733048838312, 0.6344670028880556, 0.6511478773887391, 0.625974025974026, 0.5538765965101637, 0.5909010756480338, 0.636617749825297, 0.5960132890365448]",0.66175,0.023821165308747314,"[0.6625000000000001, 0.65625, 0.7, 0.65, 0.6687500000000001, 0.6625, 0.7, 0.69375, 0.6562500000000001, 0.6687500000000001, 0.6124999999999999, 0.64375, 0.63125, 0.68125, 0.6749999999999999, 0.69375, 0.6499999999999999, 0.6562500000000001, 0.66875, 0.68125, 0.6625000000000001, 0.6125, 0.6375000000000001, 0.675, 0.64375]",{'finalestimator__estimator_name': ['SVC']}
Simulated,concept_drift,NO_DA_SOURCE_ONLY_BASE_ESTIM,supervised,Unknown,0.66175,0.0238211653087473,"[0.6625, 0.65625, 0.7, 0.65, 0.66875, 0.6625, 0.7, 0.69375, 0.65625, 0.66875, 0.6125, 0.64375, 0.63125, 0.68125, 0.675, 0.69375, 0.65, 0.65625, 0.66875, 0.68125, 0.6625, 0.6125, 0.6375, 0.675, 0.64375]",0.66175,0.023821165308747297,"[0.6625, 0.65625, 0.7, 0.65, 0.66875, 0.6625000000000001, 0.7, 0.6937500000000001, 0.65625, 0.66875, 0.6125, 0.64375, 0.6312500000000001, 0.68125, 0.675, 0.69375, 0.65, 0.65625, 0.66875, 0.68125, 0.6625, 0.6125, 0.6375, 0.675, 0.64375]",0.624267149182694,0.0325497333707863,"[0.625974025974026, 0.6173746684638463, 0.6777982883034066, 0.6050079351084465, 0.6312883168833427, 0.6226415094339622, 0.6799999999999999, 0.6648283527852593, 0.6206733048838312, 0.6312883168833427, 0.5626873567272086, 0.6101064511991792, 0.5776475325488792, 0.6482607008922798, 0.6428571428571429, 0.6699086354258769, 0.6086652690426275, 0.6206733048838312, 0.6344670028880556, 0.6511478773887391, 0.625974025974026, 0.5538765965101637, 0.5909010756480338, 0.636617749825297, 0.5960132890365448]",0.66175,0.023821165308747314,"[0.6625000000000001, 0.65625, 0.7, 0.65, 0.6687500000000001, 0.6625, 0.7, 0.69375, 0.6562500000000001, 0.6687500000000001, 0.6124999999999999, 0.64375, 0.63125, 0.68125, 0.6749999999999999, 0.69375, 0.6499999999999999, 0.6562500000000001, 0.66875, 0.68125, 0.6625000000000001, 0.6125, 0.6375000000000001, 0.675, 0.64375]",{'finalestimator__estimator_name': ['SVC']}
Simulated,concept_drift,Train Tgt,supervised,NO DA,0.8170000000000001,0.026853188823676044,"[0.78125, 0.8, 0.83125, 0.8125, 0.81875, 0.81875, 0.8125, 0.8625, 0.825, 0.84375, 0.825, 0.775, 0.8125, 0.8875, 0.83125, 0.8125, 0.79375, 0.7875, 0.78125, 0.80625, 0.84375, 0.7875, 0.8, 0.83125, 0.84375]",0.8170000000000001,0.026853188823676037,"[0.78125, 0.8, 0.83125, 0.8125, 0.8187500000000001, 0.81875, 0.8125, 0.8625, 0.825, 0.84375, 0.825, 0.7749999999999999, 0.8125, 0.8875, 0.83125, 0.8125, 0.79375, 0.7875000000000001, 0.78125, 0.80625, 0.84375, 0.7875, 0.8, 0.83125, 0.84375]",0.8165039371484406,0.02705591986401915,"[0.7805556644069125, 0.7979797979797979, 0.8304486047333098, 0.8100965342617503, 0.8184024108645452, 0.8187429196452987, 0.8124706985466478, 0.8624140087554721, 0.8249726519768714, 0.8436950490406783, 0.8249726519768714, 0.7737272155876808, 0.81203007518797, 0.8874296435272045, 0.8304486047333098, 0.8114393463230674, 0.7937419430446502, 0.7862979258328096, 0.7812414547443259, 0.806060606060606, 0.8432540460049376, 0.7873671044402751, 0.7998749218261413, 0.8311906529639327, 0.843743896245947]",0.8170000000000001,0.026853188823676065,"[0.78125, 0.7999999999999999, 0.8312499999999998, 0.8125, 0.8187500000000001, 0.8187499999999999, 0.8125, 0.8625, 0.825, 0.84375, 0.825, 0.7749999999999999, 0.8125, 0.8875000000000001, 0.8312499999999998, 0.8125, 0.79375, 0.7875000000000001, 0.78125, 0.80625, 0.8437499999999999, 0.7874999999999999, 0.7999999999999999, 0.83125, 0.84375]",{'finalestimator__estimator_name': ['SVC']}
Simulated,concept_drift,OTLabelProp,supervised,Other,0.8142499999999999,0.03519477056325271,"[0.7625, 0.7875, 0.8375, 0.7875, 0.81875, 0.825, 0.81875, 0.85, 0.825, 0.83125, 0.8125, 0.78125, 0.83125, 0.91875, 0.8375, 0.825, 0.775, 0.79375, 0.76875, 0.80625, 0.85, 0.75625, 0.7875, 0.8375, 0.83125]",0.8142499999999999,0.0351947705632527,"[0.7625, 0.7875, 0.8375, 0.7875000000000001, 0.8187500000000001, 0.825, 0.81875, 0.85, 0.825, 0.83125, 0.8125, 0.78125, 0.83125, 0.91875, 0.8375, 0.825, 0.775, 0.79375, 0.76875, 0.8062499999999999, 0.85, 0.7562500000000001, 0.7875000000000001, 0.8375, 0.83125]",0.8139018707230012,0.03539739243208584,"[0.762462884825754, 0.7866666666666667, 0.8372711625723674, 0.7862979258328096, 0.818686256887187, 0.825, 0.8187429196452987, 0.85, 0.824313725490196, 0.8312434079456228, 0.8124706985466478, 0.7805556644069125, 0.8309263825290595, 0.9186705767350928, 0.836862745098039, 0.8248905565978737, 0.7746831481771241, 0.7927705168962675, 0.7685239491691105, 0.8058784392000312, 0.849788765451416, 0.7546301757697298, 0.7874667916862009, 0.8375, 0.8312434079456228]",0.8142499999999999,0.035194770563252674,"[0.7625, 0.7875000000000001, 0.8375, 0.7875000000000001, 0.81875, 0.825, 0.8187499999999999, 0.85, 0.825, 0.8312499999999999, 0.8124999999999999, 0.78125, 0.83125, 0.91875, 0.8374999999999999, 0.8250000000000001, 0.7750000000000001, 0.7937500000000001, 0.76875, 0.80625, 0.8499999999999999, 0.75625, 0.7875, 0.8374999999999999, 0.8312499999999999]","{'finalestimator__estimator_name': ['SVC'], 'otlabelpropadapter__metric': ['sqeuclidean', 'cosine', 'cityblock'], 'otlabelpropadapter__reg': [None, 0.1, 1.0]}"
Simulated,concept_drift,JPCA,supervised,Subspace,0.66175,0.0238211653087473,"[0.6625, 0.65625, 0.7, 0.65, 0.66875, 0.6625, 0.7, 0.69375, 0.65625, 0.66875, 0.6125, 0.64375, 0.63125, 0.68125, 0.675, 0.69375, 0.65, 0.65625, 0.66875, 0.68125, 0.6625, 0.6125, 0.6375, 0.675, 0.64375]",0.66175,0.023821165308747297,"[0.6625, 0.65625, 0.7, 0.65, 0.66875, 0.6625000000000001, 0.7, 0.6937500000000001, 0.65625, 0.66875, 0.6125, 0.64375, 0.6312500000000001, 0.68125, 0.675, 0.69375, 0.65, 0.65625, 0.66875, 0.68125, 0.6625, 0.6125, 0.6375, 0.675, 0.64375]",0.624267149182694,0.0325497333707863,"[0.625974025974026, 0.6173746684638463, 0.6777982883034066, 0.6050079351084465, 0.6312883168833427, 0.6226415094339622, 0.6799999999999999, 0.6648283527852593, 0.6206733048838312, 0.6312883168833427, 0.5626873567272086, 0.6101064511991792, 0.5776475325488792, 0.6482607008922798, 0.6428571428571429, 0.6699086354258769, 0.6086652690426275, 0.6206733048838312, 0.6344670028880556, 0.6511478773887391, 0.625974025974026, 0.5538765965101637, 0.5909010756480338, 0.636617749825297, 0.5960132890365448]",0.66175,0.023821165308747314,"[0.6625000000000001, 0.65625, 0.7, 0.65, 0.6687500000000001, 0.6625, 0.7, 0.69375, 0.6562500000000001, 0.6687500000000001, 0.6124999999999999, 0.64375, 0.63125, 0.68125, 0.6749999999999999, 0.69375, 0.6499999999999999, 0.6562500000000001, 0.66875, 0.68125, 0.6625000000000001, 0.6125, 0.6375000000000001, 0.675, 0.64375]","{'finalestimator__estimator_name': ['SVC'], 'pca__n_components': [1, 2, 5, 10, 20, 50, 100]}"
Simulated,concept_drift,MMDTarS,supervised,Reweighting,0.659,0.024677608777999533,"[0.65625, 0.65625, 0.7, 0.65, 0.66875, 0.6625, 0.7, 0.70625, 0.65625, 0.66875, 0.6125, 0.64375, 0.61875, 0.675, 0.66875, 0.66875, 0.65, 0.65, 0.66875, 0.68125, 0.6625, 0.60625, 0.6375, 0.6625, 0.64375]",0.659,0.024677608777999533,"[0.65625, 0.65625, 0.7, 0.65, 0.66875, 0.6625000000000001, 0.7, 0.70625, 0.65625, 0.66875, 0.6125, 0.64375, 0.61875, 0.675, 0.66875, 0.66875, 0.65, 0.65, 0.66875, 0.68125, 0.6625, 0.60625, 0.6375, 0.6625, 0.64375]",0.6200242673933698,0.034209065344169176,"[0.6173746684638463, 0.6173746684638463, 0.6754563894523326, 0.6050079351084465, 0.6312883168833427, 0.6226415094339622, 0.6799999999999999, 0.6810180275715801, 0.6206733048838312, 0.6312883168833427, 0.5584045584045583, 0.606879606879607, 0.558750395587504, 0.6398268398268397, 0.6344670028880556, 0.6374674019922193, 0.6086652690426275, 0.6121212121212121, 0.6344670028880556, 0.6511478773887391, 0.625974025974026, 0.544283195442832, 0.5909010756480338, 0.6191147945688591, 0.5960132890365448]",0.659,0.02467760877799958,"[0.65625, 0.65625, 0.7000000000000001, 0.65, 0.6687500000000001, 0.6625, 0.7, 0.70625, 0.6562500000000001, 0.6687500000000001, 0.6124999999999999, 0.6437499999999999, 0.61875, 0.6750000000000002, 0.66875, 0.6687500000000001, 0.6499999999999999, 0.65, 0.66875, 0.68125, 0.6625000000000001, 0.60625, 0.6375000000000001, 0.6625, 0.64375]","{'finalestimator__estimator_name': ['SVC'], 'mmdtarsreweightadapter__gamma': [0.0001, 0.001, 0.01, 0.1, 1.0, 10.0, 100.0, 1000.0, None], 'mmdtarsreweightadapter__max_iter': [1000], 'mmdtarsreweightadapter__reg': [1e-06], 'mmdtarsreweightadapter__tol': [1e-06]}"
Simulated,concept_drift,ClassRegOT,supervised,Mapping,0.81525,0.03414125070936915,"[0.7625, 0.7875, 0.83125, 0.79375, 0.8375, 0.8375, 0.8, 0.85, 0.83125, 0.83125, 0.83125, 0.775, 0.81875, 0.91875, 0.83125, 0.8, 0.78125, 0.79375, 0.78125, 0.8125, 0.85, 0.76875, 0.7875, 0.8375, 0.83125]",0.81525,0.03414125070936916,"[0.7625, 0.7875, 0.83125, 0.79375, 0.8375, 0.8374999999999999, 0.8, 0.85, 0.83125, 0.83125, 0.83125, 0.7749999999999999, 0.8187500000000001, 0.91875, 0.83125, 0.8, 0.78125, 0.79375, 0.78125, 0.8125, 0.85, 0.76875, 0.7875, 0.8374999999999999, 0.83125]",0.8148114080094072,0.03432026044176986,"[0.7625, 0.7866666666666667, 0.8310850439882698, 0.7901347430343019, 0.8375, 0.8374746054070948, 0.7992156862745098, 0.8494117647058823, 0.8309263825290595, 0.8312434079456228, 0.8312434079456228, 0.7744360902255639, 0.8184024108645452, 0.9187468260478924, 0.8301285832251976, 0.7994987468671679, 0.7811730686569497, 0.7930953407265176, 0.7812414547443259, 0.8124706985466478, 0.849906191369606, 0.7680159880873074, 0.7873671044402751, 0.8374746054070948, 0.8309263825290595]",0.81525,0.034141250709369145,"[0.7625, 0.7875000000000001, 0.8312500000000002, 0.7937500000000001, 0.8374999999999999, 0.8374999999999999, 0.8, 0.85, 0.83125, 0.8312499999999999, 0.8312499999999999, 0.7749999999999999, 0.8187500000000001, 0.91875, 0.83125, 0.8, 0.7812500000000001, 0.7937500000000001, 0.78125, 0.8125, 0.85, 0.7687499999999999, 0.7874999999999999, 0.8374999999999999, 0.83125]","[{'classregularizerotmappingadapter__max_inner_iter': [1000], 'classregularizerotmappingadapter__max_iter': [10], 'classregularizerotmappingadapter__metric': ['sqeuclidean', 'cosine', 'cityblock'], 'classregularizerotmappingadapter__norm': ['lpl1'], 'classregularizerotmappingadapter__reg_cl': [0.1], 'classregularizerotmappingadapter__reg_e': [0.1], 'classregularizerotmappingadapter__tol': [1e-06], 'finalestimator__estimator_name': ['SVC']}, {'classregularizerotmappingadapter__max_inner_iter': [1000], 'classregularizerotmappingadapter__max_iter': [10], 'classregularizerotmappingadapter__metric': ['sqeuclidean', 'cosine', 'cityblock'], 'classregularizerotmappingadapter__norm': ['lpl1'], 'classregularizerotmappingadapter__reg_cl': [0.5], 'classregularizerotmappingadapter__reg_e': [0.5], 'classregularizerotmappingadapter__tol': [1e-06], 'finalestimator__estimator_name': ['SVC']}, {'classregularizerotmappingadapter__max_inner_iter': [1000], 'classregularizerotmappingadapter__max_iter': [10], 'classregularizerotmappingadapter__metric': ['sqeuclidean', 'cosine', 'cityblock'], 'classregularizerotmappingadapter__norm': ['lpl1'], 'classregularizerotmappingadapter__reg_cl': [1.0], 'classregularizerotmappingadapter__reg_e': [1.0], 'classregularizerotmappingadapter__tol': [1e-06], 'finalestimator__estimator_name': ['SVC']}]"
Simulated,concept_drift,Dens. RW,supervised,Reweighting,0.6672499999999999,0.025147999423413368,"[0.6625, 0.63125, 0.7, 0.65, 0.66875, 0.6875, 0.73125, 0.7125, 0.65, 0.6875, 0.6375, 0.66875, 0.625, 0.66875, 0.675, 0.69375, 0.65, 0.65625, 0.66875, 0.68125, 0.65, 0.65, 0.66875, 0.6625, 0.64375]",0.6672499999999999,0.02514799942341337,"[0.6625, 0.63125, 0.7, 0.65, 0.66875, 0.6875, 0.73125, 0.7125, 0.65, 0.6875, 0.6375, 0.66875, 0.625, 0.66875, 0.675, 0.69375, 0.65, 0.65625, 0.66875, 0.68125, 0.65, 0.6499999999999999, 0.66875, 0.6625, 0.64375]",0.6321670568068921,0.03507057757740829,"[0.625974025974026, 0.5818383167220377, 0.6777982883034066, 0.6050079351084465, 0.6312883168833427, 0.6565934065934066, 0.7281814230966773, 0.6889790398918187, 0.6121212121212121, 0.6565934065934066, 0.5982683982683983, 0.6402969247083774, 0.5682676740420939, 0.6279233030582247, 0.6428571428571429, 0.6699086354258769, 0.6086652690426275, 0.6206733048838312, 0.6344670028880556, 0.6511478773887391, 0.6086652690426275, 0.6153846153846153, 0.6312883168833427, 0.625974025974026, 0.5960132890365448]",0.6672499999999999,0.025147999423413395,"[0.6625000000000001, 0.63125, 0.7, 0.65, 0.6687500000000001, 0.6875, 0.7312500000000001, 0.7125, 0.65, 0.6875, 0.6375, 0.66875, 0.625, 0.66875, 0.6749999999999999, 0.69375, 0.6499999999999999, 0.6562500000000001, 0.66875, 0.68125, 0.6499999999999999, 0.65, 0.6687500000000001, 0.6625000000000001, 0.64375]","{'densityreweightadapter__weight_estimator__bandwidth': [0.01, 0.1, 1.0, 10.0, 100.0, 'scott', 'silverman'], 'finalestimator__estimator_name': ['SVC']}"
Simulated,concept_drift,Disc. RW,supervised,Reweighting,0.7275,0.032224392288037536,"[0.75625, 0.7375, 0.79375, 0.7, 0.78125, 0.73125, 0.725, 0.71875, 0.75, 0.7125, 0.66875, 0.73125, 0.675, 0.76875, 0.75625, 0.74375, 0.7125, 0.70625, 0.6875, 0.7375, 0.74375, 0.73125, 0.66875, 0.725, 0.725]",0.7275,0.032224392288037536,"[0.7562500000000001, 0.7375, 0.79375, 0.7, 0.78125, 0.73125, 0.725, 0.71875, 0.75, 0.7125, 0.66875, 0.73125, 0.675, 0.76875, 0.75625, 0.7437499999999999, 0.7125, 0.70625, 0.6875, 0.7375, 0.7437499999999999, 0.73125, 0.66875, 0.725, 0.725]",0.7129560222971999,0.037602677956397094,"[0.7491053837803063, 0.7250859106529208, 0.7907999524545346, 0.6820665673124691, 0.7774156365515322, 0.7123625569630837, 0.7103357472021067, 0.6989840712404365, 0.7381770577646867, 0.6912233596240981, 0.6478259063914613, 0.7233726026295686, 0.6428571428571429, 0.7571282051282051, 0.744, 0.7323650605850436, 0.6989036164293896, 0.6914871794871795, 0.6708360763660304, 0.7235023041474654, 0.7292724196277496, 0.7207678883071553, 0.6454701283498474, 0.7119947635411552, 0.7085610200364298]",0.7275,0.03222439228803755,"[0.75625, 0.7374999999999999, 0.79375, 0.7, 0.78125, 0.7312500000000001, 0.7249999999999999, 0.7187499999999999, 0.7500000000000001, 0.7124999999999999, 0.66875, 0.73125, 0.6749999999999999, 0.76875, 0.75625, 0.74375, 0.7125000000000001, 0.70625, 0.6875, 0.7375, 0.7437499999999999, 0.7312500000000001, 0.6687500000000001, 0.725, 0.7250000000000001]","{'discriminatorreweightadapter__domain_classifier__estimator_name': ['LR', 'SVC', 'KNN', 'XGB'], 'finalestimator__estimator_name': ['SVC']}"
Simulated,concept_drift,EntOT,supervised,Mapping,0.816,0.030463006937376812,"[0.7625, 0.79375, 0.8375, 0.79375, 0.83125, 0.83125, 0.80625, 0.8625, 0.83125, 0.83125, 0.8375, 0.79375, 0.8375, 0.9, 0.81875, 0.8125, 0.78125, 0.79375, 0.7875, 0.80625, 0.825, 0.7625, 0.8, 0.83125, 0.83125]",0.816,0.030463006937376812,"[0.7625, 0.79375, 0.8375, 0.79375, 0.83125, 0.83125, 0.8062499999999999, 0.8625, 0.83125, 0.83125, 0.8375, 0.79375, 0.8375, 0.9, 0.81875, 0.8125, 0.78125, 0.79375, 0.7875, 0.80625, 0.825, 0.7625, 0.8, 0.83125, 0.83125]",0.8157119833659762,0.030624304538133102,"[0.7625, 0.7930953407265176, 0.8372711625723674, 0.7930953407265176, 0.8312434079456228, 0.8310850439882698, 0.8058784392000312, 0.8624140087554721, 0.8311906529639327, 0.8312434079456228, 0.83739837398374, 0.7936774647336954, 0.8375, 0.8999374609130708, 0.8181746933657275, 0.8123827392120073, 0.7811730686569497, 0.7930953407265176, 0.7873671044402751, 0.8062424313449743, 0.824313725490196, 0.7606676113997796, 0.8, 0.8309263825290595, 0.8309263825290595]",0.8160000000000001,0.03046300693737681,"[0.7625, 0.7937500000000001, 0.8375, 0.7937500000000001, 0.8312499999999999, 0.8312500000000002, 0.80625, 0.8625, 0.83125, 0.8312499999999999, 0.8375000000000001, 0.7937500000000001, 0.8374999999999999, 0.9, 0.81875, 0.8125, 0.7812500000000001, 0.7937500000000001, 0.7874999999999999, 0.8062500000000001, 0.825, 0.7625000000000001, 0.8, 0.83125, 0.83125]","{'entropicotmappingadapter__max_iter': [1000], 'entropicotmappingadapter__metric': ['sqeuclidean', 'cosine', 'cityblock'], 'entropicotmappingadapter__norm': ['median'], 'entropicotmappingadapter__reg_e': [0.1, 0.5, 1.0], 'entropicotmappingadapter__tol': [1e-06], 'finalestimator__estimator_name': ['SVC']}"
Simulated,concept_drift,Gauss. RW,supervised,Reweighting,0.6495000000000001,0.023449302583801197,"[0.65, 0.64375, 0.7, 0.6375, 0.66875, 0.6625, 0.66875, 0.6875, 0.6375, 0.6625, 0.6125, 0.6375, 0.61875, 0.675, 0.65625, 0.6625, 0.6375, 0.64375, 0.6625, 0.6625, 0.63125, 0.59375, 0.6375, 0.65625, 0.63125]",0.6495000000000001,0.02344930258380119,"[0.65, 0.64375, 0.7, 0.6375, 0.66875, 0.6625, 0.66875, 0.6875, 0.6375, 0.6625000000000001, 0.6125, 0.6375, 0.61875, 0.675, 0.65625, 0.6625, 0.6375, 0.64375, 0.6625, 0.6625, 0.63125, 0.59375, 0.6375, 0.65625, 0.6312500000000001]",0.6061495240612932,0.032997681979679935,"[0.6086652690426275, 0.5960132890365448, 0.6754563894523326, 0.586894586894587, 0.6312883168833427, 0.6191147945688591, 0.6402969247083774, 0.6565934065934066, 0.5946890286512928, 0.6226415094339622, 0.5584045584045583, 0.5946890286512928, 0.558750395587504, 0.6398268398268397, 0.6173746684638463, 0.6291208791208792, 0.5909010756480338, 0.5998420429116756, 0.625974025974026, 0.625974025974026, 0.5818383167220377, 0.52465834818776, 0.586894586894587, 0.6101882613510521, 0.5776475325488792]",0.6495000000000001,0.023449302583801217,"[0.6499999999999999, 0.64375, 0.7000000000000001, 0.6375000000000001, 0.6687500000000001, 0.6625, 0.66875, 0.6875, 0.6375000000000001, 0.6625, 0.6124999999999999, 0.6375000000000001, 0.61875, 0.6750000000000002, 0.65625, 0.6625000000000001, 0.6375000000000001, 0.6437499999999999, 0.6625000000000001, 0.6625000000000001, 0.63125, 0.59375, 0.6375000000000001, 0.65625, 0.63125]","{'finalestimator__estimator_name': ['SVC'], 'gaussianreweightadapter__reg': ['auto', 1e-05, 0.01, 0.5]}"
Simulated,concept_drift,LinOT,supervised,Mapping,0.8142499999999999,0.03235142320413946,"[0.7625, 0.76875, 0.8375, 0.8, 0.83125, 0.825, 0.80625, 0.8375, 0.83125, 0.81875, 0.8375, 0.78125, 0.8375, 0.89375, 0.84375, 0.81875, 0.7875, 0.7875, 0.79375, 0.825, 0.8375, 0.75625, 0.76875, 0.84375, 0.825]",0.8142499999999999,0.03235142320413943,"[0.7625, 0.76875, 0.8375, 0.8, 0.83125, 0.825, 0.80625, 0.8375, 0.83125, 0.81875, 0.8374999999999999, 0.78125, 0.8375, 0.89375, 0.84375, 0.81875, 0.7875000000000001, 0.7875000000000001, 0.79375, 0.825, 0.8374999999999999, 0.7562500000000001, 0.76875, 0.84375, 0.825]",0.8140455631889542,0.03247766539451083,"[0.7625, 0.768306524206489, 0.8372711625723674, 0.7997183539352214, 0.8312434079456228, 0.8248905565978737, 0.8062424313449743, 0.83739837398374, 0.8311906529639327, 0.8187429196452987, 0.8374746054070948, 0.7810361681329423, 0.836862745098039, 0.8935462408516301, 0.8436950490406783, 0.818572825024438, 0.7874667916862009, 0.7869674185463659, 0.7937419430446502, 0.825, 0.8374746054070948, 0.7546301757697298, 0.768668672580204, 0.843743896245947, 0.8247535596933186]",0.8142499999999999,0.032351423204139466,"[0.7625, 0.7687499999999999, 0.8375, 0.7999999999999999, 0.8312499999999999, 0.825, 0.8062500000000001, 0.8375000000000001, 0.8312499999999999, 0.8187499999999999, 0.8374999999999999, 0.78125, 0.8374999999999999, 0.89375, 0.84375, 0.81875, 0.7875, 0.7875000000000001, 0.79375, 0.825, 0.8374999999999999, 0.75625, 0.76875, 0.84375, 0.8250000000000002]","{'finalestimator__estimator_name': ['SVC'], 'linearotmappingadapter__bias': [True, False], 'linearotmappingadapter__reg': [1e-08, 1e-06, 0.1, 1, 10]}"
Simulated,concept_drift,NN RW,supervised,Reweighting,0.66625,0.02557922741210138,"[0.64375, 0.66875, 0.70625, 0.63125, 0.66875, 0.68125, 0.70625, 0.71875, 0.68125, 0.6625, 0.64375, 0.6625, 0.63125, 0.68125, 0.7, 0.675, 0.65, 0.65, 0.66875, 0.6875, 0.6625, 0.61875, 0.65, 0.66875, 0.6375]",0.66625,0.025579227412101363,"[0.64375, 0.66875, 0.70625, 0.6312500000000001, 0.66875, 0.68125, 0.70625, 0.71875, 0.68125, 0.6625000000000001, 0.64375, 0.6625, 0.6312500000000001, 0.68125, 0.7, 0.675, 0.65, 0.65, 0.66875, 0.6875, 0.6625, 0.61875, 0.65, 0.66875, 0.6375]",0.6307027449354718,0.0350300005278514,"[0.5998420429116756, 0.6374674019922193, 0.6856055855177892, 0.5776475325488792, 0.6312883168833427, 0.6482607008922798, 0.6876946717056356, 0.6968548692686625, 0.6538706256627783, 0.6226415094339622, 0.606879606879607, 0.6348884381338742, 0.5776475325488792, 0.6482607008922798, 0.6754563894523326, 0.6457162323283938, 0.6086652690426275, 0.6121212121212121, 0.6402969247083774, 0.6593425310849941, 0.625974025974026, 0.5676633444075304, 0.6086652690426275, 0.6279233030582247, 0.586894586894587]",0.66625,0.025579227412101377,"[0.6437499999999999, 0.6687500000000001, 0.7062499999999999, 0.63125, 0.6687500000000001, 0.68125, 0.7062499999999999, 0.71875, 0.6812499999999999, 0.6625, 0.6437499999999999, 0.6625, 0.63125, 0.68125, 0.7000000000000001, 0.675, 0.6499999999999999, 0.65, 0.66875, 0.6875, 0.6625000000000001, 0.6187499999999999, 0.6499999999999999, 0.66875, 0.6375000000000001]","{'finalestimator__estimator_name': ['SVC'], 'nearestneighborreweightadapter__laplace_smoothing': [True, False], 'nearestneighborreweightadapter__n_neighbors': [1]}"
Simulated,concept_drift,MapOT,supervised,Mapping,0.8134999999999999,0.03726838192981641,"[0.74375, 0.7875, 0.83125, 0.8, 0.83125, 0.825, 0.80625, 0.85, 0.83125, 0.83125, 0.83125, 0.78125, 0.81875, 0.93125, 0.83125, 0.79375, 0.78125, 0.8, 0.7625, 0.80625, 0.85, 0.76875, 0.78125, 0.83125, 0.83125]",0.8134999999999999,0.037268381929816415,"[0.7437499999999999, 0.7875000000000001, 0.83125, 0.8, 0.83125, 0.825, 0.80625, 0.85, 0.83125, 0.83125, 0.83125, 0.78125, 0.81875, 0.93125, 0.83125, 0.79375, 0.78125, 0.8, 0.7625, 0.80625, 0.85, 0.76875, 0.78125, 0.83125, 0.83125]",0.8131915933761968,0.03739807583487859,"[0.7436598804267125, 0.7869674185463659, 0.8309263825290595, 0.7997183539352214, 0.8312434079456228, 0.8249726519768714, 0.8062424313449743, 0.85, 0.8311906529639327, 0.8312434079456228, 0.8311906529639327, 0.7802111542839201, 0.8187429196452987, 0.9312473143482168, 0.8297536945812809, 0.7923793794974637, 0.7811730686569497, 0.7988686360779385, 0.7621655452980753, 0.8062424313449743, 0.849906191369606, 0.7680159880873074, 0.7812414547443259, 0.8312434079456228, 0.8312434079456228]",0.8134999999999999,0.037268381929816415,"[0.74375, 0.7875000000000001, 0.83125, 0.7999999999999999, 0.8312499999999999, 0.8250000000000001, 0.8062500000000001, 0.85, 0.8312499999999999, 0.8312499999999999, 0.83125, 0.7812500000000001, 0.8187499999999999, 0.93125, 0.8312500000000002, 0.79375, 0.7812500000000001, 0.8, 0.7625000000000001, 0.8062500000000001, 0.85, 0.7687499999999999, 0.78125, 0.8312499999999999, 0.8312499999999999]","{'finalestimator__estimator_name': ['SVC'], 'otmappingadapter__max_iter': [1000000], 'otmappingadapter__metric': ['sqeuclidean', 'cosine', 'cityblock'], 'otmappingadapter__norm': ['median']}"
Simulated,concept_drift,SA,supervised,Subspace,0.80125,0.028867513459481298,"[0.75625, 0.76875, 0.825, 0.8, 0.81875, 0.8125, 0.78125, 0.825, 0.825, 0.825, 0.775, 0.7875, 0.8125, 0.86875, 0.8125, 0.81875, 0.7625, 0.7875, 0.7875, 0.825, 0.81875, 0.7625, 0.75, 0.83125, 0.79375]",0.80125,0.028867513459481298,"[0.7562500000000001, 0.76875, 0.825, 0.8, 0.8187500000000001, 0.8125, 0.78125, 0.825, 0.825, 0.825, 0.775, 0.7875000000000001, 0.8125, 0.86875, 0.8125, 0.81875, 0.7625, 0.7875, 0.7875, 0.825, 0.81875, 0.7625, 0.75, 0.83125, 0.79375]",0.8003213389758819,0.029141453925512834,"[0.7557825525419749, 0.7687409664440018, 0.8249726519768714, 0.7994987468671679, 0.818686256887187, 0.8117647058823529, 0.7802111542839201, 0.8240100565681961, 0.8240100565681961, 0.8240100565681961, 0.7732640529050544, 0.7874667916862009, 0.8106060606060606, 0.8675862068965519, 0.8114393463230674, 0.818572825024438, 0.7615686274509803, 0.7875, 0.7866666666666667, 0.8247535596933186, 0.8178892421209623, 0.7587301587301587, 0.7474747474747474, 0.8304486047333098, 0.7923793794974637]",0.80125,0.028867513459481305,"[0.7562500000000001, 0.76875, 0.825, 0.8, 0.8187500000000001, 0.8125, 0.78125, 0.825, 0.825, 0.825, 0.775, 0.7875, 0.8124999999999999, 0.86875, 0.8125, 0.8187500000000001, 0.7625, 0.7875, 0.7875, 0.8250000000000002, 0.81875, 0.7625, 0.7499999999999999, 0.8312499999999999, 0.79375]","{'finalestimator__estimator_name': ['SVC'], 'subspacealignmentadapter__n_components': [1, 2, 5, 10, 20, 50, 100]}"
Simulated,concept_drift,TCA,supervised,Subspace,0.5285,0.10214305226005342,"[0.525, 0.6375, 0.51875, 0.375, 0.55, 0.66875, 0.59375, 0.68125, 0.4375, 0.5, 0.63125, 0.6625, 0.36875, 0.55625, 0.5, 0.4125, 0.41875, 0.525, 0.4375, 0.4375, 0.4125, 0.625, 0.44375, 0.68125, 0.6125]",0.5285,0.10214305226005342,"[0.5249999999999999, 0.6375, 0.51875, 0.375, 0.55, 0.66875, 0.59375, 0.68125, 0.4375, 0.5, 0.63125, 0.6625, 0.36875, 0.5562499999999999, 0.5, 0.4125, 0.4187499999999999, 0.525, 0.4375, 0.4375, 0.4125, 0.625, 0.44375, 0.68125, 0.6125]",0.5193412994007214,0.10569471478442857,"[0.5189112201297673, 0.6158304355025667, 0.5155518854940819, 0.3522267206477733, 0.5377948964853154, 0.6684261974584556, 0.5918207150987087, 0.6766908356115536, 0.4343180389692017, 0.4987468671679197, 0.6300795485716526, 0.6622889305816135, 0.324386471006313, 0.553301089221816, 0.497171590194846, 0.4065656565656566, 0.4104362296445976, 0.5243310905961508, 0.4318181818181818, 0.4140625, 0.409176618478944, 0.5972478603792583, 0.4388177339901478, 0.6732732732732734, 0.6002578981302386]",0.5285,0.10214305226005341,"[0.5249999999999999, 0.6375, 0.51875, 0.375, 0.5499999999999999, 0.66875, 0.59375, 0.68125, 0.4375, 0.5, 0.63125, 0.6625, 0.36875, 0.5562499999999999, 0.5, 0.4125, 0.41875, 0.525, 0.4375, 0.4375, 0.4125, 0.625, 0.44375, 0.6812499999999999, 0.6125]","{'finalestimator__estimator_name': ['SVC'], 'transfercomponentanalysisadapter__kernel': ['rbf'], 'transfercomponentanalysisadapter__mu': [10, 100], 'transfercomponentanalysisadapter__n_components': [1, 2, 5, 10, 20, 50, 100]}"
Simulated,concept_drift,TSL,supervised,Subspace,0.66175,0.0238211653087473,"[0.6625, 0.65625, 0.7, 0.65, 0.66875, 0.6625, 0.7, 0.69375, 0.65625, 0.66875, 0.6125, 0.64375, 0.63125, 0.68125, 0.675, 0.69375, 0.65, 0.65625, 0.66875, 0.68125, 0.6625, 0.6125, 0.6375, 0.675, 0.64375]",0.66175,0.023821165308747297,"[0.6625, 0.65625, 0.7, 0.65, 0.66875, 0.6625000000000001, 0.7, 0.6937500000000001, 0.65625, 0.66875, 0.6125, 0.64375, 0.6312500000000001, 0.68125, 0.675, 0.69375, 0.65, 0.65625, 0.66875, 0.68125, 0.6625, 0.6125, 0.6375, 0.675, 0.64375]",0.624267149182694,0.0325497333707863,"[0.625974025974026, 0.6173746684638463, 0.6777982883034066, 0.6050079351084465, 0.6312883168833427, 0.6226415094339622, 0.6799999999999999, 0.6648283527852593, 0.6206733048838312, 0.6312883168833427, 0.5626873567272086, 0.6101064511991792, 0.5776475325488792, 0.6482607008922798, 0.6428571428571429, 0.6699086354258769, 0.6086652690426275, 0.6206733048838312, 0.6344670028880556, 0.6511478773887391, 0.625974025974026, 0.5538765965101637, 0.5909010756480338, 0.636617749825297, 0.5960132890365448]",0.66175,0.023821165308747314,"[0.6625000000000001, 0.65625, 0.7, 0.65, 0.6687500000000001, 0.6625, 0.7, 0.69375, 0.6562500000000001, 0.6687500000000001, 0.6124999999999999, 0.64375, 0.63125, 0.68125, 0.6749999999999999, 0.69375, 0.6499999999999999, 0.6562500000000001, 0.66875, 0.68125, 0.6625000000000001, 0.6125, 0.6375000000000001, 0.675, 0.64375]","{'finalestimator__estimator_name': ['SVC'], 'transfersubspacelearningadapter__base_method': ['flda'], 'transfersubspacelearningadapter__length_scale': [2], 'transfersubspacelearningadapter__max_iter': [300], 'transfersubspacelearningadapter__mu': [0.1, 1, 10], 'transfersubspacelearningadapter__n_components': [1, 2, 5, 10, 20, 50, 100], 'transfersubspacelearningadapter__reg': [0.0001], 'transfersubspacelearningadapter__tol': [0.0001]}"
Simulated,covariate_shift,CORAL,supervised,Mapping,0.66475,0.04223107317682878,"[0.65625, 0.6375, 0.65, 0.76875, 0.65625, 0.71875, 0.64375, 0.66875, 0.7125, 0.6875, 0.6, 0.63125, 0.6125, 0.6125, 0.65, 0.6125, 0.6875, 0.60625, 0.65625, 0.7125, 0.7, 0.70625, 0.68125, 0.7, 0.65]",0.6825289493221918,0.041552403823940036,"[0.6802325581395349, 0.6627906976744187, 0.6734758013827782, 0.7839409176618479, 0.6802325581395349, 0.7383720930232558, 0.6686046511627907, 0.6918604651162791, 0.7325581395348837, 0.7093023255813954, 0.6144578313253012, 0.6445783132530121, 0.6260366139884213, 0.6260366139884213, 0.6626506024096386, 0.6345098039215686, 0.7058823529411764, 0.6286274509803922, 0.6764705882352942, 0.7286274509803922, 0.7108433734939759, 0.7168674698795181, 0.6927710843373494, 0.7108433734939759, 0.6626506024096386]",0.6295139057859559,0.05631810379707713,"[0.6220211780556608, 0.5963166411173566, 0.6166974324551099, 0.7613248374616091, 0.6220211780556608, 0.7017104565297213, 0.6049893955461293, 0.6386565073790711, 0.694104892816233, 0.662920185461169, 0.5332254002518438, 0.580656289763503, 0.5571526185857874, 0.5571526185857874, 0.6075757575757575, 0.5621753246753247, 0.6614583333333334, 0.5529887169007348, 0.6201617179215271, 0.6949046800850924, 0.6746266152038933, 0.6825844516911241, 0.6502200424178155, 0.6746266152038933, 0.6075757575757575]",0.6825289493221918,0.04155240382394004,"[0.6802325581395349, 0.6627906976744187, 0.6734758013827782, 0.7839409176618478, 0.6802325581395349, 0.7383720930232558, 0.6686046511627908, 0.6918604651162791, 0.7325581395348837, 0.7093023255813953, 0.6144578313253012, 0.6445783132530121, 0.6260366139884211, 0.6260366139884211, 0.6626506024096386, 0.6345098039215686, 0.7058823529411764, 0.6286274509803922, 0.6764705882352942, 0.7286274509803922, 0.7108433734939759, 0.7168674698795181, 0.6927710843373494, 0.7108433734939759, 0.6626506024096386]","{'coraladapter__reg': ['auto'], 'finalestimator__estimator_name': ['SVC']}"
Simulated,covariate_shift,DASVM,supervised,Other,0.89,0.022821773229381923,"[0.875, 0.8875, 0.8875, 0.875, 0.90625, 0.8875, 0.925, 0.9375, 0.93125, 0.86875, 0.89375, 0.89375, 0.86875, 0.91875, 0.89375, 0.8625, 0.8875, 0.8625, 0.9, 0.85, 0.89375, 0.91875, 0.875, 0.86875, 0.88125]",0.8933204428534939,0.02254026167509771,"[0.8799497171590195, 0.8915776241357637, 0.8925204274041483, 0.8790069138906349, 0.9099622878692646, 0.8925204274041483, 0.9292897548711504, 0.9399748585795098, 0.9351037083595224, 0.8760213702074168, 0.8975903614457832, 0.8957127210139258, 0.8730245657956501, 0.9207479267720232, 0.8966515412298545, 0.8674509803921568, 0.8909803921568628, 0.8650980392156862, 0.9027450980392157, 0.8533333333333333, 0.8943044906900328, 0.9202785166640588, 0.8762322015334063, 0.8706775152558285, 0.8822562979189486]",0.8898873586502567,0.022909739450212678,"[0.875, 0.8875879043600563, 0.8875, 0.8750976715111737, 0.9063489117267788, 0.8875, 0.9250586029067044, 0.9375880143952432, 0.9313225352663046, 0.8683137829912024, 0.8929701911377996, 0.8936379000429838, 0.8674752270850536, 0.9186642765034584, 0.8933715901530273, 0.8621990306441525, 0.8875, 0.8625859509298326, 0.9000625097671511, 0.85, 0.8937873666523387, 0.9187277823352474, 0.875, 0.8686115235825096, 0.8812731942654011]",0.8933204428534939,0.022540261675097692,"[0.8799497171590196, 0.8915776241357636, 0.8925204274041483, 0.8790069138906349, 0.9099622878692646, 0.8925204274041483, 0.9292897548711502, 0.9399748585795098, 0.9351037083595224, 0.8760213702074169, 0.8975903614457832, 0.8957127210139258, 0.8730245657956501, 0.9207479267720232, 0.8966515412298545, 0.867450980392157, 0.8909803921568628, 0.8650980392156862, 0.9027450980392158, 0.8533333333333334, 0.8943044906900329, 0.9202785166640588, 0.8762322015334064, 0.8706775152558284, 0.8822562979189486]","{'dasvmclassifier__base_estimator__estimator_name': ['SVC'], 'dasvmclassifier__max_iter': [200]}"
Simulated,covariate_shift,JDOT,supervised,Other,0.71825,0.04021912635799042,"[0.66875, 0.71875, 0.70625, 0.71875, 0.6375, 0.68125, 0.73125, 0.7875, 0.75625, 0.7625, 0.7375, 0.7125, 0.73125, 0.7375, 0.6125, 0.71875, 0.7875, 0.70625, 0.7375, 0.725, 0.675, 0.725, 0.73125, 0.7125, 0.7375]",0.7192786984759888,0.0400493406926532,"[0.6664047768698931, 0.7176304211187932, 0.7078881206788183, 0.7204588309239472, 0.6382778126964174, 0.6884035197988687, 0.7292583280955374, 0.7891263356379636, 0.7581709616593337, 0.7630421118793211, 0.7375997496479425, 0.7125645438898451, 0.7320450633703646, 0.7390079799718354, 0.6166484118291347, 0.7203921568627452, 0.7890196078431373, 0.7047058823529412, 0.7388235294117647, 0.7301960784313726, 0.6740729150367705, 0.7232045063370365, 0.7315756532624003, 0.7149115944296667, 0.7385385698638711]",0.718009718594181,0.040788200475731694,"[0.6685806692619245, 0.718871423525256, 0.7066520039100684, 0.7191348973607038, 0.6380104834924112, 0.6795908183632735, 0.7311126184577876, 0.7877992489438272, 0.75658357771261, 0.7627976190476191, 0.7375820825515947, 0.7125898999374609, 0.7313024922848548, 0.7373359118612284, 0.6082290190521178, 0.7189807940291508, 0.7876993433395872, 0.7061231798736214, 0.7377462476547842, 0.7239672977624785, 0.674796365914787, 0.7242221873035827, 0.7313445156500332, 0.7116902675637615, 0.7375]",0.7192786984759888,0.040049340692653194,"[0.6664047768698931, 0.7176304211187932, 0.7078881206788183, 0.7204588309239472, 0.6382778126964173, 0.6884035197988685, 0.7292583280955374, 0.7891263356379636, 0.7581709616593337, 0.7630421118793211, 0.7375997496479425, 0.7125645438898451, 0.7320450633703646, 0.7390079799718354, 0.6166484118291348, 0.720392156862745, 0.7890196078431373, 0.7047058823529413, 0.7388235294117647, 0.7301960784313726, 0.6740729150367705, 0.7232045063370365, 0.7315756532624003, 0.7149115944296667, 0.7385385698638711]","{'jdotclassifier__alpha': [0.1, 0.3, 0.5, 0.7, 0.9], 'jdotclassifier__base_estimator__estimator_name': ['SVC'], 'jdotclassifier__n_iter_max': [100], 'jdotclassifier__thr_weights': [1e-07], 'jdotclassifier__tol': [1e-06]}"
Simulated,covariate_shift,KLIEP,supervised,Reweighting,0.889,0.025850128948743528,"[0.85, 0.8625, 0.8875, 0.85, 0.89375, 0.88125, 0.91875, 0.9375, 0.925, 0.875, 0.89375, 0.9, 0.8875, 0.9375, 0.9125, 0.875, 0.89375, 0.86875, 0.89375, 0.85, 0.8875, 0.925, 0.88125, 0.8625, 0.875]",0.8924362812385689,0.025084551779572202,"[0.8566939032055312, 0.86926461345066, 0.8925204274041483, 0.8557510999371465, 0.8992771841609051, 0.8867064739157762, 0.9225329981143936, 0.9390320553111252, 0.9302325581395348, 0.8808925204274041, 0.8975903614457832, 0.901736817399468, 0.8910968549522766, 0.9388202159286496, 0.914723830386481, 0.8792156862745097, 0.8952941176470588, 0.8709803921568627, 0.896078431372549, 0.8533333333333333, 0.888749804412455, 0.926302613049601, 0.8827257080269129, 0.8646534188702863, 0.8767016116413706]",0.8888880283942677,0.02591468971642781,"[0.8496247654784241, 0.8621560350218885, 0.8875, 0.8498359118612283, 0.8936960428141724, 0.8811896949099574, 0.9188357234965416, 0.937578320802005, 0.925, 0.8748632598843571, 0.8929701911377996, 0.8999374902328489, 0.8867941176470587, 0.9375, 0.912363195747342, 0.8748827941865918, 0.8938538611925709, 0.8688577038802704, 0.893837188855457, 0.85, 0.8875, 0.925, 0.8812175280284386, 0.8622850218886804, 0.8749218627910611]",0.8924362812385689,0.02508455177957216,"[0.8566939032055312, 0.86926461345066, 0.8925204274041483, 0.8557510999371465, 0.8992771841609051, 0.8867064739157763, 0.9225329981143936, 0.939032055311125, 0.9302325581395348, 0.8808925204274041, 0.8975903614457832, 0.901736817399468, 0.8910968549522766, 0.9388202159286496, 0.914723830386481, 0.8792156862745099, 0.8952941176470589, 0.8709803921568628, 0.8960784313725492, 0.8533333333333334, 0.888749804412455, 0.926302613049601, 0.8827257080269129, 0.8646534188702863, 0.8767016116413706]","{'finalestimator__estimator_name': ['SVC'], 'kliepreweightadapter__cv': [5], 'kliepreweightadapter__gamma': [0.0001, 0.001, 0.01, 0.1, 1.0, 10.0, 100.0, 1000.0, 'auto', 'scale'], 'kliepreweightadapter__max_iter': [1000], 'kliepreweightadapter__n_centers': [100], 'kliepreweightadapter__random_state': [0], 'kliepreweightadapter__tol': [1e-06]}"
Simulated,covariate_shift,KMM,supervised,Reweighting,0.8952500000000001,0.02354351025229672,"[0.8625, 0.89375, 0.86875, 0.875, 0.9, 0.875, 0.925, 0.9375, 0.95, 0.875, 0.93125, 0.8875, 0.8875, 0.93125, 0.89375, 0.9, 0.88125, 0.875, 0.8875, 0.86875, 0.89375, 0.9125, 0.89375, 0.89375, 0.88125]",0.8981158125182782,0.022652574072700996,"[0.8683218101822753, 0.8973915776241357, 0.8741357636706474, 0.8790069138906349, 0.9041483343808924, 0.8799497171590195, 0.9274041483343808, 0.9399748585795098, 0.9525455688246386, 0.8818353236957888, 0.9337349397590362, 0.8882803943044907, 0.8910968549522766, 0.9304490690032858, 0.8966515412298545, 0.9011764705882352, 0.8858823529411765, 0.8768627450980392, 0.8894117647058823, 0.8733333333333333, 0.8943044906900328, 0.9142544202785168, 0.8947739007979971, 0.8947739007979971, 0.8831951181348772]",0.8951934816646566,0.02358950932997883,"[0.8623495858727926, 0.8938620999570162, 0.8686833470057425, 0.8750976715111737, 0.9000781372089388, 0.875, 0.925105617274292, 0.9375880143952432, 0.9500704115161944, 0.8746873045653534, 0.9311021505376346, 0.8875351617440224, 0.8867941176470587, 0.9311772600807242, 0.8933715901530273, 0.9000938820215929, 0.8810690281739675, 0.8751172607879927, 0.8876055347091931, 0.8685499785080693, 0.8937873666523387, 0.9124453039537428, 0.8937707527637798, 0.8937707527637798, 0.8811247118127467]",0.8981158125182782,0.022652574072700972,"[0.8683218101822753, 0.8973915776241358, 0.8741357636706474, 0.8790069138906349, 0.9041483343808924, 0.8799497171590196, 0.9274041483343808, 0.9399748585795098, 0.9525455688246386, 0.8818353236957888, 0.9337349397590362, 0.8882803943044907, 0.8910968549522766, 0.9304490690032858, 0.8966515412298545, 0.9011764705882352, 0.8858823529411763, 0.8768627450980393, 0.8894117647058825, 0.8733333333333334, 0.8943044906900329, 0.9142544202785168, 0.8947739007979972, 0.8947739007979972, 0.8831951181348772]","{'finalestimator__estimator_name': ['SVC'], 'kmmreweightadapter__B': [1000.0], 'kmmreweightadapter__gamma': [0.0001, 0.001, 0.01, 0.1, 1.0, 10.0, 100.0, 1000.0, None], 'kmmreweightadapter__max_iter': [1000], 'kmmreweightadapter__smooth_weights': [False], 'kmmreweightadapter__tol': [1e-06]}"
Simulated,covariate_shift,MMD-LS,supervised,Mapping,0.639,0.08828295536700917,"[0.725, 0.7625, 0.6625, 0.725, 0.60625, 0.6375, 0.69375, 0.44375, 0.78125, 0.56875, 0.50625, 0.71875, 0.625, 0.7625, 0.6625, 0.53125, 0.61875, 0.65625, 0.5875, 0.53125, 0.5125, 0.70625, 0.65625, 0.675, 0.61875]",0.6268835751383639,0.09678530148290423,"[0.7111879321181647, 0.7639849151477058, 0.6653048397234445, 0.7262727844123193, 0.5846951602765557, 0.6147077309868008, 0.6896605908233815, 0.4127906976744186, 0.7719987429289755, 0.5375549968573224, 0.4902988577687373, 0.7167109998435299, 0.6150837114692536, 0.7631043655140041, 0.6643717728055077, 0.5047058823529412, 0.5949019607843137, 0.6403921568627451, 0.5631372549019608, 0.503921568627451, 0.4963229541542794, 0.6966828352370521, 0.6452041933969646, 0.6759505554686278, 0.6231419183226412]",0.5986038085486745,0.12975778185120002,"[0.713752276867031, 0.7628344547019246, 0.6627637130801688, 0.7253872633390707, 0.5687080426484139, 0.597738603988604, 0.6927215439927303, 0.3304112554112554, 0.7768942606728866, 0.4740158354299245, 0.3954150250498565, 0.7177436003303056, 0.5956182933060807, 0.7625742303484919, 0.6619723264540338, 0.424901953529673, 0.5497815120079579, 0.6306939634902313, 0.5099399313501144, 0.4168491864831039, 0.3990301724137931, 0.684382290562036, 0.6219482368798643, 0.675, 0.6140172413793105]",0.6268835751383639,0.09678530148290423,"[0.7111879321181647, 0.7639849151477058, 0.6653048397234443, 0.7262727844123192, 0.5846951602765557, 0.6147077309868006, 0.6896605908233815, 0.4127906976744186, 0.7719987429289755, 0.5375549968573224, 0.4902988577687373, 0.71671099984353, 0.6150837114692537, 0.7631043655140041, 0.6643717728055077, 0.5047058823529412, 0.5949019607843138, 0.6403921568627452, 0.5631372549019608, 0.503921568627451, 0.4963229541542794, 0.696682835237052, 0.6452041933969646, 0.6759505554686278, 0.6231419183226412]","{'finalestimator__estimator_name': ['SVC'], 'mmdlsconsmappingadapter__gamma': [0.1, 1, 10], 'mmdlsconsmappingadapter__max_iter': [100], 'mmdlsconsmappingadapter__reg_k': [1e-10, 1e-08], 'mmdlsconsmappingadapter__reg_m': [1e-10, 1e-08], 'mmdlsconsmappingadapter__tol': [1e-05]}"
Simulated,covariate_shift,Train Src,supervised,NO DA,0.88075,0.025953183009668247,"[0.85, 0.85, 0.88125, 0.8375, 0.8875, 0.875, 0.91875, 0.91875, 0.925, 0.86875, 0.8875, 0.86875, 0.875, 0.93125, 0.9125, 0.86875, 0.875, 0.85625, 0.88125, 0.84375, 0.875, 0.9125, 0.88125, 0.8625, 0.875]",0.8848478147083457,0.02518293214344884,"[0.8566939032055312, 0.8576367064739158, 0.8876492771841609, 0.8441231929604023, 0.893463230672533, 0.8818353236957888, 0.9225329981143936, 0.9215901948460088, 0.9302325581395348, 0.8760213702074168, 0.891566265060241, 0.8711469253637929, 0.8790486621811924, 0.9327961195431076, 0.914723830386481, 0.8733333333333333, 0.8792156862745097, 0.8592156862745097, 0.8850980392156862, 0.8482352941176471, 0.8767016116413706, 0.9142544202785168, 0.8827257080269129, 0.8646534188702863, 0.8767016116413706]",0.8805193328319945,0.026072761919467925,"[0.8496247654784241, 0.849366296354248, 0.8810411863545777, 0.8370934959349594, 0.8873769338959212, 0.8746873045653534, 0.9188357234965416, 0.91886119257087, 0.925, 0.8683137829912024, 0.8865454116907605, 0.8684677419354838, 0.8739393463230674, 0.9312312004375172, 0.912363195747342, 0.8685499785080693, 0.8748827941865918, 0.856300539083558, 0.8811989726161178, 0.8435118791762729, 0.8749218627910611, 0.9124453039537428, 0.8812175280284386, 0.8622850218886804, 0.8749218627910611]",0.8848478147083457,0.02518293214344882,"[0.8566939032055312, 0.8576367064739158, 0.8876492771841609, 0.8441231929604023, 0.8934632306725331, 0.8818353236957888, 0.9225329981143936, 0.9215901948460088, 0.9302325581395348, 0.8760213702074169, 0.891566265060241, 0.8711469253637929, 0.8790486621811923, 0.9327961195431074, 0.914723830386481, 0.8733333333333334, 0.8792156862745099, 0.8592156862745098, 0.8850980392156862, 0.8482352941176471, 0.8767016116413706, 0.9142544202785168, 0.8827257080269129, 0.8646534188702863, 0.8767016116413706]",{'finalestimator__estimator_name': ['SVC']}
Simulated,covariate_shift,NO_DA_SOURCE_ONLY_BASE_ESTIM,supervised,Unknown,0.88075,0.025953183009668247,"[0.85, 0.85, 0.88125, 0.8375, 0.8875, 0.875, 0.91875, 0.91875, 0.925, 0.86875, 0.8875, 0.86875, 0.875, 0.93125, 0.9125, 0.86875, 0.875, 0.85625, 0.88125, 0.84375, 0.875, 0.9125, 0.88125, 0.8625, 0.875]",0.8848478147083457,0.02518293214344884,"[0.8566939032055312, 0.8576367064739158, 0.8876492771841609, 0.8441231929604023, 0.893463230672533, 0.8818353236957888, 0.9225329981143936, 0.9215901948460088, 0.9302325581395348, 0.8760213702074168, 0.891566265060241, 0.8711469253637929, 0.8790486621811924, 0.9327961195431076, 0.914723830386481, 0.8733333333333333, 0.8792156862745097, 0.8592156862745097, 0.8850980392156862, 0.8482352941176471, 0.8767016116413706, 0.9142544202785168, 0.8827257080269129, 0.8646534188702863, 0.8767016116413706]",0.8805193328319945,0.026072761919467925,"[0.8496247654784241, 0.849366296354248, 0.8810411863545777, 0.8370934959349594, 0.8873769338959212, 0.8746873045653534, 0.9188357234965416, 0.91886119257087, 0.925, 0.8683137829912024, 0.8865454116907605, 0.8684677419354838, 0.8739393463230674, 0.9312312004375172, 0.912363195747342, 0.8685499785080693, 0.8748827941865918, 0.856300539083558, 0.8811989726161178, 0.8435118791762729, 0.8749218627910611, 0.9124453039537428, 0.8812175280284386, 0.8622850218886804, 0.8749218627910611]",0.8848478147083457,0.02518293214344882,"[0.8566939032055312, 0.8576367064739158, 0.8876492771841609, 0.8441231929604023, 0.8934632306725331, 0.8818353236957888, 0.9225329981143936, 0.9215901948460088, 0.9302325581395348, 0.8760213702074169, 0.891566265060241, 0.8711469253637929, 0.8790486621811923, 0.9327961195431074, 0.914723830386481, 0.8733333333333334, 0.8792156862745099, 0.8592156862745098, 0.8850980392156862, 0.8482352941176471, 0.8767016116413706, 0.9142544202785168, 0.8827257080269129, 0.8646534188702863, 0.8767016116413706]",{'finalestimator__estimator_name': ['SVC']}
Simulated,covariate_shift,Train Tgt,supervised,NO DA,0.915,0.020885351724753545,"[0.9, 0.91875, 0.91875, 0.9, 0.90625, 0.9, 0.9375, 0.94375, 0.95, 0.88125, 0.95625, 0.925, 0.9125, 0.925, 0.9375, 0.90625, 0.89375, 0.88125, 0.9125, 0.8875, 0.91875, 0.94375, 0.9125, 0.9, 0.90625]",0.915359763322877,0.02066174349767348,"[0.9003771213073539, 0.91781898177247, 0.9197045883092394, 0.8994343180389692, 0.9071338780641108, 0.9003771213073539, 0.9380892520427404, 0.9439032055311124, 0.9497171590194846, 0.884820867379007, 0.9573619151932404, 0.9239555625097792, 0.9151932404944454, 0.9244249726177436, 0.9374119856047568, 0.9070588235294118, 0.8952941176470588, 0.8811764705882352, 0.9129411764705884, 0.8878431372549019, 0.9184008762322016, 0.9443749022062276, 0.9114379596307308, 0.8998591769676108, 0.9058832733531528]",0.9150111693514508,0.02086261365550337,"[0.900078431372549, 0.9187084660453776, 0.918835965359144, 0.9, 0.9063491907990128, 0.900078431372549, 0.9375490196078432, 0.9437742847050512, 0.95, 0.8813752881872533, 0.956258545255674, 0.9248823529411766, 0.9122535596933188, 0.9249530075187968, 0.9375, 0.9063270517787952, 0.8938538611925709, 0.8812918805595832, 0.9125548245614036, 0.8875704887218046, 0.9187277405972368, 0.9437697823453558, 0.9123627450980392, 0.9, 0.9062243160737348]",0.915359763322877,0.020661743497673503,"[0.9003771213073538, 0.91781898177247, 0.9197045883092396, 0.8994343180389692, 0.9071338780641108, 0.9003771213073538, 0.9380892520427404, 0.9439032055311124, 0.9497171590194848, 0.8848208673790069, 0.9573619151932404, 0.9239555625097792, 0.9151932404944452, 0.9244249726177436, 0.9374119856047566, 0.9070588235294118, 0.8952941176470589, 0.8811764705882352, 0.912941176470588, 0.8878431372549018, 0.9184008762322016, 0.9443749022062274, 0.9114379596307306, 0.8998591769676106, 0.9058832733531528]",{'finalestimator__estimator_name': ['SVC']}
Simulated,covariate_shift,OTLabelProp,supervised,Other,0.904,0.027056076027391688,"[0.8875, 0.9125, 0.9125, 0.89375, 0.8875, 0.9, 0.93125, 0.94375, 0.9625, 0.8625, 0.94375, 0.90625, 0.90625, 0.925, 0.8875, 0.89375, 0.8875, 0.85625, 0.89375, 0.86875, 0.89375, 0.95, 0.8875, 0.8875, 0.91875]",0.9033717182838735,0.026937814057386995,"[0.8849780012570709, 0.9101194217473288, 0.9110622250157134, 0.890791954745443, 0.8859208045254556, 0.9003771213073539, 0.9313324952859836, 0.9429604022627278, 0.9622878692646136, 0.8654934003771213, 0.9443749022062276, 0.9049444531372242, 0.9068220935690816, 0.9239555625097792, 0.885933343764669, 0.8937254901960785, 0.8886274509803922, 0.8545098039215686, 0.8945098039215686, 0.8694117647058823, 0.891488030042247, 0.9485213581599125, 0.8868721639805976, 0.8878109841965263, 0.9174620560162728]",0.9039113609961281,0.027062924234044324,"[0.887215909090909, 0.9122790404040404, 0.9124035584947252, 0.8933931887321718, 0.8873760037789324, 0.900078431372549, 0.9312796813061738, 0.943721245723723, 0.9625, 0.8626719824890557, 0.9437697823453558, 0.9060476274579063, 0.9062829705755928, 0.9248823529411766, 0.8871818038969203, 0.8937874720796269, 0.8876056172742921, 0.8560295505485431, 0.8938373253493014, 0.8688578724903134, 0.8931847290640395, 0.9498585795097424, 0.8874295112781955, 0.8875351782363978, 0.918574610463519]",0.9033717182838735,0.026937814057386968,"[0.8849780012570709, 0.9101194217473288, 0.9110622250157134, 0.890791954745443, 0.8859208045254559, 0.9003771213073538, 0.9313324952859836, 0.9429604022627278, 0.9622878692646134, 0.8654934003771213, 0.9443749022062274, 0.9049444531372244, 0.9068220935690814, 0.9239555625097792, 0.885933343764669, 0.8937254901960785, 0.8886274509803922, 0.8545098039215686, 0.8945098039215686, 0.8694117647058823, 0.8914880300422469, 0.9485213581599125, 0.8868721639805976, 0.8878109841965264, 0.9174620560162728]","{'finalestimator__estimator_name': ['SVC'], 'otlabelpropadapter__metric': ['sqeuclidean', 'cosine', 'cityblock'], 'otlabelpropadapter__reg': [None, 0.1, 1.0]}"
Simulated,covariate_shift,JPCA,supervised,Subspace,0.88075,0.025953183009668247,"[0.85, 0.85, 0.88125, 0.8375, 0.8875, 0.875, 0.91875, 0.91875, 0.925, 0.86875, 0.8875, 0.86875, 0.875, 0.93125, 0.9125, 0.86875, 0.875, 0.85625, 0.88125, 0.84375, 0.875, 0.9125, 0.88125, 0.8625, 0.875]",0.8848478147083457,0.02518293214344884,"[0.8566939032055312, 0.8576367064739158, 0.8876492771841609, 0.8441231929604023, 0.893463230672533, 0.8818353236957888, 0.9225329981143936, 0.9215901948460088, 0.9302325581395348, 0.8760213702074168, 0.891566265060241, 0.8711469253637929, 0.8790486621811924, 0.9327961195431076, 0.914723830386481, 0.8733333333333333, 0.8792156862745097, 0.8592156862745097, 0.8850980392156862, 0.8482352941176471, 0.8767016116413706, 0.9142544202785168, 0.8827257080269129, 0.8646534188702863, 0.8767016116413706]",0.8805193328319945,0.026072761919467925,"[0.8496247654784241, 0.849366296354248, 0.8810411863545777, 0.8370934959349594, 0.8873769338959212, 0.8746873045653534, 0.9188357234965416, 0.91886119257087, 0.925, 0.8683137829912024, 0.8865454116907605, 0.8684677419354838, 0.8739393463230674, 0.9312312004375172, 0.912363195747342, 0.8685499785080693, 0.8748827941865918, 0.856300539083558, 0.8811989726161178, 0.8435118791762729, 0.8749218627910611, 0.9124453039537428, 0.8812175280284386, 0.8622850218886804, 0.8749218627910611]",0.8848478147083457,0.02518293214344882,"[0.8566939032055312, 0.8576367064739158, 0.8876492771841609, 0.8441231929604023, 0.8934632306725331, 0.8818353236957888, 0.9225329981143936, 0.9215901948460088, 0.9302325581395348, 0.8760213702074169, 0.891566265060241, 0.8711469253637929, 0.8790486621811923, 0.9327961195431074, 0.914723830386481, 0.8733333333333334, 0.8792156862745099, 0.8592156862745098, 0.8850980392156862, 0.8482352941176471, 0.8767016116413706, 0.9142544202785168, 0.8827257080269129, 0.8646534188702863, 0.8767016116413706]","{'finalestimator__estimator_name': ['SVC'], 'pca__n_components': [1, 2, 5, 10, 20, 50, 100]}"
Simulated,covariate_shift,MMDTarS,supervised,Reweighting,0.8797499999999999,0.025723894534070847,"[0.85, 0.85, 0.88125, 0.8375, 0.88125, 0.88125, 0.91875, 0.91875, 0.925, 0.86875, 0.8875, 0.86875, 0.86875, 0.925, 0.9125, 0.86875, 0.875, 0.85, 0.875, 0.84375, 0.88125, 0.9125, 0.86875, 0.86875, 0.875]",0.8840646050452718,0.025017073426420094,"[0.8566939032055312, 0.8576367064739158, 0.8876492771841609, 0.8441231929604023, 0.8876492771841609, 0.8885920804525456, 0.9225329981143936, 0.9225329981143936, 0.9302325581395348, 0.8760213702074168, 0.891566265060241, 0.8711469253637929, 0.8730245657956501, 0.9267720231575654, 0.914723830386481, 0.8733333333333333, 0.8792156862745097, 0.8533333333333333, 0.8792156862745097, 0.8482352941176471, 0.8831951181348772, 0.9142544202785168, 0.8716163354717572, 0.8716163354717572, 0.8767016116413706]",0.8794678644704642,0.025856923023795313,"[0.8496247654784241, 0.849366296354248, 0.8810411863545777, 0.8370934959349594, 0.8810411863545777, 0.8808553274682307, 0.9188357234965416, 0.9188357234965416, 0.925, 0.8683137829912024, 0.8865454116907605, 0.8684677419354838, 0.8674752270850536, 0.9249531176746366, 0.912363195747342, 0.8685499785080693, 0.8748827941865918, 0.85, 0.8748827941865918, 0.8435118791762729, 0.8811247118127467, 0.9124453039537428, 0.8682825525419748, 0.8682825525419748, 0.8749218627910611]",0.8840646050452718,0.025017073426420084,"[0.8566939032055312, 0.8576367064739158, 0.8876492771841609, 0.8441231929604023, 0.8876492771841609, 0.8885920804525456, 0.9225329981143936, 0.9225329981143936, 0.9302325581395348, 0.8760213702074169, 0.891566265060241, 0.8711469253637929, 0.8730245657956501, 0.9267720231575654, 0.914723830386481, 0.8733333333333334, 0.8792156862745099, 0.8533333333333334, 0.8792156862745099, 0.8482352941176471, 0.8831951181348772, 0.9142544202785168, 0.8716163354717571, 0.8716163354717571, 0.8767016116413706]","{'finalestimator__estimator_name': ['SVC'], 'mmdtarsreweightadapter__gamma': [0.0001, 0.001, 0.01, 0.1, 1.0, 10.0, 100.0, 1000.0, None], 'mmdtarsreweightadapter__max_iter': [1000], 'mmdtarsreweightadapter__reg': [1e-06], 'mmdtarsreweightadapter__tol': [1e-06]}"
Simulated,covariate_shift,ClassRegOT,supervised,Mapping,0.9129999999999999,0.025574136511978922,"[0.9, 0.925, 0.90625, 0.9, 0.925, 0.90625, 0.94375, 0.94375, 0.9625, 0.88125, 0.9375, 0.91875, 0.90625, 0.95, 0.9375, 0.89375, 0.89375, 0.875, 0.90625, 0.85625, 0.925, 0.93125, 0.89375, 0.8875, 0.91875]",0.9144556893027481,0.025161339646514982,"[0.9003771213073539, 0.9264613450659962, 0.9080766813324952, 0.8994343180389692, 0.9274041483343808, 0.9080766813324952, 0.945788812067882, 0.9439032055311124, 0.9641734758013828, 0.8857636706473916, 0.939289626036614, 0.918870286340166, 0.9091691441089031, 0.9503989985917696, 0.9383508058206852, 0.8968627450980392, 0.8968627450980392, 0.8768627450980392, 0.9086274509803922, 0.8584313725490196, 0.9244249726177436, 0.9323267094351432, 0.8943044906900328, 0.888749804412455, 0.9184008762322016]",0.9130312291920991,0.025560668112404688,"[0.900078431372549, 0.925093984962406, 0.9063784196313256, 0.9, 0.925105617274292, 0.9063784196313256, 0.9438270517787952, 0.9437742847050512, 0.962546992481203, 0.8813010273838822, 0.9374609313955306, 0.9187658846529814, 0.9059161089585532, 0.9500156347717322, 0.9375195343022348, 0.8937873549748037, 0.8937873549748037, 0.8751172607879927, 0.9063269313430504, 0.8563679613926773, 0.9249530075187968, 0.9312634282589164, 0.8937873666523387, 0.8875, 0.9187277405972368]",0.9144556893027481,0.025161339646514964,"[0.9003771213073538, 0.9264613450659964, 0.9080766813324952, 0.8994343180389692, 0.9274041483343808, 0.9080766813324952, 0.9457888120678818, 0.9439032055311124, 0.9641734758013828, 0.8857636706473916, 0.939289626036614, 0.918870286340166, 0.9091691441089031, 0.9503989985917696, 0.9383508058206854, 0.8968627450980393, 0.8968627450980393, 0.8768627450980393, 0.9086274509803922, 0.8584313725490196, 0.9244249726177436, 0.9323267094351432, 0.8943044906900329, 0.888749804412455, 0.9184008762322016]","[{'classregularizerotmappingadapter__max_inner_iter': [1000], 'classregularizerotmappingadapter__max_iter': [10], 'classregularizerotmappingadapter__metric': ['sqeuclidean', 'cosine', 'cityblock'], 'classregularizerotmappingadapter__norm': ['lpl1'], 'classregularizerotmappingadapter__reg_cl': [0.1], 'classregularizerotmappingadapter__reg_e': [0.1], 'classregularizerotmappingadapter__tol': [1e-06], 'finalestimator__estimator_name': ['SVC']}, {'classregularizerotmappingadapter__max_inner_iter': [1000], 'classregularizerotmappingadapter__max_iter': [10], 'classregularizerotmappingadapter__metric': ['sqeuclidean', 'cosine', 'cityblock'], 'classregularizerotmappingadapter__norm': ['lpl1'], 'classregularizerotmappingadapter__reg_cl': [0.5], 'classregularizerotmappingadapter__reg_e': [0.5], 'classregularizerotmappingadapter__tol': [1e-06], 'finalestimator__estimator_name': ['SVC']}, {'classregularizerotmappingadapter__max_inner_iter': [1000], 'classregularizerotmappingadapter__max_iter': [10], 'classregularizerotmappingadapter__metric': ['sqeuclidean', 'cosine', 'cityblock'], 'classregularizerotmappingadapter__norm': ['lpl1'], 'classregularizerotmappingadapter__reg_cl': [1.0], 'classregularizerotmappingadapter__reg_e': [1.0], 'classregularizerotmappingadapter__tol': [1e-06], 'finalestimator__estimator_name': ['SVC']}]"
Simulated,covariate_shift,Dens. RW,supervised,Reweighting,0.89425,0.024864214579726138,"[0.8625, 0.88125, 0.89375, 0.8625, 0.9, 0.9, 0.925, 0.9375, 0.94375, 0.875, 0.9125, 0.90625, 0.8875, 0.9375, 0.9125, 0.88125, 0.88125, 0.8625, 0.89375, 0.85, 0.89375, 0.9125, 0.88125, 0.8875, 0.875]",0.8975054423424078,0.024527365104799068,"[0.8683218101822753, 0.8867064739157762, 0.8983343808925204, 0.8673790069138907, 0.9050911376492772, 0.9050911376492772, 0.9292897548711504, 0.9399748585795098, 0.9476744186046512, 0.8818353236957888, 0.9156626506024096, 0.9068220935690816, 0.8910968549522766, 0.9388202159286496, 0.914723830386481, 0.8850980392156862, 0.884313725490196, 0.8650980392156862, 0.896078431372549, 0.8525490196078431, 0.8947739007979971, 0.9142544202785168, 0.8827257080269129, 0.8892192145204194, 0.8767016116413706]",0.8941930987434175,0.024882202753977758,"[0.8623495858727926, 0.8811896949099574, 0.8937956560803156, 0.8625, 0.9, 0.9, 0.9250586029067044, 0.9375880143952432, 0.9438093470360672, 0.8746873045653534, 0.9121162280701752, 0.9062829705755928, 0.8867941176470587, 0.9375, 0.912363195747342, 0.8811989726161178, 0.8812917496777217, 0.8625859509298326, 0.893837188855457, 0.8500937646507266, 0.8937707527637798, 0.9124453039537428, 0.8812175280284386, 0.8874296765119549, 0.8749218627910611]",0.8975054423424078,0.024527365104799054,"[0.8683218101822753, 0.8867064739157763, 0.8983343808925204, 0.8673790069138907, 0.9050911376492772, 0.9050911376492772, 0.9292897548711502, 0.9399748585795098, 0.9476744186046512, 0.8818353236957888, 0.9156626506024096, 0.9068220935690814, 0.8910968549522766, 0.9388202159286496, 0.914723830386481, 0.8850980392156862, 0.8843137254901962, 0.8650980392156862, 0.8960784313725492, 0.8525490196078431, 0.8947739007979972, 0.9142544202785168, 0.8827257080269129, 0.8892192145204193, 0.8767016116413706]","{'densityreweightadapter__weight_estimator__bandwidth': [0.01, 0.1, 1.0, 10.0, 100.0, 'scott', 'silverman'], 'finalestimator__estimator_name': ['SVC']}"
Simulated,covariate_shift,Disc. RW,supervised,Reweighting,0.8640000000000001,0.026777925454871707,"[0.8375, 0.81875, 0.8625, 0.85, 0.875, 0.8625, 0.9, 0.89375, 0.90625, 0.84375, 0.86875, 0.85625, 0.8125, 0.90625, 0.8875, 0.85625, 0.85625, 0.84375, 0.8625, 0.83125, 0.88125, 0.9125, 0.8625, 0.84375, 0.86875]",0.8683683851032095,0.025811956108480753,"[0.845065996228787, 0.8295097423004401, 0.86926461345066, 0.8566939032055312, 0.8818353236957888, 0.8702074167190447, 0.9050911376492772, 0.8955059710873665, 0.9109050911376492, 0.8527655562539284, 0.8734939759036144, 0.8595681427006728, 0.8188076983257706, 0.9086997340009388, 0.8906274448443123, 0.8615686274509804, 0.8568627450980393, 0.8435294117647059, 0.8658823529411765, 0.8349019607843138, 0.8817868878109842, 0.9142544202785168, 0.8651228289782507, 0.8447034892818025, 0.8725551556876858]",0.8634030290733715,0.02736293589741031,"[0.8368134877171023, 0.8164336832999096, 0.8621560350218885, 0.8496247654784241, 0.8746873045653534, 0.861919104991394, 0.9, 0.8938955422488355, 0.9062902847767492, 0.842592774011521, 0.8671206896551725, 0.8554895372075709, 0.8079013377926423, 0.9060483870967742, 0.8870065789473685, 0.8558284457478006, 0.8563681460608196, 0.8438051059994514, 0.8625, 0.8311774874018518, 0.8812917627290844, 0.9124453039537428, 0.8621127366609294, 0.8437805187702644, 0.8677867066996349]",0.8683683851032095,0.025811956108480746,"[0.845065996228787, 0.8295097423004401, 0.86926461345066, 0.8566939032055312, 0.8818353236957888, 0.8702074167190447, 0.9050911376492772, 0.8955059710873664, 0.9109050911376492, 0.8527655562539282, 0.8734939759036144, 0.8595681427006729, 0.8188076983257706, 0.9086997340009388, 0.8906274448443123, 0.8615686274509805, 0.8568627450980393, 0.8435294117647059, 0.8658823529411764, 0.8349019607843138, 0.8817868878109842, 0.9142544202785168, 0.8651228289782507, 0.8447034892818025, 0.8725551556876858]","{'discriminatorreweightadapter__domain_classifier__estimator_name': ['LR', 'SVC', 'KNN', 'XGB'], 'finalestimator__estimator_name': ['SVC']}"
Simulated,covariate_shift,EntOT,supervised,Mapping,0.893,0.02527968552019584,"[0.8875, 0.9125, 0.8875, 0.8875, 0.875, 0.9, 0.91875, 0.93125, 0.95625, 0.86875, 0.93125, 0.8875, 0.8875, 0.90625, 0.9, 0.89375, 0.88125, 0.85625, 0.875, 0.86875, 0.86875, 0.925, 0.88125, 0.85, 0.8875]",0.8936690266835801,0.02514125923824781,"[0.887806411062225, 0.912005028284098, 0.887806411062225, 0.8868636077938403, 0.8761785040854808, 0.9003771213073539, 0.920647391577624, 0.9313324952859836, 0.9564739157762414, 0.8731929604022628, 0.9323267094351432, 0.8868721639805976, 0.8896886246283837, 0.9063526834611172, 0.8998591769676108, 0.8952941176470588, 0.8827450980392156, 0.856078431372549, 0.8768627450980392, 0.8694117647058823, 0.8678610546080425, 0.9253637928336724, 0.8813174777030198, 0.8507275856673446, 0.8882803943044907]",0.8930359521105382,0.025273966124163383,"[0.8875882352941176, 0.9125, 0.8875882352941176, 0.8875, 0.8751566416040101, 0.900078431372549, 0.9188612970138156, 0.9312796813061738, 0.9562688881039288, 0.8688063986874488, 0.9312634282589164, 0.8874295112781955, 0.8873241088180113, 0.9062683284457478, 0.9, 0.8938538611925709, 0.8813660801564028, 0.8563006975194952, 0.8751172607879927, 0.8688578724903134, 0.8686111328813825, 0.9250234521575986, 0.8812732160312805, 0.8500468823253634, 0.8875351617440224]",0.8936690266835801,0.0251412592382478,"[0.887806411062225, 0.912005028284098, 0.887806411062225, 0.8868636077938404, 0.8761785040854808, 0.9003771213073538, 0.9206473915776242, 0.9313324952859836, 0.9564739157762414, 0.8731929604022628, 0.9323267094351432, 0.8868721639805976, 0.8896886246283837, 0.9063526834611172, 0.8998591769676106, 0.8952941176470589, 0.8827450980392157, 0.8560784313725491, 0.8768627450980393, 0.8694117647058823, 0.8678610546080425, 0.9253637928336724, 0.8813174777030198, 0.8507275856673446, 0.8882803943044907]","{'entropicotmappingadapter__max_iter': [1000], 'entropicotmappingadapter__metric': ['sqeuclidean', 'cosine', 'cityblock'], 'entropicotmappingadapter__norm': ['median'], 'entropicotmappingadapter__reg_e': [0.1, 0.5, 1.0], 'entropicotmappingadapter__tol': [1e-06], 'finalestimator__estimator_name': ['SVC']}"
Simulated,covariate_shift,Gauss. RW,supervised,Reweighting,0.8905,0.024614210834394017,"[0.8625, 0.85625, 0.8875, 0.86875, 0.90625, 0.8875, 0.91875, 0.925, 0.93125, 0.8625, 0.90625, 0.9, 0.88125, 0.9375, 0.9125, 0.875, 0.89375, 0.85625, 0.89375, 0.85625, 0.88125, 0.925, 0.88125, 0.88125, 0.875]",0.8939041008765664,0.023899029142754012,"[0.8683218101822753, 0.8634506599622879, 0.8925204274041483, 0.8731929604022628, 0.9099622878692646, 0.8925204274041483, 0.9225329981143936, 0.9274041483343808, 0.936046511627907, 0.86926461345066, 0.9096385542168676, 0.9007979971835394, 0.8850727585667344, 0.9388202159286496, 0.914723830386481, 0.8792156862745097, 0.8968627450980392, 0.8592156862745097, 0.8952941176470588, 0.8592156862745097, 0.8831951181348772, 0.926302613049601, 0.8827257080269129, 0.8831951181348772, 0.8781098419652636]",0.8903889917151634,0.02469198228472572,"[0.8623495858727926, 0.855772238514174, 0.8875, 0.8688063986874488, 0.9063489117267788, 0.8875, 0.9188357234965416, 0.925105617274292, 0.931279542169616, 0.8621560350218885, 0.9057540460049374, 0.9000312548835755, 0.8803784489187173, 0.9375, 0.912363195747342, 0.8748827941865918, 0.8937873549748037, 0.856300539083558, 0.8938538611925709, 0.856300539083558, 0.8811247118127467, 0.925, 0.8812175280284386, 0.8811247118127467, 0.8744517543859649]",0.8939041008765665,0.02389902914275399,"[0.8683218101822753, 0.863450659962288, 0.8925204274041483, 0.8731929604022628, 0.9099622878692646, 0.8925204274041483, 0.9225329981143936, 0.9274041483343808, 0.936046511627907, 0.86926461345066, 0.9096385542168676, 0.9007979971835396, 0.8850727585667344, 0.9388202159286496, 0.914723830386481, 0.8792156862745099, 0.8968627450980393, 0.8592156862745098, 0.8952941176470589, 0.8592156862745098, 0.8831951181348772, 0.926302613049601, 0.8827257080269129, 0.8831951181348772, 0.8781098419652636]","{'finalestimator__estimator_name': ['SVC'], 'gaussianreweightadapter__reg': ['auto', 1e-05, 0.01, 0.5]}"
Simulated,covariate_shift,LinOT,supervised,Mapping,0.89275,0.029573795410802437,"[0.875, 0.9125, 0.89375, 0.88125, 0.8875, 0.88125, 0.925, 0.9375, 0.94375, 0.8625, 0.93125, 0.875, 0.8875, 0.93125, 0.9125, 0.86875, 0.86875, 0.84375, 0.875, 0.83125, 0.89375, 0.9375, 0.8875, 0.8875, 0.8875]",0.8949024824398054,0.029185494646299024,"[0.8771213073538655, 0.9138906348208674, 0.8955059710873665, 0.8829352608422376, 0.8896920175989944, 0.8857636706473916, 0.9283469516027656, 0.9390320553111252, 0.945788812067882, 0.8683218101822753, 0.9337349397590362, 0.875762791425442, 0.8906274448443123, 0.9323267094351432, 0.9142544202785168, 0.8733333333333333, 0.8709803921568627, 0.8443137254901961, 0.8784313725490196, 0.8349019607843138, 0.8938350805820685, 0.9383508058206852, 0.8882803943044907, 0.888749804412455, 0.8882803943044907]",0.892763314206409,0.02958465487364715,"[0.8751760287904865, 0.9126096491228072, 0.8938955422488355, 0.8814126648663457, 0.887658425911438, 0.8813010273838822, 0.925093808630394, 0.937578320802005, 0.9438270517787952, 0.8623495858727926, 0.9311021505376346, 0.8750390686044694, 0.8870065789473685, 0.9312634282589164, 0.9124453039537428, 0.8685499785080693, 0.8688577038802704, 0.8438784196313257, 0.875, 0.8311774874018518, 0.8937707722385142, 0.9375195343022348, 0.8875351617440224, 0.8875, 0.8875351617440224]",0.8949024824398054,0.029185494646299017,"[0.8771213073538654, 0.9138906348208674, 0.8955059710873664, 0.8829352608422375, 0.8896920175989943, 0.8857636706473916, 0.9283469516027656, 0.939032055311125, 0.9457888120678818, 0.8683218101822753, 0.9337349397590362, 0.875762791425442, 0.8906274448443123, 0.9323267094351432, 0.9142544202785168, 0.8733333333333334, 0.8709803921568628, 0.8443137254901962, 0.8784313725490196, 0.8349019607843138, 0.8938350805820685, 0.9383508058206854, 0.8882803943044907, 0.888749804412455, 0.8882803943044907]","{'finalestimator__estimator_name': ['SVC'], 'linearotmappingadapter__bias': [True, False], 'linearotmappingadapter__reg': [1e-08, 1e-06, 0.1, 1, 10]}"
Simulated,covariate_shift,NN RW,supervised,Reweighting,0.88575,0.02605333072117012,"[0.85625, 0.8375, 0.88125, 0.85, 0.88125, 0.89375, 0.925, 0.925, 0.9375, 0.86875, 0.89375, 0.8875, 0.8875, 0.90625, 0.91875, 0.875, 0.89375, 0.8625, 0.89375, 0.84375, 0.88125, 0.91875, 0.88125, 0.86875, 0.875]",0.8893992640734487,0.025196054060949977,"[0.8625078566939033, 0.8469516027655563, 0.8867064739157762, 0.8557510999371465, 0.8876492771841609, 0.8992771841609051, 0.9292897548711504, 0.9274041483343808, 0.9418604651162792, 0.8760213702074168, 0.8975903614457832, 0.887341574088562, 0.8910968549522766, 0.9086997340009388, 0.9207479267720232, 0.8792156862745097, 0.8952941176470588, 0.8650980392156862, 0.8945098039215686, 0.8474509803921568, 0.8831951181348772, 0.9207479267720232, 0.8827257080269129, 0.8711469253637929, 0.8767016116413706]",0.8855640329396209,0.026200384069742157,"[0.8559972255871205, 0.8360980392156863, 0.8811896949099574, 0.8498359118612283, 0.8810411863545777, 0.8936960428141724, 0.9250586029067044, 0.925105617274292, 0.9375488357555868, 0.8683137829912024, 0.8929701911377996, 0.8875, 0.8867941176470587, 0.9060483870967742, 0.9186642765034584, 0.8748827941865918, 0.8938538611925709, 0.8625859509298326, 0.8938373253493014, 0.8436828587054181, 0.8811247118127467, 0.9186642765034584, 0.8812175280284386, 0.8684677419354838, 0.8749218627910611]",0.8893992640734487,0.025196054060949977,"[0.8625078566939033, 0.8469516027655563, 0.8867064739157763, 0.8557510999371465, 0.8876492771841609, 0.8992771841609051, 0.9292897548711502, 0.9274041483343808, 0.9418604651162792, 0.8760213702074169, 0.8975903614457832, 0.887341574088562, 0.8910968549522766, 0.9086997340009388, 0.9207479267720232, 0.8792156862745099, 0.8952941176470589, 0.8650980392156862, 0.8945098039215686, 0.8474509803921568, 0.8831951181348772, 0.9207479267720232, 0.8827257080269129, 0.8711469253637929, 0.8767016116413706]","{'finalestimator__estimator_name': ['SVC'], 'nearestneighborreweightadapter__laplace_smoothing': [True, False], 'nearestneighborreweightadapter__n_neighbors': [1]}"
Simulated,covariate_shift,MapOT,supervised,Mapping,0.8652500000000001,0.027188098652412836,"[0.8625, 0.89375, 0.84375, 0.8875, 0.83125, 0.875, 0.85, 0.91875, 0.9125, 0.8625, 0.85625, 0.8375, 0.875, 0.80625, 0.85, 0.8375, 0.875, 0.8625, 0.85625, 0.84375, 0.8625, 0.91875, 0.85625, 0.88125, 0.875]",0.8654461735800453,0.026220646903122615,"[0.8645505971087366, 0.8945631678189818, 0.8461659333752357, 0.8849780012570709, 0.8307668133249528, 0.8733500942803268, 0.8491514770584538, 0.9140477686989316, 0.909176618478944, 0.8645505971087366, 0.8595681427006728, 0.8382099827882961, 0.8771710217493349, 0.8076200907526209, 0.8511969957753089, 0.8400000000000001, 0.8752941176470588, 0.8603921568627451, 0.8552941176470588, 0.8450980392156863, 0.8623063683304647, 0.9193396964481302, 0.8567516820528869, 0.8817868878109842, 0.8748239712095134]",0.8651904214908697,0.02709943855642659,"[0.8626936316695353, 0.8938624162388809, 0.8439638318670577, 0.887215909090909, 0.8313228541151536, 0.8748622264210362, 0.85, 0.918139631940856, 0.912126127551828, 0.8626936316695353, 0.8554895372075709, 0.8375507891858103, 0.8748045653533459, 0.8061970194148209, 0.85, 0.8376015783716205, 0.875078320802005, 0.8621968981262793, 0.8561879390870913, 0.8439027370478984, 0.8625, 0.9187785744988471, 0.8563005548825761, 0.8812917627290844, 0.875]",0.8654461735800453,0.026220646903122622,"[0.8645505971087366, 0.8945631678189817, 0.8461659333752357, 0.8849780012570709, 0.8307668133249527, 0.8733500942803268, 0.8491514770584537, 0.9140477686989316, 0.909176618478944, 0.8645505971087366, 0.8595681427006729, 0.8382099827882961, 0.8771710217493349, 0.8076200907526209, 0.8511969957753089, 0.84, 0.8752941176470588, 0.8603921568627452, 0.8552941176470588, 0.8450980392156862, 0.8623063683304648, 0.9193396964481302, 0.8567516820528869, 0.8817868878109842, 0.8748239712095134]","{'finalestimator__estimator_name': ['SVC'], 'otmappingadapter__max_iter': [1000000], 'otmappingadapter__metric': ['sqeuclidean', 'cosine', 'cityblock'], 'otmappingadapter__norm': ['median']}"
Simulated,covariate_shift,SA,supervised,Subspace,0.742,0.03782498072262124,"[0.69375, 0.76875, 0.75, 0.7875, 0.7125, 0.75625, 0.7375, 0.7625, 0.76875, 0.75, 0.775, 0.6875, 0.80625, 0.775, 0.73125, 0.6875, 0.78125, 0.66875, 0.7625, 0.75625, 0.675, 0.70625, 0.74375, 0.775, 0.73125]",0.7309079024580285,0.03931261454514261,"[0.6736329352608422, 0.7518856065367693, 0.7382149591451916, 0.7759270898805782, 0.6986172218730358, 0.7468573224387178, 0.7209302325581395, 0.7498428661219358, 0.7547140163419233, 0.7344437460716531, 0.7685808167735879, 0.6804881865122829, 0.8005789391331559, 0.7681114066656235, 0.7245345016429354, 0.672156862745098, 0.7690196078431373, 0.6529411764705882, 0.7513725490196079, 0.7478431372549019, 0.6651541229854483, 0.6971522453450164, 0.7361132843060554, 0.7695196369895165, 0.724065091534971]",0.7296678857074339,0.04336197920636679,"[0.6672648810817862, 0.7541834570519617, 0.7423498609065619, 0.7809973817705776, 0.7007410167246233, 0.7513964618926451, 0.7218813387423936, 0.7540569453587886, 0.7586371942356409, 0.7367846954186945, 0.7673828125, 0.6753293241695303, 0.8010304333777615, 0.7662371134020619, 0.7214806617437068, 0.6654637199795606, 0.7709752273765522, 0.6441232739087683, 0.7533533574720211, 0.7508254574094269, 0.6495358541986034, 0.6865726706243948, 0.7316201353637901, 0.7694148936170213, 0.7200589743589744]",0.7309079024580285,0.03931261454514259,"[0.6736329352608422, 0.7518856065367693, 0.7382149591451918, 0.7759270898805781, 0.6986172218730359, 0.7468573224387177, 0.7209302325581396, 0.749842866121936, 0.7547140163419234, 0.7344437460716531, 0.7685808167735878, 0.6804881865122829, 0.8005789391331559, 0.7681114066656235, 0.7245345016429354, 0.6721568627450981, 0.7690196078431373, 0.6529411764705881, 0.7513725490196078, 0.7478431372549019, 0.6651541229854483, 0.6971522453450164, 0.7361132843060554, 0.7695196369895165, 0.724065091534971]","{'finalestimator__estimator_name': ['SVC'], 'subspacealignmentadapter__n_components': [1, 2, 5, 10, 20, 50, 100]}"
Simulated,covariate_shift,TCA,supervised,Subspace,0.4385,0.21233664064012442,"[0.75, 0.39375, 0.9, 0.73125, 0.34375, 0.8, 0.20625, 0.15, 0.13125, 0.1875, 0.35, 0.5125, 0.26875, 0.35625, 0.31875, 0.3, 0.45625, 0.725, 0.5, 0.525, 0.5125, 0.3875, 0.58125, 0.2875, 0.2875]",0.4360467334847965,0.2127844742436977,"[0.7485857950974231, 0.3860779384035198, 0.9022627278441232, 0.7302011313639221, 0.353708359522313, 0.7875549968573224, 0.197517284726587, 0.1574481458202388, 0.1258642363293526, 0.1970458830923947, 0.341104678454076, 0.5160381786887811, 0.2590361445783132, 0.3635581286183695, 0.3128618369582225, 0.2933333333333333, 0.4545098039215686, 0.7333333333333334, 0.4949019607843137, 0.5262745098039215, 0.5075887967454232, 0.3749022062275074, 0.5757314974182444, 0.278986074166797, 0.2827413550305117]",0.4247511409408126,0.21930895681573823,"[0.75, 0.3891957152510036, 0.9001408230323893, 0.7313660269241335, 0.3309677610525068, 0.7928900592495063, 0.2002871735760563, 0.1378208156195874, 0.1308059061774999, 0.1701416363348631, 0.3131666666666666, 0.5083634506599622, 0.2197660098522167, 0.3298593440769014, 0.3032191106107514, 0.2944444444444444, 0.4564417688780908, 0.7213627775153519, 0.4971514480139262, 0.5252969213939678, 0.5040840792838874, 0.3111556267806267, 0.5717034900084436, 0.2516331346249379, 0.2775143334925943]",0.4360467334847965,0.2127844742436977,"[0.7485857950974231, 0.3860779384035198, 0.9022627278441232, 0.7302011313639221, 0.3537083595223129, 0.7875549968573224, 0.197517284726587, 0.1574481458202388, 0.1258642363293526, 0.1970458830923947, 0.341104678454076, 0.5160381786887811, 0.2590361445783132, 0.3635581286183695, 0.3128618369582224, 0.2933333333333334, 0.4545098039215686, 0.7333333333333333, 0.4949019607843137, 0.5262745098039215, 0.5075887967454232, 0.3749022062275074, 0.5757314974182445, 0.2789860741667971, 0.2827413550305117]","{'finalestimator__estimator_name': ['SVC'], 'transfercomponentanalysisadapter__kernel': ['rbf'], 'transfercomponentanalysisadapter__mu': [10, 100], 'transfercomponentanalysisadapter__n_components': [1, 2, 5, 10, 20, 50, 100]}"
Simulated,covariate_shift,TSL,supervised,Subspace,0.88075,0.025953183009668247,"[0.85, 0.85, 0.88125, 0.8375, 0.8875, 0.875, 0.91875, 0.91875, 0.925, 0.86875, 0.8875, 0.86875, 0.875, 0.93125, 0.9125, 0.86875, 0.875, 0.85625, 0.88125, 0.84375, 0.875, 0.9125, 0.88125, 0.8625, 0.875]",0.8848478147083457,0.02518293214344884,"[0.8566939032055312, 0.8576367064739158, 0.8876492771841609, 0.8441231929604023, 0.893463230672533, 0.8818353236957888, 0.9225329981143936, 0.9215901948460088, 0.9302325581395348, 0.8760213702074168, 0.891566265060241, 0.8711469253637929, 0.8790486621811924, 0.9327961195431076, 0.914723830386481, 0.8733333333333333, 0.8792156862745097, 0.8592156862745097, 0.8850980392156862, 0.8482352941176471, 0.8767016116413706, 0.9142544202785168, 0.8827257080269129, 0.8646534188702863, 0.8767016116413706]",0.8805193328319945,0.026072761919467925,"[0.8496247654784241, 0.849366296354248, 0.8810411863545777, 0.8370934959349594, 0.8873769338959212, 0.8746873045653534, 0.9188357234965416, 0.91886119257087, 0.925, 0.8683137829912024, 0.8865454116907605, 0.8684677419354838, 0.8739393463230674, 0.9312312004375172, 0.912363195747342, 0.8685499785080693, 0.8748827941865918, 0.856300539083558, 0.8811989726161178, 0.8435118791762729, 0.8749218627910611, 0.9124453039537428, 0.8812175280284386, 0.8622850218886804, 0.8749218627910611]",0.8848478147083457,0.02518293214344882,"[0.8566939032055312, 0.8576367064739158, 0.8876492771841609, 0.8441231929604023, 0.8934632306725331, 0.8818353236957888, 0.9225329981143936, 0.9215901948460088, 0.9302325581395348, 0.8760213702074169, 0.891566265060241, 0.8711469253637929, 0.8790486621811923, 0.9327961195431074, 0.914723830386481, 0.8733333333333334, 0.8792156862745099, 0.8592156862745098, 0.8850980392156862, 0.8482352941176471, 0.8767016116413706, 0.9142544202785168, 0.8827257080269129, 0.8646534188702863, 0.8767016116413706]","{'finalestimator__estimator_name': ['SVC'], 'transfersubspacelearningadapter__base_method': ['flda'], 'transfersubspacelearningadapter__length_scale': [2], 'transfersubspacelearningadapter__max_iter': [300], 'transfersubspacelearningadapter__mu': [0.1, 1, 10], 'transfersubspacelearningadapter__n_components': [1, 2, 5, 10, 20, 50, 100], 'transfersubspacelearningadapter__reg': [0.0001], 'transfersubspacelearningadapter__tol': [0.0001]}"
Simulated,subspace,CORAL,supervised,Mapping,0.18666666666666665,0.028514534955066402,"[0.1625, 0.1666666666666666, 0.2083333333333333, 0.1583333333333333, 0.1791666666666666, 0.1875, 0.1583333333333333, 0.225, 0.2291666666666666, 0.2166666666666666, 0.1875, 0.1458333333333333, 0.1416666666666666, 0.15, 0.175, 0.2, 0.2125, 0.1583333333333333, 0.2, 0.1916666666666666, 0.1875, 0.1958333333333333, 0.2041666666666666, 0.2541666666666666, 0.1708333333333333]",0.18666666666666665,0.02851453495506639,"[0.1625, 0.1666666666666666, 0.2083333333333333, 0.1583333333333333, 0.1791666666666666, 0.1875, 0.1583333333333333, 0.225, 0.2291666666666666, 0.2166666666666666, 0.1875, 0.1458333333333333, 0.1416666666666667, 0.15, 0.175, 0.2, 0.2125, 0.1583333333333333, 0.1999999999999999, 0.1916666666666666, 0.1875, 0.1958333333333333, 0.2041666666666667, 0.2541666666666666, 0.1708333333333333]",0.16530344875705968,0.02340296197432424,"[0.1463608854913203, 0.1474850809889173, 0.1833225875779067, 0.1449735449735449, 0.1633487285661198, 0.1654630075429305, 0.1389599317988065, 0.1898366606170599, 0.2036017291169665, 0.1894222477723484, 0.1605531739340998, 0.1313405957026077, 0.126131221719457, 0.1382709096029287, 0.1560102301790281, 0.1721759126185685, 0.1911410688493018, 0.1467192340185863, 0.1771428571428571, 0.1730605285592497, 0.1654630075429305, 0.1716590067776605, 0.1777725960072465, 0.2217250312505661, 0.1506464405754832]",0.18666666666666665,0.028514534955066402,"[0.1625, 0.1666666666666666, 0.2083333333333333, 0.1583333333333333, 0.1791666666666666, 0.1875, 0.1583333333333333, 0.225, 0.2291666666666666, 0.2166666666666666, 0.1874999999999999, 0.1458333333333333, 0.1416666666666666, 0.15, 0.175, 0.2, 0.2125, 0.1583333333333333, 0.1999999999999999, 0.1916666666666666, 0.1875, 0.1958333333333333, 0.2041666666666667, 0.2541666666666666, 0.1708333333333333]","{'coraladapter__reg': ['auto'], 'finalestimator__estimator_name': ['SVC']}"
Simulated,subspace,DASVM,supervised,Other,0.1363333333333333,0.042534708049884254,"[0.1041666666666666, 0.2, 0.2166666666666666, 0.1291666666666666, 0.1, 0.1666666666666666, 0.1125, 0.1125, 0.1291666666666666, 0.2, 0.1125, 0.075, 0.1125, 0.1125, 0.0625, 0.1166666666666666, 0.1583333333333333, 0.175, 0.1291666666666666, 0.1291666666666666, 0.0958333333333333, 0.1583333333333333, 0.1875, 0.2083333333333333, 0.1041666666666666]",0.1363333333333333,0.04253470804988425,"[0.1041666666666666, 0.2, 0.2166666666666666, 0.1291666666666666, 0.0999999999999999, 0.1666666666666666, 0.1125, 0.1125, 0.1291666666666666, 0.1999999999999999, 0.1125, 0.075, 0.1125, 0.1124999999999999, 0.0625, 0.1166666666666666, 0.1583333333333333, 0.175, 0.1291666666666666, 0.1291666666666666, 0.0958333333333333, 0.1583333333333333, 0.1875, 0.2083333333333333, 0.1041666666666666]",0.12400813482281046,0.035255171401012135,"[0.0943396226415094, 0.1721759126185685, 0.1840277777777777, 0.1210947766816772, 0.0937062937062937, 0.1474850809889173, 0.1027643703378674, 0.1027643703378674, 0.1210947766816772, 0.1771428571428571, 0.1042736240822834, 0.0708705357142857, 0.1027643703378674, 0.108024637504144, 0.0597412547230589, 0.1077441077441077, 0.1467192340185863, 0.1581036071150166, 0.1196138657305836, 0.1210947766816772, 0.0888573977851257, 0.1449735449735449, 0.1654630075429305, 0.1857142857142857, 0.099649281987751]",0.1363333333333333,0.04253470804988428,"[0.1041666666666666, 0.2, 0.2166666666666667, 0.1291666666666666, 0.1, 0.1666666666666666, 0.1124999999999999, 0.1124999999999999, 0.1291666666666666, 0.1999999999999999, 0.1125, 0.0749999999999999, 0.1124999999999999, 0.1124999999999999, 0.0624999999999999, 0.1166666666666667, 0.1583333333333333, 0.175, 0.1291666666666666, 0.1291666666666666, 0.0958333333333333, 0.1583333333333333, 0.1875, 0.2083333333333333, 0.1041666666666666]","{'dasvmclassifier__base_estimator__estimator_name': ['SVC'], 'dasvmclassifier__max_iter': [200]}"
Simulated,subspace,JDOT,supervised,Other,0.14299999999999996,0.024137913929933724,"[0.15, 0.1208333333333333, 0.1583333333333333, 0.1458333333333333, 0.1291666666666666, 0.1541666666666666, 0.1541666666666666, 0.15, 0.1708333333333333, 0.1791666666666666, 0.125, 0.0875, 0.1125, 0.1083333333333333, 0.1083333333333333, 0.1458333333333333, 0.1791666666666666, 0.1625, 0.1666666666666666, 0.1708333333333333, 0.1208333333333333, 0.1541666666666666, 0.1416666666666666, 0.15, 0.1291666666666666]",0.14299999999999996,0.024137913929933724,"[0.15, 0.1208333333333333, 0.1583333333333333, 0.1458333333333333, 0.1291666666666666, 0.1541666666666666, 0.1541666666666666, 0.15, 0.1708333333333333, 0.1791666666666666, 0.125, 0.0875, 0.1125, 0.1083333333333333, 0.1083333333333333, 0.1458333333333333, 0.1791666666666666, 0.1625, 0.1666666666666666, 0.1708333333333333, 0.1208333333333333, 0.1541666666666666, 0.1416666666666666, 0.15, 0.1291666666666666]",0.14236052853955697,0.02400432494134806,"[0.1485217391304347, 0.1204515848892748, 0.1580994720755765, 0.145106079824851, 0.1290305776944314, 0.1537993920972644, 0.1534465083143646, 0.1497638232842456, 0.1707037557951763, 0.1788102475032566, 0.1247568769102528, 0.0873573995936865, 0.1124845917463845, 0.1077756931415468, 0.108085579327591, 0.1456998489347293, 0.1788102475032566, 0.1613206071037396, 0.1652173913043478, 0.1690878407766314, 0.1195952641735774, 0.1523860888324431, 0.1414281744929147, 0.1499409681227863, 0.1273334609161606]",0.14299999999999996,0.02413791392993372,"[0.15, 0.1208333333333333, 0.1583333333333333, 0.1458333333333333, 0.1291666666666667, 0.1541666666666666, 0.1541666666666666, 0.1499999999999999, 0.1708333333333333, 0.1791666666666666, 0.1249999999999999, 0.0875, 0.1125, 0.1083333333333333, 0.1083333333333333, 0.1458333333333333, 0.1791666666666666, 0.1624999999999999, 0.1666666666666666, 0.1708333333333333, 0.1208333333333333, 0.1541666666666666, 0.1416666666666666, 0.15, 0.1291666666666666]","{'jdotclassifier__alpha': [0.1, 0.3, 0.5, 0.7, 0.9], 'jdotclassifier__base_estimator__estimator_name': ['SVC'], 'jdotclassifier__n_iter_max': [100], 'jdotclassifier__thr_weights': [1e-07], 'jdotclassifier__tol': [1e-06]}"
Simulated,subspace,KLIEP,supervised,Reweighting,0.2043333333333333,0.03838613513197665,"[0.1666666666666666, 0.1666666666666666, 0.2208333333333333, 0.1541666666666666, 0.175, 0.275, 0.1583333333333333, 0.25, 0.2625, 0.2416666666666666, 0.1916666666666666, 0.1458333333333333, 0.1458333333333333, 0.1708333333333333, 0.1958333333333333, 0.1916666666666666, 0.225, 0.1791666666666666, 0.2208333333333333, 0.225, 0.2208333333333333, 0.2333333333333333, 0.2208333333333333, 0.2625, 0.2083333333333333]",0.2043333333333333,0.03838613513197665,"[0.1666666666666666, 0.1666666666666666, 0.2208333333333333, 0.1541666666666666, 0.175, 0.275, 0.1583333333333333, 0.25, 0.2625, 0.2416666666666666, 0.1916666666666666, 0.1458333333333333, 0.1458333333333333, 0.1708333333333333, 0.1958333333333333, 0.1916666666666666, 0.225, 0.1791666666666666, 0.2208333333333333, 0.225, 0.2208333333333333, 0.2333333333333333, 0.2208333333333333, 0.2625, 0.2083333333333333]",0.17800638332420987,0.029811484720064056,"[0.1495996031464815, 0.1474850809889173, 0.1869417924237758, 0.1416339258972145, 0.1600678733031673, 0.2231564848575042, 0.1389599317988065, 0.2068155111633372, 0.2276223204058255, 0.2072595281306715, 0.1635527450416786, 0.1313405957026077, 0.1293730424165206, 0.15485480702872, 0.1716590067776605, 0.1661293788953363, 0.2005157962604771, 0.1633487285661198, 0.192442645074224, 0.1980454153492382, 0.1897600693253416, 0.2013888888888889, 0.192442645074224, 0.2276223204058255, 0.1781414461826833]",0.2043333333333333,0.03838613513197665,"[0.1666666666666666, 0.1666666666666666, 0.2208333333333333, 0.1541666666666666, 0.175, 0.275, 0.1583333333333333, 0.25, 0.2625, 0.2416666666666666, 0.1916666666666666, 0.1458333333333333, 0.1458333333333333, 0.1708333333333333, 0.1958333333333333, 0.1916666666666666, 0.225, 0.1791666666666666, 0.2208333333333333, 0.2249999999999999, 0.2208333333333333, 0.2333333333333333, 0.2208333333333333, 0.2625, 0.2083333333333333]","{'finalestimator__estimator_name': ['SVC'], 'kliepreweightadapter__cv': [5], 'kliepreweightadapter__gamma': [0.0001, 0.001, 0.01, 0.1, 1.0, 10.0, 100.0, 1000.0, 'auto', 'scale'], 'kliepreweightadapter__max_iter': [1000], 'kliepreweightadapter__n_centers': [100], 'kliepreweightadapter__random_state': [0], 'kliepreweightadapter__tol': [1e-06]}"
Simulated,subspace,KMM,supervised,Reweighting,0.20149999999999996,0.04812575155738309,"[0.15, 0.2291666666666666, 0.2083333333333333, 0.1125, 0.1416666666666666, 0.2166666666666666, 0.2666666666666666, 0.2416666666666666, 0.2458333333333333, 0.2291666666666666, 0.1416666666666666, 0.1583333333333333, 0.1583333333333333, 0.1708333333333333, 0.2041666666666666, 0.2416666666666666, 0.2, 0.1125, 0.2416666666666666, 0.1708333333333333, 0.225, 0.2166666666666666, 0.2083333333333333, 0.2583333333333333, 0.2875]",0.20149999999999996,0.04812575155738309,"[0.15, 0.2291666666666666, 0.2083333333333333, 0.1125, 0.1416666666666666, 0.2166666666666666, 0.2666666666666666, 0.2416666666666666, 0.2458333333333333, 0.2291666666666666, 0.1416666666666666, 0.1583333333333333, 0.1583333333333333, 0.1708333333333333, 0.2041666666666666, 0.2416666666666666, 0.2, 0.1125, 0.2416666666666666, 0.1708333333333333, 0.225, 0.2166666666666666, 0.2083333333333333, 0.2583333333333333, 0.2875]",0.17380846464805658,0.0361343505959289,"[0.1346153846153846, 0.1864406779661017, 0.1753472222222222, 0.106902636314401, 0.1314735436722647, 0.1867925888544445, 0.2105263157894737, 0.2012288786482334, 0.2157570724485927, 0.2010796221322537, 0.1314735436722647, 0.1410955991779462, 0.1366906474820144, 0.1528159645232816, 0.1695501730103806, 0.1946308724832214, 0.1666666666666666, 0.1042736240822834, 0.1980023501762632, 0.1567647733893607, 0.2005157962604771, 0.1840277777777777, 0.2003367003367003, 0.2349022136256179, 0.2233009708737864]",0.20149999999999998,0.0481257515573831,"[0.15, 0.2291666666666666, 0.2083333333333333, 0.1125, 0.1416666666666666, 0.2166666666666666, 0.2666666666666666, 0.2416666666666667, 0.2458333333333333, 0.2291666666666666, 0.1416666666666666, 0.1583333333333333, 0.1583333333333333, 0.1708333333333333, 0.2041666666666666, 0.2416666666666666, 0.2, 0.1125, 0.2416666666666666, 0.1708333333333333, 0.225, 0.2166666666666667, 0.2083333333333333, 0.2583333333333333, 0.2875]","{'finalestimator__estimator_name': ['SVC'], 'kmmreweightadapter__B': [1000.0], 'kmmreweightadapter__gamma': [0.0001, 0.001, 0.01, 0.1, 1.0, 10.0, 100.0, 1000.0, None], 'kmmreweightadapter__max_iter': [1000], 'kmmreweightadapter__smooth_weights': [False], 'kmmreweightadapter__tol': [1e-06]}"
Simulated,subspace,MMD-LS,supervised,Mapping,0.7709999999999999,0.1944152259793265,"[0.6916666666666667, 0.7458333333333333, 0.7583333333333333, 0.6833333333333333, 0.7875, 0.9666666666666668, 0.1416666666666666, 0.9791666666666666, 0.9458333333333332, 0.5833333333333334, 0.8208333333333333, 0.7208333333333333, 0.7041666666666667, 0.4416666666666666, 0.7708333333333334, 0.7416666666666667, 0.7, 0.7041666666666667, 0.9625, 0.7416666666666667, 0.9833333333333332, 0.7458333333333333, 0.9791666666666666, 0.9875, 0.9875]",0.7709999999999999,0.19441522597932653,"[0.6916666666666667, 0.7458333333333333, 0.7583333333333333, 0.6833333333333333, 0.7875, 0.9666666666666668, 0.1416666666666666, 0.9791666666666666, 0.9458333333333332, 0.5833333333333333, 0.8208333333333333, 0.7208333333333333, 0.7041666666666667, 0.4416666666666666, 0.7708333333333333, 0.7416666666666667, 0.7, 0.7041666666666667, 0.9625, 0.7416666666666667, 0.9833333333333334, 0.7458333333333333, 0.9791666666666666, 0.9875, 0.9875]",0.7566942051269233,0.20948509701607831,"[0.6711111111111111, 0.7294850237439715, 0.7444183313748531, 0.6664472240509107, 0.7774504990999836, 0.9666643516910898, 0.1240875912408759, 0.9791663049705724, 0.945809813287017, 0.582608695652174, 0.8148912127136733, 0.702876993292559, 0.6837357783180831, 0.3063583815028902, 0.7581310123683006, 0.7326818051164127, 0.684002633311389, 0.6837357783180831, 0.9624941397093296, 0.7309027777777779, 0.9833287024173384, 0.7328028325819934, 0.9791663049705724, 0.9874997829823436, 0.9874980465697764]",0.7710000000000001,0.19441522597932656,"[0.6916666666666667, 0.7458333333333333, 0.7583333333333333, 0.6833333333333332, 0.7875, 0.9666666666666668, 0.1416666666666666, 0.9791666666666669, 0.9458333333333334, 0.5833333333333333, 0.8208333333333333, 0.7208333333333334, 0.7041666666666667, 0.4416666666666666, 0.7708333333333333, 0.7416666666666668, 0.7000000000000001, 0.7041666666666667, 0.9625, 0.7416666666666666, 0.9833333333333334, 0.7458333333333333, 0.9791666666666669, 0.9875, 0.9875]","{'finalestimator__estimator_name': ['SVC'], 'mmdlsconsmappingadapter__gamma': [0.1, 1, 10], 'mmdlsconsmappingadapter__max_iter': [100], 'mmdlsconsmappingadapter__reg_k': [1e-10, 1e-08], 'mmdlsconsmappingadapter__reg_m': [1e-10, 1e-08], 'mmdlsconsmappingadapter__tol': [1e-05]}"
Simulated,subspace,Train Src,supervised,NO DA,0.18966666666666665,0.03270059179439576,"[0.1666666666666666, 0.1583333333333333, 0.2125, 0.15, 0.1791666666666666, 0.2083333333333333, 0.1583333333333333, 0.2375, 0.2416666666666666, 0.2333333333333333, 0.1833333333333333, 0.1416666666666666, 0.1416666666666666, 0.15, 0.175, 0.2, 0.2166666666666666, 0.1583333333333333, 0.2083333333333333, 0.1875, 0.1875, 0.2041666666666666, 0.2125, 0.2541666666666666, 0.175]",0.18966666666666665,0.03270059179439575,"[0.1666666666666666, 0.1583333333333333, 0.2125, 0.15, 0.1791666666666666, 0.2083333333333333, 0.1583333333333333, 0.2375, 0.2416666666666666, 0.2333333333333333, 0.1833333333333333, 0.1416666666666666, 0.1416666666666667, 0.15, 0.175, 0.2, 0.2166666666666666, 0.1583333333333333, 0.2083333333333333, 0.1875, 0.1875, 0.2041666666666667, 0.2125, 0.2541666666666666, 0.175]",0.16730773004612762,0.0261212594575898,"[0.1515837104072398, 0.1410955991779462, 0.1838056680161943, 0.1382709096029287, 0.165239499284945, 0.1807990801954584, 0.1389599317988065, 0.1984084977459801, 0.2127460168697282, 0.2013888888888889, 0.1575327745540511, 0.128042328042328, 0.126131221719457, 0.1382709096029287, 0.1560102301790281, 0.1721759126185685, 0.1919191919191919, 0.1467192340185863, 0.1833225875779067, 0.1677188739307499, 0.1654630075429305, 0.1777725960072465, 0.1838056680161943, 0.2217250312505661, 0.1537858821853408]",0.18966666666666665,0.03270059179439576,"[0.1666666666666666, 0.1583333333333333, 0.2125, 0.15, 0.1791666666666667, 0.2083333333333333, 0.1583333333333333, 0.2375, 0.2416666666666667, 0.2333333333333333, 0.1833333333333333, 0.1416666666666667, 0.1416666666666666, 0.15, 0.175, 0.2, 0.2166666666666666, 0.1583333333333333, 0.2083333333333333, 0.1875, 0.1875, 0.2041666666666667, 0.2125, 0.2541666666666666, 0.175]",{'finalestimator__estimator_name': ['SVC']}
Simulated,subspace,NO_DA_SOURCE_ONLY_BASE_ESTIM,supervised,Unknown,0.18966666666666665,0.03270059179439576,"[0.1666666666666666, 0.1583333333333333, 0.2125, 0.15, 0.1791666666666666, 0.2083333333333333, 0.1583333333333333, 0.2375, 0.2416666666666666, 0.2333333333333333, 0.1833333333333333, 0.1416666666666666, 0.1416666666666666, 0.15, 0.175, 0.2, 0.2166666666666666, 0.1583333333333333, 0.2083333333333333, 0.1875, 0.1875, 0.2041666666666666, 0.2125, 0.2541666666666666, 0.175]",0.18966666666666665,0.03270059179439575,"[0.1666666666666666, 0.1583333333333333, 0.2125, 0.15, 0.1791666666666666, 0.2083333333333333, 0.1583333333333333, 0.2375, 0.2416666666666666, 0.2333333333333333, 0.1833333333333333, 0.1416666666666666, 0.1416666666666667, 0.15, 0.175, 0.2, 0.2166666666666666, 0.1583333333333333, 0.2083333333333333, 0.1875, 0.1875, 0.2041666666666667, 0.2125, 0.2541666666666666, 0.175]",0.16730773004612762,0.0261212594575898,"[0.1515837104072398, 0.1410955991779462, 0.1838056680161943, 0.1382709096029287, 0.165239499284945, 0.1807990801954584, 0.1389599317988065, 0.1984084977459801, 0.2127460168697282, 0.2013888888888889, 0.1575327745540511, 0.128042328042328, 0.126131221719457, 0.1382709096029287, 0.1560102301790281, 0.1721759126185685, 0.1919191919191919, 0.1467192340185863, 0.1833225875779067, 0.1677188739307499, 0.1654630075429305, 0.1777725960072465, 0.1838056680161943, 0.2217250312505661, 0.1537858821853408]",0.18966666666666665,0.03270059179439576,"[0.1666666666666666, 0.1583333333333333, 0.2125, 0.15, 0.1791666666666667, 0.2083333333333333, 0.1583333333333333, 0.2375, 0.2416666666666667, 0.2333333333333333, 0.1833333333333333, 0.1416666666666667, 0.1416666666666666, 0.15, 0.175, 0.2, 0.2166666666666666, 0.1583333333333333, 0.2083333333333333, 0.1875, 0.1875, 0.2041666666666667, 0.2125, 0.2541666666666666, 0.175]",{'finalestimator__estimator_name': ['SVC']}
Simulated,subspace,Train Tgt,supervised,NO DA,0.9846666666666667,0.008395600699837451,"[0.9916666666666668, 0.9833333333333332, 0.9833333333333332, 0.9875, 0.9875, 0.9958333333333332, 0.9791666666666666, 0.9833333333333332, 0.9666666666666668, 0.9791666666666666, 0.9791666666666666, 0.9958333333333332, 0.9958333333333332, 0.9625, 0.9958333333333332, 0.9916666666666668, 0.9833333333333332, 0.9916666666666668, 0.9791666666666666, 0.9791666666666666, 0.9875, 0.9875, 0.9791666666666666, 0.9875, 0.9833333333333332]",0.9846666666666667,0.008395600699837425,"[0.9916666666666668, 0.9833333333333334, 0.9833333333333334, 0.9875, 0.9875, 0.9958333333333332, 0.9791666666666669, 0.9833333333333334, 0.9666666666666668, 0.9791666666666669, 0.9791666666666666, 0.9958333333333332, 0.9958333333333332, 0.9625, 0.9958333333333332, 0.9916666666666668, 0.9833333333333334, 0.9916666666666668, 0.9791666666666669, 0.9791666666666669, 0.9875, 0.9875, 0.9791666666666666, 0.9875, 0.9833333333333334]",0.9846641600001927,0.008398578186465482,"[0.9916660879227724, 0.9833321758455448, 0.9833321758455448, 0.9874980465697764, 0.9874997829823436, 0.9958332609941144, 0.9791634109496276, 0.9833321758455448, 0.966645820304357, 0.9791634109496276, 0.9791663049705724, 0.9958332609941144, 0.9958332609941144, 0.9624941397093296, 0.9958332609941144, 0.9916666666666668, 0.9833287024173384, 0.9916666666666668, 0.9791634109496276, 0.9791576204950064, 0.9874980465697764, 0.9874980465697764, 0.9791663049705724, 0.9874997829823436, 0.9833321758455448]",0.9846666666666667,0.008395600699837405,"[0.9916666666666666, 0.9833333333333334, 0.9833333333333334, 0.9875, 0.9875, 0.9958333333333332, 0.9791666666666669, 0.9833333333333334, 0.9666666666666668, 0.9791666666666669, 0.9791666666666669, 0.9958333333333332, 0.9958333333333332, 0.9625, 0.9958333333333332, 0.9916666666666668, 0.9833333333333334, 0.9916666666666668, 0.9791666666666669, 0.9791666666666669, 0.9875, 0.9875, 0.9791666666666669, 0.9875, 0.9833333333333334]",{'finalestimator__estimator_name': ['SVC']}
Simulated,subspace,OTLabelProp,supervised,Other,0.14299999999999996,0.024137913929933724,"[0.15, 0.1208333333333333, 0.1583333333333333, 0.1458333333333333, 0.1291666666666666, 0.1541666666666666, 0.1541666666666666, 0.15, 0.1708333333333333, 0.1791666666666666, 0.125, 0.0875, 0.1125, 0.1083333333333333, 0.1083333333333333, 0.1458333333333333, 0.1791666666666666, 0.1625, 0.1666666666666666, 0.1708333333333333, 0.1208333333333333, 0.1541666666666666, 0.1416666666666666, 0.15, 0.1291666666666666]",0.14299999999999996,0.024137913929933724,"[0.15, 0.1208333333333333, 0.1583333333333333, 0.1458333333333333, 0.1291666666666666, 0.1541666666666666, 0.1541666666666666, 0.15, 0.1708333333333333, 0.1791666666666666, 0.125, 0.0875, 0.1125, 0.1083333333333333, 0.1083333333333333, 0.1458333333333333, 0.1791666666666666, 0.1625, 0.1666666666666666, 0.1708333333333333, 0.1208333333333333, 0.1541666666666666, 0.1416666666666666, 0.15, 0.1291666666666666]",0.1423091250908447,0.02396337265736395,"[0.1485217391304347, 0.1204515848892748, 0.1580994720755765, 0.145106079824851, 0.1290305776944314, 0.1537993920972644, 0.1534465083143646, 0.1497638232842456, 0.1707037557951763, 0.1788102475032566, 0.1247568769102528, 0.0873573995936865, 0.1124845917463845, 0.1077756931415468, 0.108085579327591, 0.1456998489347293, 0.1788102475032566, 0.1600355208859326, 0.1652173913043478, 0.1690878407766314, 0.1195952641735774, 0.1523860888324431, 0.1414281744929147, 0.1499409681227863, 0.1273334609161606]",0.14299999999999996,0.024137913929933724,"[0.15, 0.1208333333333333, 0.1583333333333333, 0.1458333333333333, 0.1291666666666667, 0.1541666666666666, 0.1541666666666666, 0.1499999999999999, 0.1708333333333333, 0.1791666666666666, 0.1249999999999999, 0.0875, 0.1125, 0.1083333333333333, 0.1083333333333333, 0.1458333333333333, 0.1791666666666666, 0.1625, 0.1666666666666666, 0.1708333333333333, 0.1208333333333333, 0.1541666666666666, 0.1416666666666666, 0.15, 0.1291666666666666]","{'finalestimator__estimator_name': ['SVC'], 'otlabelpropadapter__metric': ['sqeuclidean', 'cosine', 'cityblock'], 'otlabelpropadapter__reg': [None, 0.1, 1.0]}"
Simulated,subspace,JPCA,supervised,Subspace,0.1898333333333333,0.04430990922531386,"[0.1625, 0.1625, 0.2125, 0.15, 0.1791666666666666, 0.2041666666666666, 0.1583333333333333, 0.2375, 0.2416666666666666, 0.2291666666666666, 0.1833333333333333, 0.0625, 0.1375, 0.1625, 0.175, 0.1958333333333333, 0.2083333333333333, 0.1583333333333333, 0.2666666666666666, 0.2458333333333333, 0.1875, 0.2083333333333333, 0.2, 0.2541666666666666, 0.1625]",0.1898333333333333,0.044309909225313866,"[0.1625, 0.1625, 0.2125, 0.15, 0.1791666666666666, 0.2041666666666667, 0.1583333333333333, 0.2375, 0.2416666666666666, 0.2291666666666666, 0.1833333333333333, 0.0625, 0.1375, 0.1625, 0.175, 0.1958333333333333, 0.2083333333333333, 0.1583333333333333, 0.2666666666666666, 0.2458333333333333, 0.1875, 0.2083333333333333, 0.2, 0.2541666666666666, 0.1625]",0.16537665100103857,0.03419668947531163,"[0.1463608854913203, 0.1443015521064301, 0.1838056680161943, 0.1382709096029287, 0.165239499284945, 0.1777725960072465, 0.1389599317988065, 0.1984084977459801, 0.2127460168697282, 0.198425737033092, 0.1575327745540511, 0.0597412547230589, 0.1228658698070234, 0.1482900474937763, 0.1560102301790281, 0.1691628849706731, 0.1724137931034483, 0.1467192340185863, 0.2105263157894737, 0.197324414715719, 0.1654630075429305, 0.1833225875779067, 0.1747259832366215, 0.2217250312505661, 0.1443015521064301]",0.1898333333333333,0.04430990922531389,"[0.1625, 0.1625, 0.2125, 0.15, 0.1791666666666667, 0.2041666666666667, 0.1583333333333333, 0.2375, 0.2416666666666667, 0.2291666666666666, 0.1833333333333333, 0.0624999999999999, 0.1374999999999999, 0.1625, 0.175, 0.1958333333333333, 0.2083333333333333, 0.1583333333333333, 0.2666666666666666, 0.2458333333333333, 0.1875, 0.2083333333333333, 0.2, 0.2541666666666666, 0.1625]","{'finalestimator__estimator_name': ['SVC'], 'pca__n_components': [1, 2, 5, 10, 20, 50, 100]}"
Simulated,subspace,MMDTarS,supervised,Reweighting,0.2673333333333333,0.032757173373284314,"[0.2208333333333333, 0.2291666666666666, 0.2666666666666666, 0.2166666666666666, 0.2666666666666666, 0.2875, 0.2416666666666666, 0.2958333333333333, 0.2958333333333333, 0.3041666666666666, 0.2375, 0.2041666666666666, 0.2291666666666666, 0.2375, 0.25, 0.3083333333333333, 0.275, 0.2708333333333333, 0.3083333333333333, 0.2916666666666667, 0.2916666666666667, 0.3083333333333333, 0.2583333333333333, 0.2833333333333333, 0.3041666666666666]",0.2673333333333333,0.03275717337328431,"[0.2208333333333333, 0.2291666666666666, 0.2666666666666666, 0.2166666666666666, 0.2666666666666666, 0.2875, 0.2416666666666666, 0.2958333333333333, 0.2958333333333333, 0.3041666666666667, 0.2375, 0.2041666666666667, 0.2291666666666666, 0.2375, 0.25, 0.3083333333333333, 0.275, 0.2708333333333333, 0.3083333333333333, 0.2916666666666666, 0.2916666666666666, 0.3083333333333333, 0.2583333333333333, 0.2833333333333333, 0.3041666666666666]",0.21373180585925616,0.02071963731084687,"[0.1808873720136518, 0.1927125947744504, 0.2142272490512687, 0.1840277777777777, 0.2211815030606977, 0.2233009708737864, 0.1980023501762632, 0.2282958199356913, 0.2323851700448532, 0.24146936921592, 0.1919191919191919, 0.1724287339098409, 0.1864406779661017, 0.2014400261822942, 0.2, 0.2356687898089172, 0.2156862745098039, 0.2168708396263355, 0.2399267399267399, 0.2298399275143461, 0.2298399275143461, 0.2399267399267399, 0.2088888888888889, 0.2247013748027946, 0.2332268370607028]",0.2673333333333333,0.03275717337328431,"[0.2208333333333333, 0.2291666666666666, 0.2666666666666666, 0.2166666666666667, 0.2666666666666666, 0.2875, 0.2416666666666666, 0.2958333333333333, 0.2958333333333333, 0.3041666666666667, 0.2375, 0.2041666666666666, 0.2291666666666666, 0.2375, 0.25, 0.3083333333333333, 0.275, 0.2708333333333333, 0.3083333333333333, 0.2916666666666666, 0.2916666666666666, 0.3083333333333333, 0.2583333333333333, 0.2833333333333333, 0.3041666666666666]","{'finalestimator__estimator_name': ['SVC'], 'mmdtarsreweightadapter__gamma': [0.0001, 0.001, 0.01, 0.1, 1.0, 10.0, 100.0, 1000.0, None], 'mmdtarsreweightadapter__max_iter': [1000], 'mmdtarsreweightadapter__reg': [1e-06], 'mmdtarsreweightadapter__tol': [1e-06]}"
Simulated,subspace,ClassRegOT,supervised,Mapping,0.15166666666666662,0.026434536542603165,"[0.1666666666666666, 0.1166666666666666, 0.1916666666666666, 0.1375, 0.1458333333333333, 0.1666666666666666, 0.1625, 0.1666666666666666, 0.1291666666666666, 0.1833333333333333, 0.1416666666666666, 0.1083333333333333, 0.1083333333333333, 0.1041666666666666, 0.1208333333333333, 0.1708333333333333, 0.1833333333333333, 0.1708333333333333, 0.1791666666666666, 0.175, 0.1375, 0.175, 0.15, 0.1666666666666666, 0.1333333333333333]",0.15166666666666662,0.026434536542603165,"[0.1666666666666666, 0.1166666666666666, 0.1916666666666666, 0.1375, 0.1458333333333333, 0.1666666666666666, 0.1625, 0.1666666666666666, 0.1291666666666666, 0.1833333333333333, 0.1416666666666666, 0.1083333333333333, 0.1083333333333333, 0.1041666666666666, 0.1208333333333333, 0.1708333333333333, 0.1833333333333333, 0.1708333333333333, 0.1791666666666666, 0.175, 0.1375, 0.175, 0.15, 0.1666666666666666, 0.1333333333333333]",0.1499571887552551,0.02653787006320266,"[0.1661455076089222, 0.1091813152181525, 0.1848168639260452, 0.1367656513353373, 0.1424836601307189, 0.1664351208669074, 0.1617869368038783, 0.1661455076089222, 0.1266040988316414, 0.1831064184495693, 0.1414281744929147, 0.1083333333333333, 0.1067826086956521, 0.1040266708339844, 0.1195952641735774, 0.1690878407766314, 0.1831064184495693, 0.1675816993464052, 0.1774387167487256, 0.1729323308270676, 0.1331507040533231, 0.1740823136818687, 0.1499409681227863, 0.1661455076089222, 0.1318260869565217]",0.15166666666666662,0.02643453654260317,"[0.1666666666666666, 0.1166666666666666, 0.1916666666666666, 0.1374999999999999, 0.1458333333333333, 0.1666666666666666, 0.1624999999999999, 0.1666666666666666, 0.1291666666666666, 0.1833333333333333, 0.1416666666666666, 0.1083333333333333, 0.1083333333333333, 0.1041666666666666, 0.1208333333333333, 0.1708333333333333, 0.1833333333333333, 0.1708333333333333, 0.1791666666666666, 0.175, 0.1374999999999999, 0.175, 0.15, 0.1666666666666666, 0.1333333333333333]","[{'classregularizerotmappingadapter__max_inner_iter': [1000], 'classregularizerotmappingadapter__max_iter': [10], 'classregularizerotmappingadapter__metric': ['sqeuclidean', 'cosine', 'cityblock'], 'classregularizerotmappingadapter__norm': ['lpl1'], 'classregularizerotmappingadapter__reg_cl': [0.1], 'classregularizerotmappingadapter__reg_e': [0.1], 'classregularizerotmappingadapter__tol': [1e-06], 'finalestimator__estimator_name': ['SVC']}, {'classregularizerotmappingadapter__max_inner_iter': [1000], 'classregularizerotmappingadapter__max_iter': [10], 'classregularizerotmappingadapter__metric': ['sqeuclidean', 'cosine', 'cityblock'], 'classregularizerotmappingadapter__norm': ['lpl1'], 'classregularizerotmappingadapter__reg_cl': [0.5], 'classregularizerotmappingadapter__reg_e': [0.5], 'classregularizerotmappingadapter__tol': [1e-06], 'finalestimator__estimator_name': ['SVC']}, {'classregularizerotmappingadapter__max_inner_iter': [1000], 'classregularizerotmappingadapter__max_iter': [10], 'classregularizerotmappingadapter__metric': ['sqeuclidean', 'cosine', 'cityblock'], 'classregularizerotmappingadapter__norm': ['lpl1'], 'classregularizerotmappingadapter__reg_cl': [1.0], 'classregularizerotmappingadapter__reg_e': [1.0], 'classregularizerotmappingadapter__tol': [1e-06], 'finalestimator__estimator_name': ['SVC']}]"
Simulated,subspace,Dens. RW,supervised,Reweighting,0.1996666666666666,0.0382623134380245,"[0.1625, 0.1666666666666666, 0.2166666666666666, 0.15, 0.1791666666666666, 0.2083333333333333, 0.1583333333333333, 0.2375, 0.2375, 0.2125, 0.2041666666666666, 0.1416666666666666, 0.1583333333333333, 0.1958333333333333, 0.175, 0.2041666666666666, 0.2166666666666666, 0.1583333333333333, 0.2125, 0.2041666666666666, 0.2041666666666666, 0.2583333333333333, 0.175, 0.2583333333333333, 0.2958333333333333]",0.19966666666666666,0.0382623134380245,"[0.1625, 0.1666666666666666, 0.2166666666666666, 0.15, 0.1791666666666666, 0.2083333333333333, 0.1583333333333333, 0.2375, 0.2375, 0.2125, 0.2041666666666666, 0.1416666666666666, 0.1583333333333333, 0.1958333333333333, 0.175, 0.2041666666666667, 0.2166666666666666, 0.1583333333333333, 0.2125, 0.2041666666666666, 0.2041666666666667, 0.2583333333333333, 0.175, 0.2583333333333333, 0.2958333333333333]",0.17421236300731227,0.02740119903889574,"[0.1463608854913203, 0.1474850809889173, 0.1867925888544445, 0.1382709096029287, 0.165239499284945, 0.1807990801954584, 0.1389599317988065, 0.1984084977459801, 0.2070914047408424, 0.1863823070438198, 0.1751686909581646, 0.128042328042328, 0.1389599317988065, 0.1762550906083832, 0.1560102301790281, 0.1777725960072465, 0.1919191919191919, 0.1467192340185863, 0.1863823070438198, 0.1825817150805114, 0.1777725960072465, 0.2088888888888889, 0.1600678733031673, 0.2246823956442831, 0.2282958199356913]",0.19966666666666666,0.03826231343802449,"[0.1625, 0.1666666666666666, 0.2166666666666666, 0.15, 0.1791666666666667, 0.2083333333333333, 0.1583333333333333, 0.2375, 0.2375, 0.2125, 0.2041666666666667, 0.1416666666666667, 0.1583333333333333, 0.1958333333333333, 0.175, 0.2041666666666667, 0.2166666666666666, 0.1583333333333333, 0.2125, 0.2041666666666666, 0.2041666666666667, 0.2583333333333333, 0.175, 0.2583333333333333, 0.2958333333333333]","{'densityreweightadapter__weight_estimator__bandwidth': [0.01, 0.1, 1.0, 10.0, 100.0, 'scott', 'silverman'], 'finalestimator__estimator_name': ['SVC']}"
Simulated,subspace,Disc. RW,supervised,Reweighting,0.2303333333333333,0.029154759474226518,"[0.2125, 0.2583333333333333, 0.275, 0.2291666666666666, 0.2666666666666666, 0.25, 0.1833333333333333, 0.2708333333333333, 0.2625, 0.2625, 0.2, 0.1791666666666666, 0.1875, 0.1833333333333333, 0.2208333333333333, 0.2208333333333333, 0.225, 0.2041666666666666, 0.2458333333333333, 0.2416666666666666, 0.225, 0.2333333333333333, 0.2333333333333333, 0.2583333333333333, 0.2291666666666666]",0.2303333333333333,0.029154759474226504,"[0.2125, 0.2583333333333333, 0.2749999999999999, 0.2291666666666666, 0.2666666666666666, 0.25, 0.1833333333333333, 0.2708333333333333, 0.2625, 0.2625, 0.2, 0.1791666666666666, 0.1875, 0.1833333333333333, 0.2208333333333333, 0.2208333333333333, 0.225, 0.2041666666666667, 0.2458333333333333, 0.2416666666666666, 0.225, 0.2333333333333333, 0.2333333333333333, 0.2583333333333333, 0.2291666666666666]",0.19295928999236,0.021745781963124555,"[0.1782459827170782, 0.2123312928682056, 0.2194976076555024, 0.198425737033092, 0.227561992538951, 0.2068155111633372, 0.1575327745540511, 0.2168708396263355, 0.2216216216216216, 0.2216216216216216, 0.1666666666666666, 0.1544913177989592, 0.1605531739340998, 0.1645353793691389, 0.1808873720136518, 0.1839851633666067, 0.1927083333333333, 0.1777725960072465, 0.2040311497938617, 0.2012288786482334, 0.1868259982512387, 0.1924511740179943, 0.1985480943738657, 0.2123312928682056, 0.1864406779661017]",0.23033333333333328,0.029154759474226497,"[0.2125, 0.2583333333333333, 0.2749999999999999, 0.2291666666666666, 0.2666666666666666, 0.25, 0.1833333333333333, 0.2708333333333333, 0.2624999999999999, 0.2624999999999999, 0.2, 0.1791666666666666, 0.1874999999999999, 0.1833333333333333, 0.2208333333333333, 0.2208333333333333, 0.225, 0.2041666666666667, 0.2458333333333333, 0.2416666666666667, 0.2249999999999999, 0.2333333333333333, 0.2333333333333333, 0.2583333333333333, 0.2291666666666666]","{'discriminatorreweightadapter__domain_classifier__estimator_name': ['LR', 'SVC', 'KNN', 'XGB'], 'finalestimator__estimator_name': ['SVC']}"
Simulated,subspace,EntOT,supervised,Mapping,0.474,0.03017311165038612,"[0.4875, 0.4791666666666667, 0.4916666666666666, 0.5041666666666667, 0.4958333333333333, 0.4875, 0.4583333333333333, 0.4125, 0.4958333333333333, 0.5125, 0.4416666666666666, 0.4625, 0.3958333333333333, 0.475, 0.4541666666666666, 0.4625, 0.4916666666666666, 0.5, 0.4833333333333333, 0.425, 0.4625, 0.5041666666666667, 0.4958333333333333, 0.5041666666666667, 0.4666666666666667]",0.474,0.030173111650386126,"[0.4875, 0.4791666666666667, 0.4916666666666666, 0.5041666666666667, 0.4958333333333333, 0.4875, 0.4583333333333333, 0.4125, 0.4958333333333333, 0.5125, 0.4416666666666666, 0.4625, 0.3958333333333333, 0.475, 0.4541666666666666, 0.4625, 0.4916666666666667, 0.5, 0.4833333333333333, 0.425, 0.4625, 0.5041666666666667, 0.4958333333333333, 0.5041666666666667, 0.4666666666666667]",0.3546939751326032,0.02514454010681439,"[0.3772020506761746, 0.3438176688029047, 0.3625914315569488, 0.3867954911433172, 0.3764895330112721, 0.3480421387398131, 0.338927027714213, 0.3138547010280013, 0.3764895330112721, 0.3798449612403101, 0.3243697478991596, 0.3352657004830918, 0.2943895861635475, 0.3647058823529411, 0.3366948669803161, 0.3352657004830918, 0.3741450068399453, 0.3999499958329861, 0.3638850889192886, 0.3356867779204107, 0.3352657004830918, 0.3692440204068111, 0.3586430795733121, 0.3811618383133626, 0.3546218487394958]",0.474,0.030173111650386126,"[0.4874999999999999, 0.4791666666666667, 0.4916666666666666, 0.5041666666666667, 0.4958333333333333, 0.4875, 0.4583333333333333, 0.4125, 0.4958333333333333, 0.5125, 0.4416666666666666, 0.4625, 0.3958333333333333, 0.475, 0.4541666666666666, 0.4625, 0.4916666666666667, 0.5, 0.4833333333333333, 0.425, 0.4625, 0.5041666666666667, 0.4958333333333333, 0.5041666666666667, 0.4666666666666667]","{'entropicotmappingadapter__max_iter': [1000], 'entropicotmappingadapter__metric': ['sqeuclidean', 'cosine', 'cityblock'], 'entropicotmappingadapter__norm': ['median'], 'entropicotmappingadapter__reg_e': [0.1, 0.5, 1.0], 'entropicotmappingadapter__tol': [1e-06], 'finalestimator__estimator_name': ['SVC']}"
Simulated,subspace,Gauss. RW,supervised,Reweighting,0.20666666666666664,0.03508834749072161,"[0.175, 0.1666666666666666, 0.2166666666666666, 0.175, 0.175, 0.2333333333333333, 0.1625, 0.25, 0.2666666666666666, 0.2541666666666666, 0.1875, 0.1458333333333333, 0.1541666666666666, 0.175, 0.1833333333333333, 0.2083333333333333, 0.2375, 0.2, 0.2458333333333333, 0.2125, 0.225, 0.2208333333333333, 0.2166666666666666, 0.2583333333333333, 0.2208333333333333]",0.20666666666666664,0.03508834749072161,"[0.175, 0.1666666666666666, 0.2166666666666666, 0.175, 0.175, 0.2333333333333333, 0.1625, 0.25, 0.2666666666666666, 0.2541666666666666, 0.1875, 0.1458333333333333, 0.1541666666666666, 0.175, 0.1833333333333333, 0.2083333333333333, 0.2375, 0.1999999999999999, 0.2458333333333333, 0.2125, 0.225, 0.2208333333333333, 0.2166666666666666, 0.2583333333333333, 0.2208333333333333]",0.17971123683718504,0.027742420530272958,"[0.1560102301790281, 0.1474850809889173, 0.1867925888544445, 0.1581036071150166, 0.1600678733031673, 0.1985480943738657, 0.1421102238978499, 0.2068155111633372, 0.2305450306033226, 0.2159296234783085, 0.1605531739340998, 0.1313405957026077, 0.1357871396895787, 0.1581036071150166, 0.162333499537004, 0.1781414461826833, 0.2070914047408424, 0.1771428571428571, 0.2101674575901379, 0.1888266957563618, 0.1927083333333333, 0.1897600693253416, 0.1867925888544445, 0.2246823956442831, 0.1869417924237758]",0.20666666666666664,0.03508834749072163,"[0.175, 0.1666666666666666, 0.2166666666666666, 0.175, 0.175, 0.2333333333333333, 0.1624999999999999, 0.25, 0.2666666666666667, 0.2541666666666666, 0.1874999999999999, 0.1458333333333333, 0.1541666666666666, 0.175, 0.1833333333333333, 0.2083333333333333, 0.2375, 0.1999999999999999, 0.2458333333333333, 0.2125, 0.225, 0.2208333333333333, 0.2166666666666666, 0.2583333333333333, 0.2208333333333333]","{'finalestimator__estimator_name': ['SVC'], 'gaussianreweightadapter__reg': ['auto', 1e-05, 0.01, 0.5]}"
Simulated,subspace,LinOT,supervised,Mapping,0.19049999999999997,0.029841401764314934,"[0.1625, 0.1666666666666666, 0.2166666666666666, 0.1625, 0.1916666666666666, 0.2041666666666666, 0.1583333333333333, 0.2333333333333333, 0.2416666666666666, 0.2291666666666666, 0.1875, 0.1458333333333333, 0.15, 0.1541666666666666, 0.1791666666666666, 0.1916666666666666, 0.2166666666666666, 0.1583333333333333, 0.2, 0.1875, 0.1875, 0.2041666666666666, 0.2, 0.2541666666666666, 0.1791666666666666]",0.19049999999999997,0.029841401764314938,"[0.1625, 0.1666666666666666, 0.2166666666666666, 0.1625, 0.1916666666666666, 0.2041666666666667, 0.1583333333333333, 0.2333333333333333, 0.2416666666666666, 0.2291666666666666, 0.1875, 0.1458333333333333, 0.15, 0.1541666666666666, 0.1791666666666666, 0.1916666666666666, 0.2166666666666666, 0.1583333333333333, 0.1999999999999999, 0.1875, 0.1875, 0.2041666666666667, 0.2, 0.2541666666666666, 0.1791666666666666]",0.1678793989413165,0.02413309463666754,"[0.1463608854913203, 0.1474850809889173, 0.1867925888544445, 0.1482900474937763, 0.1730605285592497, 0.1777725960072465, 0.1389599317988065, 0.1955698047216554, 0.2127460168697282, 0.198425737033092, 0.1605531739340998, 0.1313405957026077, 0.1325915952094111, 0.1416339258972145, 0.1591826572531166, 0.1661293788953363, 0.1919191919191919, 0.1467192340185863, 0.1771428571428571, 0.1677188739307499, 0.1654630075429305, 0.1777725960072465, 0.1747259832366215, 0.2217250312505661, 0.15690365377414]",0.19049999999999997,0.029841401764314945,"[0.1625, 0.1666666666666666, 0.2166666666666666, 0.1625, 0.1916666666666666, 0.2041666666666667, 0.1583333333333333, 0.2333333333333333, 0.2416666666666667, 0.2291666666666666, 0.1874999999999999, 0.1458333333333333, 0.15, 0.1541666666666666, 0.1791666666666666, 0.1916666666666666, 0.2166666666666666, 0.1583333333333333, 0.1999999999999999, 0.1875, 0.1875, 0.2041666666666667, 0.2, 0.2541666666666666, 0.1791666666666667]","{'finalestimator__estimator_name': ['SVC'], 'linearotmappingadapter__bias': [True, False], 'linearotmappingadapter__reg': [1e-08, 1e-06, 0.1, 1, 10]}"
Simulated,subspace,NN RW,supervised,Reweighting,0.14916666666666664,0.039856513478560396,"[0.1375, 0.1083333333333333, 0.1958333333333333, 0.0875, 0.0833333333333333, 0.1375, 0.1333333333333333, 0.1291666666666666, 0.125, 0.1708333333333333, 0.1583333333333333, 0.1166666666666666, 0.1, 0.1375, 0.1416666666666666, 0.2, 0.1583333333333333, 0.1375, 0.1208333333333333, 0.1625, 0.225, 0.2, 0.1708333333333333, 0.2375, 0.1541666666666666]",0.14916666666666664,0.03985651347856039,"[0.1375, 0.1083333333333333, 0.1958333333333333, 0.0875, 0.0833333333333333, 0.1375, 0.1333333333333333, 0.1291666666666666, 0.125, 0.1708333333333333, 0.1583333333333333, 0.1166666666666666, 0.1, 0.1375, 0.1416666666666666, 0.1999999999999999, 0.1583333333333333, 0.1375, 0.1208333333333333, 0.1625, 0.225, 0.1999999999999999, 0.1708333333333333, 0.2375, 0.1541666666666666]",0.13620580659397102,0.032846650055653015,"[0.129505352981374, 0.1020979020979021, 0.1691628849706731, 0.0848148212637774, 0.0817391304347826, 0.1264440576040512, 0.1195767195767195, 0.1162635000616642, 0.1200502828409805, 0.15485480702872, 0.1389599317988065, 0.1077441077441077, 0.0923734155052874, 0.1280386134269416, 0.128042328042328, 0.1771428571428571, 0.1512010645003151, 0.1280386134269416, 0.1152885270532329, 0.1500907345090646, 0.1927083333333333, 0.1771428571428571, 0.1567647733893607, 0.2122114401535398, 0.1448881088196577]",0.14916666666666661,0.03985651347856039,"[0.1374999999999999, 0.1083333333333333, 0.1958333333333333, 0.0875, 0.0833333333333333, 0.1375, 0.1333333333333333, 0.1291666666666666, 0.125, 0.1708333333333333, 0.1583333333333333, 0.1166666666666667, 0.0999999999999999, 0.1374999999999999, 0.1416666666666667, 0.1999999999999999, 0.1583333333333333, 0.1374999999999999, 0.1208333333333333, 0.1624999999999999, 0.225, 0.1999999999999999, 0.1708333333333333, 0.2375, 0.1541666666666667]","{'finalestimator__estimator_name': ['SVC'], 'nearestneighborreweightadapter__laplace_smoothing': [True, False], 'nearestneighborreweightadapter__n_neighbors': [1]}"
Simulated,subspace,MapOT,supervised,Mapping,0.14299999999999996,0.024137913929933724,"[0.15, 0.1208333333333333, 0.1583333333333333, 0.1458333333333333, 0.1291666666666666, 0.1541666666666666, 0.1541666666666666, 0.15, 0.1708333333333333, 0.1791666666666666, 0.125, 0.0875, 0.1125, 0.1083333333333333, 0.1083333333333333, 0.1458333333333333, 0.1791666666666666, 0.1625, 0.1666666666666666, 0.1708333333333333, 0.1208333333333333, 0.1541666666666666, 0.1416666666666666, 0.15, 0.1291666666666666]",0.14299999999999996,0.024137913929933724,"[0.15, 0.1208333333333333, 0.1583333333333333, 0.1458333333333333, 0.1291666666666666, 0.1541666666666666, 0.1541666666666666, 0.15, 0.1708333333333333, 0.1791666666666666, 0.125, 0.0875, 0.1125, 0.1083333333333333, 0.1083333333333333, 0.1458333333333333, 0.1791666666666666, 0.1625, 0.1666666666666666, 0.1708333333333333, 0.1208333333333333, 0.1541666666666666, 0.1416666666666666, 0.15, 0.1291666666666666]",0.14236052853955697,0.02400432494134806,"[0.1485217391304347, 0.1204515848892748, 0.1580994720755765, 0.145106079824851, 0.1290305776944314, 0.1537993920972644, 0.1534465083143646, 0.1497638232842456, 0.1707037557951763, 0.1788102475032566, 0.1247568769102528, 0.0873573995936865, 0.1124845917463845, 0.1077756931415468, 0.108085579327591, 0.1456998489347293, 0.1788102475032566, 0.1613206071037396, 0.1652173913043478, 0.1690878407766314, 0.1195952641735774, 0.1523860888324431, 0.1414281744929147, 0.1499409681227863, 0.1273334609161606]",0.14299999999999996,0.02413791392993372,"[0.15, 0.1208333333333333, 0.1583333333333333, 0.1458333333333333, 0.1291666666666667, 0.1541666666666666, 0.1541666666666666, 0.1499999999999999, 0.1708333333333333, 0.1791666666666666, 0.1249999999999999, 0.0875, 0.1125, 0.1083333333333333, 0.1083333333333333, 0.1458333333333333, 0.1791666666666666, 0.1624999999999999, 0.1666666666666666, 0.1708333333333333, 0.1208333333333333, 0.1541666666666666, 0.1416666666666666, 0.15, 0.1291666666666666]","{'finalestimator__estimator_name': ['SVC'], 'otmappingadapter__max_iter': [1000000], 'otmappingadapter__metric': ['sqeuclidean', 'cosine', 'cityblock'], 'otmappingadapter__norm': ['median']}"
Simulated,subspace,SA,supervised,Subspace,0.13349999999999995,0.05721244522731825,"[0.1, 0.0583333333333333, 0.0958333333333333, 0.1125, 0.0791666666666666, 0.2333333333333333, 0.2125, 0.2291666666666666, 0.1875, 0.1791666666666666, 0.0791666666666666, 0.0708333333333333, 0.0833333333333333, 0.1, 0.0791666666666666, 0.25, 0.0708333333333333, 0.1583333333333333, 0.1541666666666666, 0.1791666666666666, 0.1041666666666666, 0.1541666666666666, 0.1458333333333333, 0.1125, 0.1083333333333333]",0.13349999999999995,0.057212445227318255,"[0.0999999999999999, 0.0583333333333333, 0.0958333333333333, 0.1125, 0.0791666666666666, 0.2333333333333333, 0.2125, 0.2291666666666666, 0.1875, 0.1791666666666666, 0.0791666666666666, 0.0708333333333333, 0.0833333333333333, 0.0999999999999999, 0.0791666666666666, 0.25, 0.0708333333333333, 0.1583333333333333, 0.1541666666666666, 0.1791666666666666, 0.1041666666666666, 0.1541666666666666, 0.1458333333333333, 0.1124999999999999, 0.1083333333333333]",0.12685559606916266,0.05370984767414252,"[0.0937062937062937, 0.056695652173913, 0.0931726767773502, 0.105652653125492, 0.0755555555555555, 0.2268366132082078, 0.2064241851676901, 0.2232194405080565, 0.1785870996050899, 0.1715582344798584, 0.0764569657502046, 0.0688773291115016, 0.0792410714285714, 0.0969270434116089, 0.0764569657502046, 0.2263056092843327, 0.0706881283533885, 0.1410955991779462, 0.1416339258972145, 0.165239499284945, 0.1029051270015125, 0.1433243656696734, 0.1424836601307189, 0.1090196078431372, 0.0993265993265993]",0.13349999999999995,0.05721244522731825,"[0.0999999999999999, 0.0583333333333333, 0.0958333333333333, 0.1124999999999999, 0.0791666666666666, 0.2333333333333333, 0.2125, 0.2291666666666666, 0.1875, 0.1791666666666667, 0.0791666666666666, 0.0708333333333333, 0.0833333333333333, 0.1, 0.0791666666666666, 0.2499999999999999, 0.0708333333333333, 0.1583333333333333, 0.1541666666666667, 0.1791666666666667, 0.1041666666666666, 0.1541666666666667, 0.1458333333333333, 0.1125, 0.1083333333333333]","{'finalestimator__estimator_name': ['SVC'], 'subspacealignmentadapter__n_components': [1, 2, 5, 10, 20, 50, 100]}"
Simulated,subspace,TCA,supervised,Subspace,0.4996666666666667,0.16744142839943896,"[0.375, 0.7166666666666667, 0.4, 0.1708333333333333, 0.6291666666666667, 0.4333333333333333, 0.4666666666666667, 0.2958333333333333, 0.4708333333333333, 0.5791666666666667, 0.6458333333333334, 0.7041666666666667, 0.2708333333333333, 0.5958333333333333, 0.6708333333333333, 0.4541666666666666, 0.575, 0.4333333333333333, 0.4375, 0.8708333333333333, 0.475, 0.4958333333333333, 0.1916666666666666, 0.5, 0.6333333333333333]",0.4996666666666667,0.16744142839943896,"[0.375, 0.7166666666666667, 0.4, 0.1708333333333333, 0.6291666666666667, 0.4333333333333333, 0.4666666666666667, 0.2958333333333333, 0.4708333333333333, 0.5791666666666666, 0.6458333333333334, 0.7041666666666666, 0.2708333333333333, 0.5958333333333333, 0.6708333333333334, 0.4541666666666666, 0.575, 0.4333333333333333, 0.4375, 0.8708333333333333, 0.475, 0.4958333333333333, 0.1916666666666666, 0.5, 0.6333333333333333]",0.49170043072305203,0.17111785435358287,"[0.3722098214285714, 0.7127569698676429, 0.3476291150709755, 0.1708189378287817, 0.6291602284761889, 0.4285314097625884, 0.4648456553550275, 0.2853996722986663, 0.4707506381205396, 0.5789839339991316, 0.645827184499731, 0.6943552582016466, 0.2442645074224021, 0.5848713422136629, 0.6565155165854454, 0.454157190228997, 0.573934837092732, 0.4323478260869565, 0.4352941176470588, 0.8700186935481053, 0.4549780116790426, 0.4806774083942846, 0.175111615052087, 0.4957630086140486, 0.6333078686019863]",0.4996666666666666,0.16744142839943896,"[0.375, 0.7166666666666668, 0.4, 0.1708333333333333, 0.6291666666666667, 0.4333333333333333, 0.4666666666666667, 0.2958333333333333, 0.4708333333333333, 0.5791666666666666, 0.6458333333333333, 0.7041666666666666, 0.2708333333333333, 0.5958333333333333, 0.6708333333333334, 0.4541666666666667, 0.575, 0.4333333333333333, 0.4375, 0.8708333333333332, 0.475, 0.4958333333333333, 0.1916666666666666, 0.5, 0.6333333333333332]","{'finalestimator__estimator_name': ['SVC'], 'transfercomponentanalysisadapter__kernel': ['rbf'], 'transfercomponentanalysisadapter__mu': [10, 100], 'transfercomponentanalysisadapter__n_components': [1, 2, 5, 10, 20, 50, 100]}"
Simulated,subspace,TSL,supervised,Subspace,0.8621666666666666,0.02256420879442748,"[0.8583333333333333, 0.875, 0.9, 0.8541666666666666, 0.8416666666666667, 0.8708333333333333, 0.8583333333333333, 0.8625, 0.875, 0.8875, 0.8, 0.8416666666666667, 0.8208333333333333, 0.8791666666666667, 0.85, 0.875, 0.8416666666666667, 0.9, 0.8791666666666667, 0.875, 0.8583333333333333, 0.8666666666666667, 0.8541666666666666, 0.8541666666666666, 0.875]",0.8621666666666666,0.02256420879442747,"[0.8583333333333334, 0.875, 0.9, 0.8541666666666667, 0.8416666666666667, 0.8708333333333333, 0.8583333333333334, 0.8625, 0.875, 0.8875, 0.8, 0.8416666666666667, 0.8208333333333333, 0.8791666666666667, 0.85, 0.875, 0.8416666666666667, 0.9, 0.8791666666666667, 0.875, 0.8583333333333334, 0.8666666666666667, 0.8541666666666667, 0.8541666666666667, 0.875]",0.8620091339137173,0.022574415284950793,"[0.858323494687131, 0.874860956618465, 0.8999374609130707, 0.8538596704883523, 0.8409598214285715, 0.8708131478876908, 0.858323494687131, 0.8622105464604464, 0.87468671679198, 0.8872631743767289, 0.799986110146538, 0.841391304347826, 0.820755536257056, 0.8791141988710379, 0.85, 0.8749652681300362, 0.8412698412698413, 0.8999374609130707, 0.8788110950531942, 0.8745732004738346, 0.858323494687131, 0.8665832812174276, 0.8541438766473929, 0.8541438766473929, 0.8749913188415862]",0.8621666666666666,0.022564208794427474,"[0.8583333333333334, 0.8750000000000001, 0.9, 0.8541666666666667, 0.8416666666666667, 0.8708333333333333, 0.8583333333333334, 0.8624999999999999, 0.875, 0.8875000000000001, 0.7999999999999999, 0.8416666666666668, 0.8208333333333335, 0.8791666666666667, 0.85, 0.875, 0.8416666666666666, 0.9, 0.8791666666666667, 0.875, 0.8583333333333334, 0.8666666666666667, 0.8541666666666667, 0.8541666666666667, 0.875]","{'finalestimator__estimator_name': ['SVC'], 'transfersubspacelearningadapter__base_method': ['flda'], 'transfersubspacelearningadapter__length_scale': [2], 'transfersubspacelearningadapter__max_iter': [300], 'transfersubspacelearningadapter__mu': [0.1, 1, 10], 'transfersubspacelearningadapter__n_components': [1, 2, 5, 10, 20, 50, 100], 'transfersubspacelearningadapter__reg': [0.0001], 'transfersubspacelearningadapter__tol': [0.0001]}"
Simulated,target_shift,CORAL,supervised,Mapping,0.8384999999999999,0.03996580569687041,"[0.8, 0.85625, 0.85, 0.8375, 0.8375, 0.80625, 0.90625, 0.8, 0.79375, 0.80625, 0.8375, 0.8625, 0.81875, 0.81875, 0.7625, 0.825, 0.8, 0.85, 0.825, 0.83125, 0.9, 0.875, 0.91875, 0.9125, 0.83125]",0.8713888888888889,0.042896116828819955,"[0.8055555555555556, 0.8090277777777778, 0.8888888888888888, 0.7986111111111112, 0.8541666666666667, 0.8368055555555556, 0.9479166666666669, 0.8611111111111112, 0.8854166666666667, 0.8368055555555556, 0.9097222222222222, 0.8958333333333333, 0.8993055555555556, 0.8993055555555556, 0.8402777777777778, 0.875, 0.8611111111111112, 0.9166666666666669, 0.8194444444444444, 0.90625, 0.9166666666666669, 0.875, 0.8715277777777778, 0.9513888888888888, 0.8229166666666667]",0.8653631958017464,0.030390181012137182,"[0.8349039220847592, 0.8752396539630581, 0.8743525480367585, 0.8613333333333333, 0.8638819270398217, 0.8405610753945062, 0.9186345569324292, 0.8367591897974493, 0.8327601809954752, 0.8405610753945062, 0.8658594366938667, 0.8838117106773822, 0.8516868156212419, 0.8516868156212419, 0.8084033613445378, 0.8555409318241644, 0.8367591897974493, 0.8753246753246753, 0.853411306042885, 0.8611338398597311, 0.9126626467788004, 0.8921568627450981, 0.92502965599051, 0.9235798159314502, 0.8580453678185288]",0.8713888888888889,0.042896116828819976,"[0.8055555555555557, 0.8090277777777778, 0.8888888888888888, 0.798611111111111, 0.8541666666666666, 0.8368055555555556, 0.9479166666666669, 0.8611111111111112, 0.8854166666666667, 0.8368055555555556, 0.9097222222222222, 0.8958333333333333, 0.8993055555555556, 0.8993055555555556, 0.8402777777777777, 0.875, 0.8611111111111112, 0.9166666666666669, 0.8194444444444443, 0.90625, 0.9166666666666669, 0.875, 0.8715277777777778, 0.951388888888889, 0.8229166666666667]","{'coraladapter__reg': ['auto'], 'finalestimator__estimator_name': ['SVC']}"
Simulated,target_shift,DASVM,supervised,Other,0.8590000000000001,0.029705586595790392,"[0.8375, 0.85625, 0.875, 0.8625, 0.84375, 0.85625, 0.88125, 0.8375, 0.8625, 0.83125, 0.8625, 0.84375, 0.8625, 0.84375, 0.79375, 0.80625, 0.83125, 0.8625, 0.8625, 0.8625, 0.91875, 0.89375, 0.91875, 0.9, 0.86875]",0.8772222222222222,0.03723381608410806,"[0.8541666666666667, 0.8090277777777778, 0.9027777777777778, 0.8402777777777778, 0.8576388888888888, 0.8645833333333333, 0.9340277777777778, 0.8541666666666667, 0.8680555555555556, 0.8229166666666667, 0.9236111111111112, 0.8854166666666667, 0.9236111111111112, 0.9131944444444444, 0.8576388888888888, 0.8368055555555556, 0.8784722222222222, 0.9236111111111112, 0.8125, 0.8680555555555556, 0.9270833333333331, 0.8854166666666667, 0.8993055555555556, 0.9166666666666669, 0.8715277777777778]",0.8805909116769525,0.022784424433537318,"[0.8638819270398217, 0.8752396539630581, 0.8933333333333333, 0.8813725490196077, 0.868560525757897, 0.8779502879218601, 0.8991763248050149, 0.8638819270398217, 0.8826666666666666, 0.8580453678185288, 0.8848231690336952, 0.869639794168096, 0.8848231690336952, 0.8705890200787139, 0.8320548452844173, 0.8405610753945062, 0.8602361416850111, 0.8848231690336952, 0.8799111393208505, 0.8826666666666666, 0.9275291747124506, 0.9065858585858584, 0.9263571990558616, 0.9126626467788004, 0.8874011597258831]",0.8772222222222222,0.037233816084108064,"[0.8541666666666666, 0.8090277777777778, 0.9027777777777778, 0.8402777777777778, 0.8576388888888888, 0.8645833333333334, 0.9340277777777778, 0.8541666666666666, 0.8680555555555556, 0.8229166666666667, 0.9236111111111112, 0.8854166666666667, 0.9236111111111112, 0.9131944444444444, 0.8576388888888888, 0.8368055555555556, 0.8784722222222222, 0.9236111111111112, 0.8125, 0.8680555555555556, 0.9270833333333331, 0.8854166666666666, 0.8993055555555556, 0.9166666666666669, 0.8715277777777778]","{'dasvmclassifier__base_estimator__estimator_name': ['SVC'], 'dasvmclassifier__max_iter': [200]}"
Simulated,target_shift,JDOT,supervised,Other,0.574,0.036518402894978826,"[0.60625, 0.6625, 0.5875, 0.525, 0.6375, 0.54375, 0.58125, 0.58125, 0.49375, 0.575, 0.5875, 0.625, 0.5625, 0.59375, 0.51875, 0.56875, 0.5375, 0.5625, 0.56875, 0.55625, 0.58125, 0.55, 0.58125, 0.575, 0.5875]",0.7633333333333333,0.020288001608321587,"[0.78125, 0.8125, 0.7708333333333333, 0.7361111111111112, 0.7986111111111112, 0.7465277777777778, 0.7673611111111112, 0.7673611111111112, 0.71875, 0.7638888888888888, 0.7708333333333333, 0.7916666666666667, 0.7569444444444444, 0.7743055555555556, 0.7326388888888888, 0.7604166666666667, 0.7430555555555556, 0.7569444444444444, 0.7604166666666667, 0.7534722222222222, 0.7673611111111112, 0.75, 0.7673611111111112, 0.7638888888888888, 0.7708333333333333]",0.6522191354616913,0.033173897676018416,"[0.6816842105263158, 0.7295169946332737, 0.6650854936569223, 0.6069881201956674, 0.7085990338164251, 0.6248947951273534, 0.6594725535902006, 0.6594725535902006, 0.5761446710273181, 0.6538181818181819, 0.6650854936569223, 0.6979405034324941, 0.6423817233315344, 0.6706578521566271, 0.6009217792077917, 0.6481215244812153, 0.6189737259742549, 0.6423817233315344, 0.6481215244812153, 0.6365979150820993, 0.6594725535902006, 0.6307692307692307, 0.6594725535902006, 0.6538181818181819, 0.6650854936569223]",0.7633333333333333,0.020288001608321574,"[0.78125, 0.8125, 0.7708333333333334, 0.7361111111111112, 0.7986111111111112, 0.7465277777777778, 0.7673611111111112, 0.7673611111111112, 0.71875, 0.7638888888888888, 0.7708333333333334, 0.7916666666666666, 0.7569444444444444, 0.7743055555555556, 0.7326388888888888, 0.7604166666666666, 0.7430555555555556, 0.7569444444444444, 0.7604166666666666, 0.7534722222222222, 0.7673611111111112, 0.75, 0.7673611111111112, 0.7638888888888888, 0.7708333333333334]","{'jdotclassifier__alpha': [0.1, 0.3, 0.5, 0.7, 0.9], 'jdotclassifier__base_estimator__estimator_name': ['SVC'], 'jdotclassifier__n_iter_max': [100], 'jdotclassifier__thr_weights': [1e-07], 'jdotclassifier__tol': [1e-06]}"
Simulated,target_shift,KLIEP,supervised,Reweighting,0.87775,0.04034680388002661,"[0.79375, 0.8875, 0.9, 0.85625, 0.8375, 0.86875, 0.925, 0.875, 0.85, 0.8375, 0.91875, 0.89375, 0.875, 0.8625, 0.80625, 0.88125, 0.81875, 0.89375, 0.88125, 0.85625, 0.94375, 0.90625, 0.95, 0.9, 0.925]",0.8631944444444444,0.03976667255233677,"[0.8298611111111112, 0.8263888888888888, 0.8333333333333333, 0.8368055555555556, 0.8819444444444444, 0.8715277777777778, 0.9305555555555556, 0.8472222222222222, 0.8888888888888888, 0.8263888888888888, 0.8715277777777778, 0.8854166666666667, 0.875, 0.8958333333333333, 0.8368055555555556, 0.8506944444444444, 0.84375, 0.9131944444444444, 0.8229166666666667, 0.8923611111111112, 0.8854166666666667, 0.8923611111111112, 0.8333333333333333, 0.9444444444444444, 0.7638888888888888]",0.893997313118303,0.03031304383511081,"[0.8312298246724475, 0.898869475847893, 0.9085714285714286, 0.8766774606521576, 0.864935064935065, 0.8874011597258831, 0.932579650565262, 0.8908283084735004, 0.8743525480367585, 0.8626865671641791, 0.92502965599051, 0.9065858585858584, 0.8921568627450981, 0.8838117106773822, 0.8405610753945062, 0.8955959595959596, 0.849883263291308, 0.9077858311900864, 0.8940811015028125, 0.8790756836972651, 0.9458646616541356, 0.9163798169759044, 0.9485057471264368, 0.9137254901960784, 0.9227586206896552]",0.8631944444444444,0.03976667255233675,"[0.8298611111111112, 0.826388888888889, 0.8333333333333333, 0.8368055555555557, 0.8819444444444444, 0.8715277777777778, 0.9305555555555556, 0.8472222222222222, 0.8888888888888888, 0.826388888888889, 0.8715277777777778, 0.8854166666666666, 0.875, 0.8958333333333333, 0.8368055555555556, 0.8506944444444443, 0.84375, 0.9131944444444444, 0.8229166666666667, 0.8923611111111112, 0.8854166666666667, 0.8923611111111112, 0.8333333333333334, 0.9444444444444444, 0.763888888888889]","{'finalestimator__estimator_name': ['SVC'], 'kliepreweightadapter__cv': [5], 'kliepreweightadapter__gamma': [0.0001, 0.001, 0.01, 0.1, 1.0, 10.0, 100.0, 1000.0, 'auto', 'scale'], 'kliepreweightadapter__max_iter': [1000], 'kliepreweightadapter__n_centers': [100], 'kliepreweightadapter__random_state': [0], 'kliepreweightadapter__tol': [1e-06]}"
Simulated,target_shift,KMM,supervised,Reweighting,0.8702500000000001,0.035044614422190465,"[0.78125, 0.85625, 0.85, 0.85, 0.85625, 0.8375, 0.90625, 0.875, 0.85, 0.84375, 0.91875, 0.94375, 0.88125, 0.85, 0.825, 0.8875, 0.83125, 0.89375, 0.88125, 0.85625, 0.90625, 0.89375, 0.89375, 0.88125, 0.90625]",0.87125,0.0349805207404881,"[0.8229166666666667, 0.8368055555555556, 0.8888888888888888, 0.8333333333333333, 0.9201388888888888, 0.8541666666666667, 0.9201388888888888, 0.8472222222222222, 0.8888888888888888, 0.8298611111111112, 0.9270833333333331, 0.8576388888888888, 0.90625, 0.8888888888888888, 0.875, 0.9097222222222222, 0.8506944444444444, 0.9131944444444444, 0.8229166666666667, 0.8645833333333333, 0.8645833333333333, 0.8854166666666667, 0.8576388888888888, 0.90625, 0.8090277777777778]",0.888707877544192,0.026449329815770188,"[0.8218763510592305, 0.8766774606521576, 0.8743525480367585, 0.8719999999999999, 0.8800686106346485, 0.8638819270398217, 0.9175757575757576, 0.8908283084735004, 0.8743525480367585, 0.8673372694802829, 0.9275291747124506, 0.9445042762115932, 0.8981248587996082, 0.8743525480367585, 0.8555409318241644, 0.9029411764705882, 0.8592109777015438, 0.9077858311900864, 0.8940811015028125, 0.8779502879218601, 0.915027537372148, 0.9065858585858584, 0.9052304592393584, 0.8981248587996082, 0.9117562792474454]",0.87125,0.03498052074048811,"[0.8229166666666666, 0.8368055555555557, 0.8888888888888888, 0.8333333333333333, 0.9201388888888888, 0.8541666666666666, 0.9201388888888888, 0.8472222222222222, 0.8888888888888888, 0.829861111111111, 0.9270833333333331, 0.857638888888889, 0.90625, 0.8888888888888888, 0.875, 0.9097222222222222, 0.8506944444444444, 0.9131944444444444, 0.8229166666666667, 0.8645833333333334, 0.8645833333333333, 0.8854166666666666, 0.857638888888889, 0.90625, 0.8090277777777778]","{'finalestimator__estimator_name': ['SVC'], 'kmmreweightadapter__B': [1000.0], 'kmmreweightadapter__gamma': [0.0001, 0.001, 0.01, 0.1, 1.0, 10.0, 100.0, 1000.0, None], 'kmmreweightadapter__max_iter': [1000], 'kmmreweightadapter__smooth_weights': [False], 'kmmreweightadapter__tol': [1e-06]}"
Simulated,target_shift,MMD-LS,supervised,Mapping,0.789,0.05401461029203116,"[0.76875, 0.7875, 0.8375, 0.6875, 0.8125, 0.78125, 0.8125, 0.7, 0.6875, 0.78125, 0.775, 0.7625, 0.775, 0.78125, 0.73125, 0.83125, 0.76875, 0.75625, 0.78125, 0.8, 0.88125, 0.85, 0.85, 0.825, 0.9]",0.8616666666666667,0.03267519159203404,"[0.8159722222222222, 0.8541666666666667, 0.8819444444444444, 0.7986111111111112, 0.8402777777777778, 0.8784722222222222, 0.8958333333333333, 0.8333333333333333, 0.8263888888888888, 0.8506944444444444, 0.875, 0.8402777777777778, 0.875, 0.8784722222222222, 0.8229166666666667, 0.90625, 0.8715277777777778, 0.8645833333333333, 0.7951388888888888, 0.8888888888888888, 0.90625, 0.8888888888888888, 0.8888888888888888, 0.9027777777777778, 0.8611111111111112]",0.8282649964664851,0.0410150315095334,"[0.8124886877828054, 0.82734375, 0.864935064935065, 0.75, 0.8452224269544617, 0.8232552651760958, 0.8469617404351087, 0.76, 0.7499487599918016, 0.8226244343891403, 0.8184873949579832, 0.8084033613445378, 0.8184873949579832, 0.8232552651760958, 0.7844157284676391, 0.8611338398597311, 0.8137074888850396, 0.8041065671135245, 0.8210013291980506, 0.8375, 0.8981248587996082, 0.8743525480367585, 0.8743525480367585, 0.8564102564102564, 0.9101062007536826]",0.8616666666666667,0.03267519159203404,"[0.8159722222222222, 0.8541666666666667, 0.8819444444444444, 0.7986111111111112, 0.8402777777777778, 0.8784722222222222, 0.8958333333333333, 0.8333333333333334, 0.8263888888888888, 0.8506944444444444, 0.875, 0.8402777777777777, 0.875, 0.8784722222222222, 0.8229166666666666, 0.90625, 0.8715277777777778, 0.8645833333333334, 0.795138888888889, 0.8888888888888888, 0.90625, 0.8888888888888888, 0.8888888888888888, 0.9027777777777778, 0.861111111111111]","{'finalestimator__estimator_name': ['SVC'], 'mmdlsconsmappingadapter__gamma': [0.1, 1, 10], 'mmdlsconsmappingadapter__max_iter': [100], 'mmdlsconsmappingadapter__reg_k': [1e-10, 1e-08], 'mmdlsconsmappingadapter__reg_m': [1e-10, 1e-08], 'mmdlsconsmappingadapter__tol': [1e-05]}"
Simulated,target_shift,Train Src,supervised,NO DA,0.8504999999999999,0.04062179474534988,"[0.79375, 0.85625, 0.88125, 0.85625, 0.8375, 0.85, 0.90625, 0.825, 0.84375, 0.8375, 0.85, 0.85625, 0.8375, 0.81875, 0.75, 0.84375, 0.7875, 0.84375, 0.8625, 0.83125, 0.9125, 0.90625, 0.93125, 0.89375, 0.85]",0.8813888888888889,0.036865015736983836,"[0.8298611111111112, 0.8090277777777778, 0.90625, 0.8368055555555556, 0.8819444444444444, 0.8888888888888888, 0.9479166666666669, 0.875, 0.9131944444444444, 0.8819444444444444, 0.9166666666666669, 0.8923611111111112, 0.9097222222222222, 0.8993055555555556, 0.8333333333333333, 0.8576388888888888, 0.8541666666666667, 0.9131944444444444, 0.8402777777777778, 0.8784722222222222, 0.9236111111111112, 0.8923611111111112, 0.8784722222222222, 0.9409722222222222, 0.8333333333333333]",0.8745684273119078,0.030786062208421606,"[0.8312298246724475, 0.8752396539630581, 0.8981248587996082, 0.8766774606521576, 0.864935064935065, 0.8743525480367585, 0.9186345569324292, 0.8555409318241644, 0.8705890200787139, 0.864935064935065, 0.8753246753246753, 0.8790756836972651, 0.8658594366938667, 0.8516868156212419, 0.7988571428571428, 0.868560525757897, 0.82734375, 0.8705890200787139, 0.8813725490196077, 0.8602361416850111, 0.9225296442687746, 0.9163798169759044, 0.9352879381147932, 0.908848557873334, 0.8719999999999999]",0.8813888888888889,0.03686501573698383,"[0.8298611111111112, 0.8090277777777778, 0.90625, 0.8368055555555557, 0.8819444444444444, 0.8888888888888888, 0.9479166666666669, 0.875, 0.9131944444444444, 0.8819444444444444, 0.9166666666666669, 0.8923611111111112, 0.9097222222222222, 0.8993055555555556, 0.8333333333333334, 0.8576388888888888, 0.8541666666666667, 0.9131944444444444, 0.8402777777777778, 0.8784722222222222, 0.9236111111111112, 0.8923611111111112, 0.8784722222222222, 0.9409722222222222, 0.8333333333333333]",{'finalestimator__estimator_name': ['SVC']}
Simulated,target_shift,NO_DA_SOURCE_ONLY_BASE_ESTIM,supervised,Unknown,0.8504999999999999,0.04062179474534988,"[0.79375, 0.85625, 0.88125, 0.85625, 0.8375, 0.85, 0.90625, 0.825, 0.84375, 0.8375, 0.85, 0.85625, 0.8375, 0.81875, 0.75, 0.84375, 0.7875, 0.84375, 0.8625, 0.83125, 0.9125, 0.90625, 0.93125, 0.89375, 0.85]",0.8813888888888889,0.036865015736983836,"[0.8298611111111112, 0.8090277777777778, 0.90625, 0.8368055555555556, 0.8819444444444444, 0.8888888888888888, 0.9479166666666669, 0.875, 0.9131944444444444, 0.8819444444444444, 0.9166666666666669, 0.8923611111111112, 0.9097222222222222, 0.8993055555555556, 0.8333333333333333, 0.8576388888888888, 0.8541666666666667, 0.9131944444444444, 0.8402777777777778, 0.8784722222222222, 0.9236111111111112, 0.8923611111111112, 0.8784722222222222, 0.9409722222222222, 0.8333333333333333]",0.8745684273119078,0.030786062208421606,"[0.8312298246724475, 0.8752396539630581, 0.8981248587996082, 0.8766774606521576, 0.864935064935065, 0.8743525480367585, 0.9186345569324292, 0.8555409318241644, 0.8705890200787139, 0.864935064935065, 0.8753246753246753, 0.8790756836972651, 0.8658594366938667, 0.8516868156212419, 0.7988571428571428, 0.868560525757897, 0.82734375, 0.8705890200787139, 0.8813725490196077, 0.8602361416850111, 0.9225296442687746, 0.9163798169759044, 0.9352879381147932, 0.908848557873334, 0.8719999999999999]",0.8813888888888889,0.03686501573698383,"[0.8298611111111112, 0.8090277777777778, 0.90625, 0.8368055555555557, 0.8819444444444444, 0.8888888888888888, 0.9479166666666669, 0.875, 0.9131944444444444, 0.8819444444444444, 0.9166666666666669, 0.8923611111111112, 0.9097222222222222, 0.8993055555555556, 0.8333333333333334, 0.8576388888888888, 0.8541666666666667, 0.9131944444444444, 0.8402777777777778, 0.8784722222222222, 0.9236111111111112, 0.8923611111111112, 0.8784722222222222, 0.9409722222222222, 0.8333333333333333]",{'finalestimator__estimator_name': ['SVC']}
Simulated,target_shift,Train Tgt,supervised,NO DA,0.9315000000000001,0.016583123951777006,"[0.91875, 0.91875, 0.925, 0.9375, 0.95625, 0.9375, 0.94375, 0.925, 0.93125, 0.90625, 0.9625, 0.9375, 0.94375, 0.9625, 0.94375, 0.93125, 0.9, 0.9125, 0.9375, 0.90625, 0.9375, 0.9375, 0.93125, 0.93125, 0.9125]",0.7319444444444444,0.08211885081049426,"[0.7326388888888888, 0.6493055555555556, 0.6805555555555556, 0.7430555555555556, 0.8368055555555556, 0.7152777777777778, 0.71875, 0.6805555555555556, 0.6840277777777778, 0.6423611111111112, 0.8680555555555556, 0.7152777777777778, 0.8298611111111112, 0.8958333333333333, 0.8298611111111112, 0.6840277777777778, 0.6111111111111112, 0.7013888888888888, 0.7152777777777778, 0.5868055555555556, 0.7152777777777778, 0.8263888888888888, 0.65625, 0.8229166666666667, 0.7569444444444444]",0.9235935322172351,0.02071882319439593,"[0.9149662282260932, 0.9040843214756258, 0.9135135135135136, 0.9309262166405023, 0.9542125844294348, 0.927927927927928, 0.933596837944664, 0.9135135135135136, 0.9188405797101448, 0.8942372881355933, 0.9613793103448276, 0.927927927927928, 0.9429400602745842, 0.9625, 0.9429400602745842, 0.9188405797101448, 0.8846846846846848, 0.9068493150684932, 0.927927927927928, 0.8834209268991879, 0.927927927927928, 0.9375, 0.914508679726071, 0.9321718931475028, 0.9125]",0.7319444444444444,0.08211885081049426,"[0.732638888888889, 0.6493055555555556, 0.6805555555555556, 0.7430555555555556, 0.8368055555555556, 0.7152777777777778, 0.71875, 0.6805555555555556, 0.6840277777777778, 0.6423611111111112, 0.8680555555555557, 0.7152777777777778, 0.8298611111111112, 0.8958333333333333, 0.8298611111111112, 0.6840277777777778, 0.611111111111111, 0.701388888888889, 0.7152777777777778, 0.5868055555555556, 0.7152777777777778, 0.8263888888888888, 0.65625, 0.8229166666666666, 0.7569444444444444]",{'finalestimator__estimator_name': ['SVC']}
Simulated,target_shift,OTLabelProp,supervised,Other,0.7602500000000001,0.039564688591385795,"[0.725, 0.85625, 0.80625, 0.7625, 0.78125, 0.70625, 0.78125, 0.7625, 0.70625, 0.775, 0.76875, 0.83125, 0.75625, 0.7625, 0.73125, 0.75625, 0.6875, 0.7125, 0.7375, 0.71875, 0.775, 0.775, 0.775, 0.8, 0.75625]",0.8268055555555556,0.03966953738704372,"[0.7916666666666667, 0.8923611111111112, 0.8645833333333333, 0.8125, 0.8784722222222222, 0.7256944444444444, 0.8229166666666667, 0.7847222222222222, 0.8368055555555556, 0.8194444444444444, 0.8715277777777778, 0.8784722222222222, 0.8645833333333333, 0.8680555555555556, 0.8229166666666667, 0.8090277777777778, 0.7986111111111112, 0.8402777777777778, 0.7708333333333333, 0.8159722222222222, 0.8194444444444444, 0.8194444444444444, 0.8194444444444444, 0.8611111111111112, 0.78125]",0.8061510604307683,0.03027631352190811,"[0.7792114695340502, 0.8790756836972651, 0.8414583201468447, 0.8077785731329039, 0.8232552651760958, 0.7639232988291192, 0.8218763510592305, 0.80703125, 0.764987656914754, 0.8171875, 0.8137074888850396, 0.8602361416850111, 0.8041065671135245, 0.8089142857142857, 0.7844157284676391, 0.8030558669105068, 0.75, 0.7699512608603518, 0.7882352941176471, 0.7746938775510205, 0.8171875, 0.8171875, 0.8171875, 0.8367591897974493, 0.8023529411764706]",0.8268055555555556,0.039669537387043735,"[0.7916666666666665, 0.8923611111111112, 0.8645833333333333, 0.8125, 0.8784722222222222, 0.7256944444444443, 0.8229166666666666, 0.7847222222222222, 0.8368055555555556, 0.8194444444444444, 0.8715277777777778, 0.8784722222222222, 0.8645833333333334, 0.8680555555555556, 0.8229166666666666, 0.8090277777777778, 0.7986111111111112, 0.8402777777777778, 0.7708333333333334, 0.8159722222222223, 0.8194444444444444, 0.8194444444444444, 0.8194444444444444, 0.8611111111111112, 0.78125]","{'finalestimator__estimator_name': ['SVC'], 'otlabelpropadapter__metric': ['sqeuclidean', 'cosine', 'cityblock'], 'otlabelpropadapter__reg': [None, 0.1, 1.0]}"
Simulated,target_shift,JPCA,supervised,Subspace,0.8534999999999999,0.03675828988133154,"[0.79375, 0.85625, 0.88125, 0.85625, 0.8375, 0.85, 0.90625, 0.825, 0.84375, 0.8375, 0.79375, 0.875, 0.8625, 0.85, 0.8375, 0.84375, 0.7875, 0.84375, 0.83125, 0.83125, 0.9125, 0.90625, 0.93125, 0.89375, 0.85]",0.8408333333333333,0.08622887146528684,"[0.8298611111111112, 0.8090277777777778, 0.90625, 0.8368055555555556, 0.8819444444444444, 0.8888888888888888, 0.9479166666666669, 0.875, 0.9131944444444444, 0.8819444444444444, 0.7465277777777778, 0.7361111111111112, 0.7569444444444444, 0.7777777777777778, 0.6597222222222222, 0.8576388888888888, 0.8541666666666667, 0.9131944444444444, 0.6006944444444444, 0.8784722222222222, 0.9236111111111112, 0.8923611111111112, 0.8784722222222222, 0.9409722222222222, 0.8333333333333333]",0.8744590964793143,0.029075824085536325,"[0.8312298246724475, 0.8752396539630581, 0.8981248587996082, 0.8766774606521576, 0.864935064935065, 0.8743525480367585, 0.9186345569324292, 0.8555409318241644, 0.8705890200787139, 0.864935064935065, 0.8279245283018868, 0.883538633818589, 0.8763960260363138, 0.8689939701682006, 0.8514285714285714, 0.868560525757897, 0.82734375, 0.8705890200787139, 0.8411613026454015, 0.8602361416850111, 0.9225296442687746, 0.9163798169759044, 0.9352879381147932, 0.908848557873334, 0.8719999999999999]",0.8408333333333333,0.08622887146528684,"[0.8298611111111112, 0.8090277777777778, 0.90625, 0.8368055555555557, 0.8819444444444444, 0.8888888888888888, 0.9479166666666669, 0.875, 0.9131944444444444, 0.8819444444444444, 0.7465277777777778, 0.736111111111111, 0.7569444444444444, 0.7777777777777778, 0.6597222222222222, 0.8576388888888888, 0.8541666666666667, 0.9131944444444444, 0.6006944444444444, 0.8784722222222222, 0.9236111111111112, 0.8923611111111112, 0.8784722222222222, 0.9409722222222222, 0.8333333333333333]","{'finalestimator__estimator_name': ['SVC'], 'pca__n_components': [1, 2, 5, 10, 20, 50, 100]}"
Simulated,target_shift,MMDTarS,supervised,Reweighting,0.9322499999999999,0.01473286434019767,"[0.91875, 0.91875, 0.93125, 0.9375, 0.95625, 0.9375, 0.9375, 0.93125, 0.94375, 0.9125, 0.95625, 0.95, 0.9375, 0.95, 0.95625, 0.93125, 0.925, 0.925, 0.9375, 0.925, 0.93125, 0.9125, 0.925, 0.91875, 0.9]",0.7634722222222223,0.08980534326251383,"[0.7881944444444444, 0.6493055555555556, 0.7118055555555556, 0.7708333333333333, 0.8645833333333333, 0.7430555555555556, 0.6875, 0.7118055555555556, 0.8020833333333333, 0.6736111111111112, 0.8368055555555556, 0.7777777777777778, 0.8263888888888888, 0.8055555555555556, 0.8645833333333333, 0.7673611111111112, 0.7361111111111112, 0.7916666666666667, 0.7152777777777778, 0.6805555555555556, 0.90625, 0.5625, 0.625, 0.9270833333333331, 0.8611111111111112]",0.9267910725270556,0.018189181036462013,"[0.9198395100834124, 0.9040843214756258, 0.922440677966102, 0.933463796477495, 0.955620046880232, 0.9309262166405023, 0.9243441122635752, 0.922440677966102, 0.9411304656949876, 0.9032967032967032, 0.9542125844294348, 0.9447409733124016, 0.9375, 0.946771037181996, 0.955620046880232, 0.9280483469605404, 0.920156555772994, 0.925, 0.927927927927928, 0.9135135135135136, 0.936563555068893, 0.8805003679175863, 0.904, 0.9275291747124506, 0.9101062007536826]",0.7634722222222221,0.08980534326251383,"[0.7881944444444444, 0.6493055555555556, 0.7118055555555556, 0.7708333333333333, 0.8645833333333333, 0.7430555555555556, 0.6875, 0.7118055555555556, 0.8020833333333333, 0.6736111111111112, 0.8368055555555556, 0.7777777777777778, 0.8263888888888888, 0.8055555555555556, 0.8645833333333333, 0.767361111111111, 0.736111111111111, 0.7916666666666667, 0.7152777777777778, 0.6805555555555556, 0.90625, 0.5625, 0.625, 0.9270833333333331, 0.861111111111111]","{'finalestimator__estimator_name': ['SVC'], 'mmdtarsreweightadapter__gamma': [0.0001, 0.001, 0.01, 0.1, 1.0, 10.0, 100.0, 1000.0, None], 'mmdtarsreweightadapter__max_iter': [1000], 'mmdtarsreweightadapter__reg': [1e-06], 'mmdtarsreweightadapter__tol': [1e-06]}"
Simulated,target_shift,ClassRegOT,supervised,Mapping,0.59425,0.03944273274846291,"[0.61875, 0.69375, 0.61875, 0.5625, 0.65625, 0.5375, 0.5625, 0.5875, 0.51875, 0.61875, 0.65625, 0.64375, 0.59375, 0.61875, 0.5625, 0.6, 0.575, 0.58125, 0.58125, 0.56875, 0.5875, 0.5625, 0.5875, 0.575, 0.5875]",0.7734722222222221,0.021151125576874746,"[0.7881944444444444, 0.8298611111111112, 0.7881944444444444, 0.7569444444444444, 0.8090277777777778, 0.7430555555555556, 0.7569444444444444, 0.7708333333333333, 0.7326388888888888, 0.7881944444444444, 0.8090277777777778, 0.7743055555555556, 0.7743055555555556, 0.7881944444444444, 0.7569444444444444, 0.7777777777777778, 0.7638888888888888, 0.7673611111111112, 0.7673611111111112, 0.7604166666666667, 0.7708333333333333, 0.7569444444444444, 0.7708333333333333, 0.7638888888888888, 0.7708333333333333]",0.6703807267217021,0.03470639145831887,"[0.6925583818862204, 0.7549873443876234, 0.6925583818862204, 0.6423817233315344, 0.7243352572640719, 0.6189737259742549, 0.6423817233315344, 0.6650854936569223, 0.6009217792077917, 0.6925583818862204, 0.7243352572640719, 0.7143110848009473, 0.6706578521566271, 0.6925583818862204, 0.6423817233315344, 0.6761904761904762, 0.6538181818181819, 0.6594725535902006, 0.6594725535902006, 0.6481215244812153, 0.6650854936569223, 0.6423817233315344, 0.6650854936569223, 0.6538181818181819, 0.6650854936569223]",0.7734722222222223,0.021151125576874746,"[0.7881944444444444, 0.8298611111111112, 0.7881944444444444, 0.7569444444444444, 0.8090277777777778, 0.7430555555555556, 0.7569444444444444, 0.7708333333333334, 0.7326388888888888, 0.7881944444444444, 0.8090277777777778, 0.7743055555555556, 0.7743055555555556, 0.7881944444444444, 0.7569444444444444, 0.7777777777777778, 0.7638888888888888, 0.7673611111111112, 0.7673611111111112, 0.7604166666666666, 0.7708333333333334, 0.7569444444444444, 0.7708333333333334, 0.7638888888888888, 0.7708333333333334]","[{'classregularizerotmappingadapter__max_inner_iter': [1000], 'classregularizerotmappingadapter__max_iter': [10], 'classregularizerotmappingadapter__metric': ['sqeuclidean', 'cosine', 'cityblock'], 'classregularizerotmappingadapter__norm': ['lpl1'], 'classregularizerotmappingadapter__reg_cl': [0.1], 'classregularizerotmappingadapter__reg_e': [0.1], 'classregularizerotmappingadapter__tol': [1e-06], 'finalestimator__estimator_name': ['SVC']}, {'classregularizerotmappingadapter__max_inner_iter': [1000], 'classregularizerotmappingadapter__max_iter': [10], 'classregularizerotmappingadapter__metric': ['sqeuclidean', 'cosine', 'cityblock'], 'classregularizerotmappingadapter__norm': ['lpl1'], 'classregularizerotmappingadapter__reg_cl': [0.5], 'classregularizerotmappingadapter__reg_e': [0.5], 'classregularizerotmappingadapter__tol': [1e-06], 'finalestimator__estimator_name': ['SVC']}, {'classregularizerotmappingadapter__max_inner_iter': [1000], 'classregularizerotmappingadapter__max_iter': [10], 'classregularizerotmappingadapter__metric': ['sqeuclidean', 'cosine', 'cityblock'], 'classregularizerotmappingadapter__norm': ['lpl1'], 'classregularizerotmappingadapter__reg_cl': [1.0], 'classregularizerotmappingadapter__reg_e': [1.0], 'classregularizerotmappingadapter__tol': [1e-06], 'finalestimator__estimator_name': ['SVC']}]"
Simulated,target_shift,Dens. RW,supervised,Reweighting,0.86925,0.04549782503959209,"[0.8, 0.85625, 0.8875, 0.86875, 0.83125, 0.85625, 0.9125, 0.85, 0.8625, 0.85625, 0.8875, 0.9, 0.88125, 0.89375, 0.7125, 0.85, 0.8375, 0.88125, 0.8625, 0.8875, 0.91875, 0.91875, 0.94375, 0.90625, 0.86875]",0.8584722222222222,0.0895362171531653,"[0.8333333333333333, 0.6145833333333333, 0.9097222222222222, 0.84375, 0.8784722222222222, 0.8645833333333333, 0.9513888888888888, 0.8333333333333333, 0.8958333333333333, 0.8645833333333333, 0.9375, 0.9166666666666669, 0.90625, 0.9131944444444444, 0.5902777777777778, 0.8333333333333333, 0.8541666666666667, 0.9340277777777778, 0.8125, 0.7708333333333333, 0.9270833333333331, 0.8993055555555556, 0.8854166666666667, 0.9479166666666669, 0.84375]",0.8871974746203081,0.03619384729579337,"[0.8358974358974359, 0.8581775947629605, 0.9029411764705882, 0.886088379705401, 0.8602361416850111, 0.8779502879218601, 0.9235798159314502, 0.8719999999999999, 0.8838117106773822, 0.8779502879218601, 0.904, 0.9126626467788004, 0.8981248587996082, 0.9077858311900864, 0.764102564102564, 0.8719999999999999, 0.8638819270398217, 0.8991763248050149, 0.8799111393208505, 0.8951847704367303, 0.9275291747124506, 0.9263571990558616, 0.9458646616541356, 0.9186345569324292, 0.886088379705401]",0.8584722222222223,0.08953621715316526,"[0.8333333333333334, 0.6145833333333334, 0.9097222222222222, 0.84375, 0.8784722222222222, 0.8645833333333334, 0.951388888888889, 0.8333333333333333, 0.8958333333333333, 0.8645833333333334, 0.9375, 0.9166666666666669, 0.90625, 0.9131944444444444, 0.5902777777777778, 0.8333333333333333, 0.8541666666666666, 0.9340277777777778, 0.8125, 0.7708333333333333, 0.9270833333333331, 0.8993055555555556, 0.8854166666666667, 0.9479166666666669, 0.84375]","{'densityreweightadapter__weight_estimator__bandwidth': [0.01, 0.1, 1.0, 10.0, 100.0, 'scott', 'silverman'], 'finalestimator__estimator_name': ['SVC']}"
Simulated,target_shift,Disc. RW,supervised,Reweighting,0.8425,0.03940475066537032,"[0.7875, 0.85625, 0.86875, 0.85, 0.8375, 0.83125, 0.9, 0.81875, 0.8375, 0.83125, 0.8375, 0.85, 0.825, 0.81875, 0.74375, 0.83125, 0.7875, 0.81875, 0.85, 0.825, 0.9, 0.8875, 0.925, 0.8875, 0.85625]",0.8836111111111111,0.033696063630906645,"[0.8263888888888888, 0.8368055555555556, 0.8993055555555556, 0.8333333333333333, 0.9097222222222222, 0.8784722222222222, 0.9444444444444444, 0.8715277777777778, 0.9097222222222222, 0.8784722222222222, 0.9097222222222222, 0.8888888888888888, 0.9027777777777778, 0.8993055555555556, 0.8298611111111112, 0.8506944444444444, 0.8541666666666667, 0.8993055555555556, 0.8333333333333333, 0.9027777777777778, 0.9166666666666669, 0.8819444444444444, 0.9027777777777778, 0.9375, 0.8923611111111112]",0.8687398198729884,0.029837854196401534,"[0.8265566391597898, 0.8766774606521576, 0.8885633063634375, 0.8719999999999999, 0.8658594366938667, 0.8602361416850111, 0.9137254901960784, 0.8508474576271187, 0.8658594366938667, 0.8602361416850111, 0.8658594366938667, 0.8743525480367585, 0.8564102564102564, 0.8516868156212419, 0.7940607500424232, 0.8592109777015438, 0.82734375, 0.8516868156212419, 0.8719999999999999, 0.8564102564102564, 0.9126626467788004, 0.9017454776261504, 0.9314285714285712, 0.904, 0.8790756836972651]",0.8836111111111111,0.03369606363090661,"[0.8263888888888888, 0.8368055555555557, 0.8993055555555556, 0.8333333333333333, 0.9097222222222222, 0.8784722222222222, 0.9444444444444444, 0.8715277777777778, 0.9097222222222222, 0.8784722222222222, 0.9097222222222222, 0.8888888888888888, 0.9027777777777778, 0.8993055555555556, 0.8298611111111112, 0.8506944444444444, 0.8541666666666667, 0.8993055555555556, 0.8333333333333333, 0.9027777777777778, 0.9166666666666669, 0.8819444444444444, 0.9027777777777778, 0.9375, 0.8923611111111112]","{'discriminatorreweightadapter__domain_classifier__estimator_name': ['LR', 'SVC', 'KNN', 'XGB'], 'finalestimator__estimator_name': ['SVC']}"
Simulated,target_shift,EntOT,supervised,Mapping,0.612,0.03639518340385164,"[0.64375, 0.70625, 0.6375, 0.58125, 0.6625, 0.58125, 0.61875, 0.60625, 0.51875, 0.625, 0.63125, 0.65625, 0.60625, 0.61875, 0.55625, 0.61875, 0.5875, 0.6125, 0.60625, 0.58125, 0.6, 0.625, 0.59375, 0.60625, 0.61875]",0.7833333333333333,0.0195649785930289,"[0.8020833333333333, 0.8368055555555556, 0.7986111111111112, 0.7673611111111112, 0.8125, 0.7673611111111112, 0.7881944444444444, 0.78125, 0.7326388888888888, 0.7916666666666667, 0.7951388888888888, 0.78125, 0.78125, 0.7881944444444444, 0.7534722222222222, 0.7881944444444444, 0.7708333333333333, 0.7847222222222222, 0.78125, 0.7673611111111112, 0.7777777777777778, 0.7916666666666667, 0.7743055555555556, 0.78125, 0.7881944444444444]",0.6861114478820841,0.0318233736156789,"[0.7138771341018532, 0.764987656914754, 0.7085990338164251, 0.6594725535902006, 0.7295169946332737, 0.6594725535902006, 0.6925583818862204, 0.6816842105263158, 0.6009217792077917, 0.6979405034324941, 0.7032871059071931, 0.7246558197747184, 0.6816842105263158, 0.6925583818862204, 0.6365979150820993, 0.6925583818862204, 0.6650854936569223, 0.6871398983242327, 0.6816842105263158, 0.6594725535902006, 0.6761904761904762, 0.6979405034324941, 0.6706578521566271, 0.6816842105263158, 0.6925583818862204]",0.7833333333333333,0.019564978593028894,"[0.8020833333333334, 0.8368055555555556, 0.7986111111111112, 0.7673611111111112, 0.8125, 0.7673611111111112, 0.7881944444444444, 0.78125, 0.7326388888888888, 0.7916666666666666, 0.7951388888888888, 0.78125, 0.78125, 0.7881944444444444, 0.7534722222222222, 0.7881944444444444, 0.7708333333333334, 0.7847222222222222, 0.78125, 0.7673611111111112, 0.7777777777777778, 0.7916666666666666, 0.7743055555555556, 0.78125, 0.7881944444444444]","{'entropicotmappingadapter__max_iter': [1000], 'entropicotmappingadapter__metric': ['sqeuclidean', 'cosine', 'cityblock'], 'entropicotmappingadapter__norm': ['median'], 'entropicotmappingadapter__reg_e': [0.1, 0.5, 1.0], 'entropicotmappingadapter__tol': [1e-06], 'finalestimator__estimator_name': ['SVC']}"
Simulated,target_shift,Gauss. RW,supervised,Reweighting,0.8632500000000001,0.03632356042111876,"[0.8, 0.8625, 0.8875, 0.86875, 0.84375, 0.8625, 0.90625, 0.83125, 0.85625, 0.85, 0.875, 0.875, 0.84375, 0.85, 0.76875, 0.85, 0.825, 0.8625, 0.875, 0.85625, 0.9125, 0.91875, 0.93125, 0.90625, 0.8625]",0.8829166666666667,0.038775566535966796,"[0.8333333333333333, 0.8125, 0.9097222222222222, 0.84375, 0.8854166666666667, 0.8680555555555556, 0.9479166666666669, 0.8229166666666667, 0.8923611111111112, 0.8611111111111112, 0.9305555555555556, 0.9027777777777778, 0.9131944444444444, 0.9166666666666669, 0.84375, 0.8611111111111112, 0.875, 0.9236111111111112, 0.8472222222222222, 0.8923611111111112, 0.9236111111111112, 0.8993055555555556, 0.8784722222222222, 0.9479166666666669, 0.8402777777777778]",0.884025013446117,0.02776097423960112,"[0.8358974358974359, 0.8799111393208505, 0.9029411764705882, 0.886088379705401, 0.869639794168096, 0.8826666666666666, 0.9186345569324292, 0.8580453678185288, 0.8790756836972651, 0.8732491389207807, 0.894374282433984, 0.8933333333333333, 0.8705890200787139, 0.8753246753246753, 0.8131555660433014, 0.8732491389207807, 0.8555409318241644, 0.8848231690336952, 0.8908283084735004, 0.8790756836972651, 0.9225296442687746, 0.9263571990558616, 0.9352879381147932, 0.9186345569324292, 0.8813725490196077]",0.8829166666666667,0.038775566535966796,"[0.8333333333333334, 0.8125, 0.9097222222222222, 0.84375, 0.8854166666666667, 0.8680555555555556, 0.9479166666666669, 0.8229166666666667, 0.8923611111111112, 0.8611111111111112, 0.9305555555555556, 0.9027777777777778, 0.9131944444444444, 0.9166666666666669, 0.84375, 0.8611111111111112, 0.875, 0.9236111111111112, 0.8472222222222222, 0.8923611111111112, 0.9236111111111112, 0.8993055555555556, 0.8784722222222222, 0.9479166666666669, 0.8402777777777778]","{'finalestimator__estimator_name': ['SVC'], 'gaussianreweightadapter__reg': ['auto', 1e-05, 0.01, 0.5]}"
Simulated,target_shift,LinOT,supervised,Mapping,0.81025,0.042576524243609463,"[0.76875, 0.84375, 0.83125, 0.80625, 0.8, 0.80625, 0.8625, 0.8, 0.78125, 0.8, 0.8125, 0.825, 0.79375, 0.7875, 0.7125, 0.7875, 0.74375, 0.78125, 0.80625, 0.76875, 0.8875, 0.85625, 0.8875, 0.86875, 0.8375]",0.8723611111111111,0.030456753138317205,"[0.8159722222222222, 0.8576388888888888, 0.8784722222222222, 0.8090277777777778, 0.8888888888888888, 0.8923611111111112, 0.9236111111111112, 0.8888888888888888, 0.8784722222222222, 0.8611111111111112, 0.8958333333333333, 0.875, 0.8854166666666667, 0.8819444444444444, 0.8402777777777778, 0.8541666666666667, 0.8576388888888888, 0.8784722222222222, 0.8090277777777778, 0.8715277777777778, 0.9097222222222222, 0.8645833333333333, 0.8819444444444444, 0.9270833333333331, 0.8819444444444444]",0.8444622346692807,0.032079194914784843,"[0.8124886877828054, 0.868560525757897, 0.8602361416850111, 0.8395303848976052, 0.8375, 0.8422333395096041, 0.8848231690336952, 0.8375, 0.8232552651760958, 0.8367591897974493, 0.8469617404351087, 0.8555409318241644, 0.8327601809954752, 0.8280124075399666, 0.7699512608603518, 0.82734375, 0.7944429038877489, 0.8232552651760958, 0.8395303848976052, 0.8137074888850396, 0.9029411764705882, 0.8779502879218601, 0.9017454776261504, 0.8895908416366336, 0.864935064935065]",0.8723611111111111,0.030456753138317205,"[0.8159722222222222, 0.8576388888888888, 0.8784722222222222, 0.8090277777777778, 0.8888888888888888, 0.8923611111111112, 0.9236111111111112, 0.8888888888888888, 0.8784722222222222, 0.8611111111111112, 0.8958333333333333, 0.875, 0.8854166666666667, 0.8819444444444444, 0.8402777777777778, 0.8541666666666667, 0.8576388888888888, 0.8784722222222222, 0.8090277777777778, 0.8715277777777778, 0.9097222222222222, 0.8645833333333334, 0.8819444444444444, 0.9270833333333331, 0.8819444444444444]","{'finalestimator__estimator_name': ['SVC'], 'linearotmappingadapter__bias': [True, False], 'linearotmappingadapter__reg': [1e-08, 1e-06, 0.1, 1, 10]}"
Simulated,target_shift,NN RW,supervised,Reweighting,0.85775,0.03794355731434079,"[0.8, 0.85625, 0.875, 0.86875, 0.8125, 0.85625, 0.90625, 0.85, 0.85, 0.85, 0.875, 0.84375, 0.875, 0.8625, 0.75625, 0.84375, 0.8125, 0.85, 0.86875, 0.83125, 0.9125, 0.89375, 0.9375, 0.89375, 0.8625]",0.8854166666666667,0.03836504408325748,"[0.8333333333333333, 0.8090277777777778, 0.9027777777777778, 0.84375, 0.8958333333333333, 0.8645833333333333, 0.9479166666666669, 0.8888888888888888, 0.8888888888888888, 0.8888888888888888, 0.9305555555555556, 0.8854166666666667, 0.9305555555555556, 0.9236111111111112, 0.8368055555555556, 0.8576388888888888, 0.8680555555555556, 0.9166666666666669, 0.8159722222222222, 0.8784722222222222, 0.9236111111111112, 0.8854166666666667, 0.9097222222222222, 0.9409722222222222, 0.8680555555555556]",0.8800517391047777,0.028955461040907855,"[0.8358974358974359, 0.8752396539630581, 0.8933333333333333, 0.886088379705401, 0.8469617404351087, 0.8779502879218601, 0.9186345569324292, 0.8743525480367585, 0.8743525480367585, 0.8743525480367585, 0.894374282433984, 0.869639794168096, 0.894374282433984, 0.8848231690336952, 0.8036376234193661, 0.868560525757897, 0.8461538461538461, 0.8753246753246753, 0.8846060606060606, 0.8602361416850111, 0.9225296442687746, 0.9065858585858584, 0.9417693169092944, 0.908848557873334, 0.8826666666666666]",0.8854166666666667,0.03836504408325748,"[0.8333333333333334, 0.8090277777777778, 0.9027777777777778, 0.84375, 0.8958333333333333, 0.8645833333333334, 0.9479166666666669, 0.8888888888888888, 0.8888888888888888, 0.8888888888888888, 0.9305555555555556, 0.8854166666666667, 0.9305555555555556, 0.9236111111111112, 0.8368055555555556, 0.8576388888888888, 0.8680555555555556, 0.9166666666666669, 0.8159722222222222, 0.8784722222222222, 0.9236111111111112, 0.8854166666666666, 0.9097222222222222, 0.9409722222222222, 0.8680555555555556]","{'finalestimator__estimator_name': ['SVC'], 'nearestneighborreweightadapter__laplace_smoothing': [True, False], 'nearestneighborreweightadapter__n_neighbors': [1]}"
Simulated,target_shift,MapOT,supervised,Mapping,0.6345000000000001,0.040509451057747,"[0.61875, 0.66875, 0.65625, 0.64375, 0.66875, 0.58125, 0.6, 0.6625, 0.54375, 0.625, 0.5875, 0.725, 0.61875, 0.65625, 0.63125, 0.69375, 0.625, 0.66875, 0.63125, 0.625, 0.5625, 0.625, 0.6625, 0.6625, 0.61875]",0.7858333333333333,0.0285222854805312,"[0.7881944444444444, 0.7881944444444444, 0.8090277777777778, 0.7743055555555556, 0.8159722222222222, 0.7118055555555556, 0.7777777777777778, 0.7847222222222222, 0.7465277777777778, 0.7638888888888888, 0.7708333333333333, 0.8194444444444444, 0.7881944444444444, 0.8090277777777778, 0.7951388888888888, 0.8298611111111112, 0.7916666666666667, 0.8159722222222222, 0.7673611111111112, 0.7638888888888888, 0.7291666666666667, 0.7916666666666667, 0.8125, 0.8125, 0.7881944444444444]",0.7055851451314163,0.034463473609761,"[0.6925583818862204, 0.7348787555284428, 0.7243352572640719, 0.7143110848009473, 0.7346683354192741, 0.6614736842105262, 0.6761904761904762, 0.7297820823244552, 0.6248947951273534, 0.6985507246376811, 0.6650854936569223, 0.779564930784443, 0.6925583818862204, 0.7243352572640719, 0.7032871059071931, 0.7549873443876234, 0.6979405034324941, 0.7346683354192741, 0.7038377352984095, 0.6985507246376811, 0.6436363636363636, 0.6979405034324941, 0.7295169946332737, 0.7295169946332737, 0.6925583818862204]",0.7858333333333333,0.028522285480531206,"[0.7881944444444444, 0.7881944444444444, 0.8090277777777778, 0.7743055555555556, 0.8159722222222222, 0.7118055555555556, 0.7777777777777778, 0.7847222222222223, 0.7465277777777778, 0.7638888888888888, 0.7708333333333334, 0.8194444444444444, 0.7881944444444444, 0.8090277777777778, 0.7951388888888888, 0.8298611111111112, 0.7916666666666666, 0.8159722222222222, 0.7673611111111112, 0.7638888888888888, 0.7291666666666666, 0.7916666666666666, 0.8125, 0.8125, 0.7881944444444444]","{'finalestimator__estimator_name': ['SVC'], 'otmappingadapter__max_iter': [1000000], 'otmappingadapter__metric': ['sqeuclidean', 'cosine', 'cityblock'], 'otmappingadapter__norm': ['median']}"
Simulated,target_shift,SA,supervised,Subspace,0.8122499999999999,0.037172178216151555,"[0.75, 0.8, 0.8, 0.79375, 0.80625, 0.7375, 0.8, 0.8, 0.7625, 0.85, 0.79375, 0.875, 0.85625, 0.85, 0.8625, 0.84375, 0.775, 0.76875, 0.8125, 0.80625, 0.85, 0.79375, 0.825, 0.85, 0.84375]",0.6756944444444444,0.06103609663627414,"[0.5555555555555556, 0.6388888888888888, 0.6944444444444444, 0.6076388888888888, 0.6701388888888888, 0.5763888888888888, 0.6944444444444444, 0.6944444444444444, 0.6458333333333333, 0.6944444444444444, 0.7465277777777778, 0.7638888888888888, 0.7534722222222222, 0.7777777777777778, 0.7291666666666667, 0.71875, 0.7083333333333333, 0.59375, 0.6180555555555556, 0.6979166666666667, 0.7222222222222222, 0.6076388888888888, 0.6805555555555556, 0.6111111111111112, 0.6909722222222222]",0.8361940695608202,0.028012363126881844,"[0.7866666666666667, 0.8253252935576008, 0.8293333333333333, 0.8186666666666668, 0.8318447509936873, 0.7801169590643274, 0.8293333333333333, 0.8293333333333333, 0.8010582010582009, 0.8628571428571428, 0.8279245283018868, 0.8857142857142858, 0.8717823860297205, 0.8689939701682006, 0.8742857142857142, 0.8606330282931746, 0.8129870129870129, 0.8016115671360795, 0.8314491264131553, 0.8337826643572559, 0.8651593011305241, 0.8186666666666668, 0.8450592885375494, 0.8538872891814069, 0.8583792289535799]",0.6756944444444444,0.0610360966362741,"[0.5555555555555556, 0.6388888888888888, 0.6944444444444444, 0.6076388888888888, 0.670138888888889, 0.5763888888888888, 0.6944444444444444, 0.6944444444444444, 0.6458333333333334, 0.6944444444444444, 0.7465277777777778, 0.7638888888888888, 0.7534722222222222, 0.7777777777777778, 0.7291666666666667, 0.71875, 0.7083333333333333, 0.59375, 0.6180555555555556, 0.6979166666666667, 0.7222222222222222, 0.6076388888888888, 0.6805555555555556, 0.6111111111111112, 0.6909722222222221]","{'finalestimator__estimator_name': ['SVC'], 'subspacealignmentadapter__n_components': [1, 2, 5, 10, 20, 50, 100]}"
Simulated,target_shift,TCA,supervised,Subspace,0.46649999999999997,0.0914986623308414,"[0.60625, 0.4625, 0.5, 0.4125, 0.34375, 0.45625, 0.51875, 0.4875, 0.35625, 0.43125, 0.34375, 0.55, 0.5, 0.625, 0.4875, 0.375, 0.5875, 0.36875, 0.58125, 0.5125, 0.49375, 0.33125, 0.43125, 0.56875, 0.33125]",0.48583333333333334,0.09104751090093097,"[0.3923611111111111, 0.5069444444444444, 0.6388888888888888, 0.5069444444444444, 0.4409722222222222, 0.4479166666666666, 0.5659722222222222, 0.5763888888888888, 0.3368055555555556, 0.40625, 0.4131944444444444, 0.5555555555555556, 0.5833333333333334, 0.4305555555555556, 0.4375, 0.5138888888888888, 0.6875, 0.3715277777777778, 0.4618055555555556, 0.3680555555555556, 0.4409722222222222, 0.6006944444444444, 0.5173611111111112, 0.5381944444444444, 0.40625]",0.5572724585603105,0.08832771982712664,"[0.6818594773169725, 0.558974358974359, 0.5880797037559513, 0.5068642479986373, 0.4349387148693822, 0.5563271395632714, 0.6098562248624659, 0.5794871794871794, 0.4610234705656021, 0.5342311305981836, 0.4383487686365713, 0.6382608695652174, 0.5912933980931823, 0.6964924838940587, 0.5862172848804368, 0.4634873323397914, 0.6677345537757436, 0.47148903424394, 0.6648388648388649, 0.609685230024213, 0.5917578513571125, 0.3956683020222568, 0.526151989309884, 0.6545682102628285, 0.4241756427716561]",0.48583333333333334,0.09104751090093094,"[0.3923611111111111, 0.5069444444444444, 0.6388888888888888, 0.5069444444444444, 0.4409722222222222, 0.4479166666666667, 0.5659722222222222, 0.5763888888888888, 0.3368055555555556, 0.40625, 0.4131944444444444, 0.5555555555555556, 0.5833333333333333, 0.4305555555555556, 0.4375, 0.5138888888888888, 0.6875, 0.3715277777777778, 0.4618055555555556, 0.3680555555555556, 0.4409722222222222, 0.6006944444444444, 0.517361111111111, 0.5381944444444444, 0.40625]","{'finalestimator__estimator_name': ['SVC'], 'transfercomponentanalysisadapter__kernel': ['rbf'], 'transfercomponentanalysisadapter__mu': [10, 100], 'transfercomponentanalysisadapter__n_components': [1, 2, 5, 10, 20, 50, 100]}"
Simulated,target_shift,TSL,supervised,Subspace,0.847,0.04185322817099457,"[0.79375, 0.85625, 0.88125, 0.85625, 0.8375, 0.85, 0.90625, 0.825, 0.84375, 0.8375, 0.8, 0.85, 0.8375, 0.81875, 0.75, 0.84375, 0.7875, 0.84375, 0.83125, 0.83125, 0.9125, 0.90625, 0.93125, 0.89375, 0.85]",0.8594444444444445,0.07218353887462861,"[0.8298611111111112, 0.8090277777777778, 0.90625, 0.8368055555555556, 0.8819444444444444, 0.8888888888888888, 0.9479166666666669, 0.875, 0.9131944444444444, 0.8819444444444444, 0.7777777777777778, 0.6666666666666667, 0.9097222222222222, 0.8993055555555556, 0.8333333333333333, 0.8576388888888888, 0.8541666666666667, 0.9131944444444444, 0.65625, 0.8784722222222222, 0.9236111111111112, 0.8923611111111112, 0.8784722222222222, 0.9409722222222222, 0.8333333333333333]",0.8707799974549821,0.032241277192355984,"[0.8312298246724475, 0.8752396539630581, 0.8981248587996082, 0.8766774606521576, 0.864935064935065, 0.8743525480367585, 0.9186345569324292, 0.8555409318241644, 0.8705890200787139, 0.864935064935065, 0.8337662337662337, 0.8602463605823069, 0.8658594366938667, 0.8516868156212419, 0.7988571428571428, 0.868560525757897, 0.82734375, 0.8705890200787139, 0.8470495672698662, 0.8602361416850111, 0.9225296442687746, 0.9163798169759044, 0.9352879381147932, 0.908848557873334, 0.8719999999999999]",0.8594444444444445,0.07218353887462861,"[0.8298611111111112, 0.8090277777777778, 0.90625, 0.8368055555555557, 0.8819444444444444, 0.8888888888888888, 0.9479166666666669, 0.875, 0.9131944444444444, 0.8819444444444444, 0.7777777777777778, 0.6666666666666667, 0.9097222222222222, 0.8993055555555556, 0.8333333333333334, 0.8576388888888888, 0.8541666666666667, 0.9131944444444444, 0.65625, 0.8784722222222222, 0.9236111111111112, 0.8923611111111112, 0.8784722222222222, 0.9409722222222222, 0.8333333333333333]","{'finalestimator__estimator_name': ['SVC'], 'transfersubspacelearningadapter__base_method': ['flda'], 'transfersubspacelearningadapter__length_scale': [2], 'transfersubspacelearningadapter__max_iter': [300], 'transfersubspacelearningadapter__mu': [0.1, 1, 10], 'transfersubspacelearningadapter__n_components': [1, 2, 5, 10, 20, 50, 100], 'transfersubspacelearningadapter__reg': [0.0001], 'transfersubspacelearningadapter__tol': [0.0001]}"
Simulated,concept_drift,CORAL,best_scorer,Mapping,0.6635,0.0295187087567642,"[0.63125, 0.64375, 0.7, 0.65, 0.6625, 0.69375, 0.69375, 0.71875, 0.63125, 0.7, 0.60625, 0.7, 0.65, 0.66875, 0.68125, 0.6625, 0.625, 0.65625, 0.65, 0.69375, 0.6625, 0.6125, 0.65, 0.66875, 0.675]",0.6635,0.029518708756764208,"[0.63125, 0.64375, 0.7, 0.65, 0.6625000000000001, 0.69375, 0.69375, 0.71875, 0.63125, 0.7, 0.60625, 0.7, 0.65, 0.66875, 0.68125, 0.6625, 0.625, 0.65625, 0.65, 0.69375, 0.6625, 0.6125, 0.65, 0.66875, 0.675]",0.6258118382491888,0.039308370751956756,"[0.5818383167220377, 0.5960132890365448, 0.6754563894523326, 0.6011396011396011, 0.6226415094339622, 0.6620543988965041, 0.6699086354258769, 0.6968548692686625, 0.5818383167220377, 0.6729688298415943, 0.5534883720930233, 0.6799999999999999, 0.6050079351084465, 0.6312883168833427, 0.6511478773887391, 0.6291208791208792, 0.5767942161876213, 0.6173746684638463, 0.6121212121212121, 0.6674443266171792, 0.625974025974026, 0.5584045584045583, 0.6086652690426275, 0.6279233030582247, 0.6398268398268397]",0.6635,0.02951870875676423,"[0.63125, 0.64375, 0.7000000000000001, 0.65, 0.6625, 0.69375, 0.69375, 0.71875, 0.63125, 0.7000000000000001, 0.60625, 0.7, 0.65, 0.6687500000000001, 0.68125, 0.6625000000000001, 0.625, 0.65625, 0.65, 0.69375, 0.6625000000000001, 0.6124999999999999, 0.6499999999999999, 0.66875, 0.6750000000000002]","{'coraladapter__reg': ['auto'], 'finalestimator__estimator_name': ['SVC']}"
Simulated,concept_drift,DASVM,best_scorer,Other,0.6475,0.028298078556679408,"[0.64375, 0.6375, 0.7, 0.6, 0.64375, 0.6625, 0.6875, 0.7125, 0.6625, 0.675, 0.61875, 0.63125, 0.6375, 0.60625, 0.66875, 0.6125, 0.63125, 0.64375, 0.65625, 0.6375, 0.675, 0.61875, 0.65625, 0.63125, 0.6375]",0.6475,0.028298078556679415,"[0.64375, 0.6375, 0.7, 0.6, 0.64375, 0.6625000000000001, 0.6875, 0.7125, 0.6625, 0.675, 0.6187499999999999, 0.63125, 0.6375, 0.6062500000000001, 0.66875, 0.6125, 0.63125, 0.64375, 0.65625, 0.6375, 0.675, 0.61875, 0.65625, 0.63125, 0.6375]",0.6036535108170613,0.03974019861494921,"[0.5998420429116756, 0.586894586894587, 0.6729688298415943, 0.5293252436109579, 0.5960132890365448, 0.6226415094339622, 0.6643732169827152, 0.6889790398918187, 0.6291208791208792, 0.6428571428571429, 0.5717607827651265, 0.5895473716248533, 0.586894586894587, 0.5392842451665981, 0.6344670028880556, 0.5584045584045583, 0.5818383167220377, 0.5998420429116756, 0.6173746684638463, 0.5909010756480338, 0.6428571428571429, 0.5676633444075304, 0.6173746684638463, 0.5732175957321759, 0.586894586894587]",0.6475,0.0282980785566794,"[0.6437499999999999, 0.6375000000000001, 0.7000000000000001, 0.6, 0.64375, 0.6625, 0.6875, 0.7125, 0.6625000000000001, 0.6749999999999999, 0.61875, 0.63125, 0.6375000000000001, 0.6062500000000002, 0.66875, 0.6124999999999999, 0.63125, 0.6437499999999999, 0.65625, 0.6375000000000001, 0.6749999999999999, 0.6187499999999999, 0.65625, 0.63125, 0.6375000000000001]","{'dasvmclassifier__base_estimator__estimator_name': ['SVC'], 'dasvmclassifier__max_iter': [200]}"
Simulated,concept_drift,JDOT,best_scorer,Other,0.81575,0.03385592944128598,"[0.76875, 0.7875, 0.8375, 0.8, 0.83125, 0.825, 0.80625, 0.85, 0.83125, 0.83125, 0.83125, 0.78125, 0.8375, 0.925, 0.81875, 0.79375, 0.78125, 0.8, 0.7875, 0.80625, 0.85, 0.76875, 0.78125, 0.83125, 0.83125]",0.81575,0.033855929441285966,"[0.76875, 0.7875000000000001, 0.8375, 0.8, 0.83125, 0.825, 0.8062499999999999, 0.85, 0.83125, 0.83125, 0.83125, 0.78125, 0.8375, 0.925, 0.81875, 0.79375, 0.78125, 0.8, 0.7875, 0.8062499999999999, 0.85, 0.76875, 0.78125, 0.83125, 0.83125]",0.8154740951061052,0.03402452914799192,"[0.7687409664440018, 0.7869674185463659, 0.8372711625723674, 0.7994987468671679, 0.8312434079456228, 0.825, 0.8061818608104412, 0.85, 0.8311906529639327, 0.8312434079456228, 0.8311906529639327, 0.7802111542839201, 0.8375, 0.9249882794186592, 0.8181746933657275, 0.7923793794974637, 0.7811730686569497, 0.7988686360779385, 0.7875, 0.8058784392000312, 0.849906191369606, 0.7680159880873074, 0.7812414547443259, 0.8312434079456228, 0.8312434079456228]",0.81575,0.03385592944128595,"[0.76875, 0.7875000000000001, 0.8375, 0.8, 0.8312499999999999, 0.825, 0.8062499999999999, 0.85, 0.8312499999999999, 0.8312499999999999, 0.83125, 0.7812500000000001, 0.8374999999999999, 0.925, 0.81875, 0.79375, 0.78125, 0.8, 0.7875, 0.80625, 0.85, 0.7687499999999999, 0.78125, 0.8312499999999999, 0.8312499999999999]","{'jdotclassifier__alpha': [0.1, 0.3, 0.5, 0.7, 0.9], 'jdotclassifier__base_estimator__estimator_name': ['SVC'], 'jdotclassifier__n_iter_max': [100], 'jdotclassifier__thr_weights': [1e-07], 'jdotclassifier__tol': [1e-06]}"
Simulated,concept_drift,KLIEP,best_scorer,Reweighting,0.6609999999999999,0.022912878474779148,"[0.6625, 0.65625, 0.69375, 0.64375, 0.66875, 0.6625, 0.7, 0.69375, 0.65625, 0.66875, 0.61875, 0.64375, 0.63125, 0.68125, 0.675, 0.69375, 0.65, 0.65625, 0.66875, 0.68125, 0.6625, 0.6125, 0.6375, 0.6625, 0.64375]",0.6609999999999999,0.022912878474779148,"[0.6625, 0.65625, 0.69375, 0.64375, 0.66875, 0.6625000000000001, 0.7, 0.6937500000000001, 0.65625, 0.66875, 0.61875, 0.64375, 0.6312500000000001, 0.68125, 0.675, 0.69375, 0.65, 0.65625, 0.66875, 0.68125, 0.6625, 0.6125, 0.6375, 0.6625, 0.64375]",0.6230906985216721,0.03183544769042904,"[0.625974025974026, 0.6173746684638463, 0.6699086354258769, 0.5960132890365448, 0.6312883168833427, 0.6226415094339622, 0.6799999999999999, 0.6648283527852593, 0.6206733048838312, 0.6312883168833427, 0.5676633444075304, 0.6101064511991792, 0.5776475325488792, 0.6482607008922798, 0.6428571428571429, 0.6699086354258769, 0.6086652690426275, 0.6206733048838312, 0.6344670028880556, 0.6511478773887391, 0.625974025974026, 0.5538765965101637, 0.5909010756480338, 0.6191147945688591, 0.5960132890365448]",0.6609999999999999,0.02291287847477915,"[0.6625000000000001, 0.65625, 0.69375, 0.64375, 0.6687500000000001, 0.6625, 0.7, 0.69375, 0.6562500000000001, 0.6687500000000001, 0.6187499999999999, 0.64375, 0.63125, 0.68125, 0.6749999999999999, 0.69375, 0.6499999999999999, 0.6562500000000001, 0.66875, 0.68125, 0.6625000000000001, 0.6125, 0.6375000000000001, 0.6625, 0.64375]","{'finalestimator__estimator_name': ['SVC'], 'kliepreweightadapter__cv': [5], 'kliepreweightadapter__gamma': [0.0001, 0.001, 0.01, 0.1, 1.0, 10.0, 100.0, 1000.0, 'auto', 'scale'], 'kliepreweightadapter__max_iter': [1000], 'kliepreweightadapter__n_centers': [100], 'kliepreweightadapter__random_state': [0], 'kliepreweightadapter__tol': [1e-06]}"
Simulated,concept_drift,KMM,best_scorer,Reweighting,0.6655,0.02621525478291855,"[0.65625, 0.6625, 0.70625, 0.65, 0.66875, 0.70625, 0.7125, 0.7125, 0.63125, 0.675, 0.625, 0.675, 0.66875, 0.66875, 0.6625, 0.68125, 0.6375, 0.65625, 0.675, 0.675, 0.66875, 0.6125, 0.6375, 0.66875, 0.64375]",0.6655,0.02621525478291854,"[0.65625, 0.6625, 0.70625, 0.65, 0.66875, 0.70625, 0.7124999999999999, 0.7125, 0.63125, 0.675, 0.625, 0.675, 0.66875, 0.66875, 0.6625, 0.68125, 0.6375, 0.65625, 0.675, 0.675, 0.66875, 0.6125, 0.6375, 0.66875, 0.64375]",0.6295551703767885,0.03493549999541515,"[0.6173746684638463, 0.625974025974026, 0.6856055855177892, 0.6050079351084465, 0.6312883168833427, 0.6810180275715801, 0.6953137936744495, 0.6889790398918187, 0.5818383167220377, 0.6428571428571429, 0.5879120879120879, 0.6484110885733604, 0.6344670028880556, 0.6312883168833427, 0.625974025974026, 0.6538706256627783, 0.5909010756480338, 0.6173746684638463, 0.6428571428571429, 0.6428571428571429, 0.6344670028880556, 0.5584045584045583, 0.5909010756480338, 0.6279233030582247, 0.5960132890365448]",0.6655,0.026215254782918525,"[0.65625, 0.6625000000000001, 0.7062499999999999, 0.65, 0.6687500000000001, 0.70625, 0.7125, 0.7125, 0.63125, 0.6749999999999999, 0.625, 0.6749999999999999, 0.66875, 0.6687500000000001, 0.6625000000000001, 0.6812499999999999, 0.6375000000000001, 0.65625, 0.6749999999999999, 0.6749999999999999, 0.66875, 0.6124999999999999, 0.6375000000000001, 0.66875, 0.64375]","{'finalestimator__estimator_name': ['SVC'], 'kmmreweightadapter__B': [1000.0], 'kmmreweightadapter__gamma': [0.0001, 0.001, 0.01, 0.1, 1.0, 10.0, 100.0, 1000.0, None], 'kmmreweightadapter__max_iter': [1000], 'kmmreweightadapter__smooth_weights': [False], 'kmmreweightadapter__tol': [1e-06]}"
Simulated,concept_drift,MMD-LS,best_scorer,Mapping,0.8127500000000001,0.03264989471652245,"[0.76875, 0.8, 0.8375, 0.8, 0.81875, 0.80625, 0.8, 0.84375, 0.84375, 0.825, 0.825, 0.7875, 0.83125, 0.90625, 0.80625, 0.80625, 0.79375, 0.76875, 0.79375, 0.83125, 0.84375, 0.75625, 0.7625, 0.8375, 0.825]",0.8127500000000001,0.03264989471652243,"[0.76875, 0.8, 0.8374999999999999, 0.8, 0.81875, 0.80625, 0.8, 0.84375, 0.84375, 0.825, 0.825, 0.7875, 0.83125, 0.90625, 0.80625, 0.80625, 0.79375, 0.76875, 0.79375, 0.83125, 0.84375, 0.7562500000000001, 0.7625, 0.8375, 0.825]",0.8124478566635743,0.03285497462864223,"[0.7687409664440018, 0.7994987468671679, 0.837092731829574, 0.7994987468671679, 0.8187429196452987, 0.806060606060606, 0.8, 0.8436950490406783, 0.8436950490406783, 0.8248905565978737, 0.8249726519768714, 0.7873671044402751, 0.8311906529639327, 0.906217029424407, 0.806060606060606, 0.8056350170461226, 0.7937419430446502, 0.7672132436789745, 0.7937419430446502, 0.8301285832251976, 0.843743896245947, 0.7546301757697298, 0.7621655452980753, 0.8375, 0.8249726519768714]",0.8127500000000001,0.03264989471652246,"[0.7687499999999999, 0.8, 0.8374999999999999, 0.8, 0.8187499999999999, 0.80625, 0.8, 0.8437500000000001, 0.8437500000000001, 0.825, 0.8250000000000001, 0.7874999999999999, 0.8312499999999999, 0.90625, 0.80625, 0.80625, 0.79375, 0.7687499999999999, 0.79375, 0.83125, 0.8437500000000001, 0.75625, 0.7625000000000001, 0.8374999999999999, 0.8250000000000001]","{'finalestimator__estimator_name': ['SVC'], 'mmdlsconsmappingadapter__gamma': [0.1, 1, 10], 'mmdlsconsmappingadapter__max_iter': [100], 'mmdlsconsmappingadapter__reg_k': [1e-10, 1e-08], 'mmdlsconsmappingadapter__reg_m': [1e-10, 1e-08], 'mmdlsconsmappingadapter__tol': [1e-05]}"
Simulated,concept_drift,CORAL,best_scorer,Mapping,0.6635,0.0295187087567642,"[0.63125, 0.64375, 0.7, 0.65, 0.6625, 0.69375, 0.69375, 0.71875, 0.63125, 0.7, 0.60625, 0.7, 0.65, 0.66875, 0.68125, 0.6625, 0.625, 0.65625, 0.65, 0.69375, 0.6625, 0.6125, 0.65, 0.66875, 0.675]",0.6635,0.029518708756764208,"[0.63125, 0.64375, 0.7, 0.65, 0.6625000000000001, 0.69375, 0.69375, 0.71875, 0.63125, 0.7, 0.60625, 0.7, 0.65, 0.66875, 0.68125, 0.6625, 0.625, 0.65625, 0.65, 0.69375, 0.6625, 0.6125, 0.65, 0.66875, 0.675]",0.6258118382491888,0.039308370751956756,"[0.5818383167220377, 0.5960132890365448, 0.6754563894523326, 0.6011396011396011, 0.6226415094339622, 0.6620543988965041, 0.6699086354258769, 0.6968548692686625, 0.5818383167220377, 0.6729688298415943, 0.5534883720930233, 0.6799999999999999, 0.6050079351084465, 0.6312883168833427, 0.6511478773887391, 0.6291208791208792, 0.5767942161876213, 0.6173746684638463, 0.6121212121212121, 0.6674443266171792, 0.625974025974026, 0.5584045584045583, 0.6086652690426275, 0.6279233030582247, 0.6398268398268397]",0.6635,0.02951870875676423,"[0.63125, 0.64375, 0.7000000000000001, 0.65, 0.6625, 0.69375, 0.69375, 0.71875, 0.63125, 0.7000000000000001, 0.60625, 0.7, 0.65, 0.6687500000000001, 0.68125, 0.6625000000000001, 0.625, 0.65625, 0.65, 0.69375, 0.6625000000000001, 0.6124999999999999, 0.6499999999999999, 0.66875, 0.6750000000000002]","{'coraladapter__reg': ['auto'], 'finalestimator__estimator_name': ['SVC']}"
Simulated,concept_drift,OTLabelProp,best_scorer,Other,0.8077500000000001,0.039375,"[0.76875, 0.78125, 0.8375, 0.80625, 0.7625, 0.825, 0.8125, 0.85, 0.73125, 0.83125, 0.83125, 0.76875, 0.825, 0.925, 0.81875, 0.8, 0.78125, 0.79375, 0.76875, 0.80625, 0.85, 0.76875, 0.7875, 0.83125, 0.83125]",0.8077500000000001,0.039375,"[0.76875, 0.78125, 0.8375, 0.80625, 0.7625, 0.825, 0.8125, 0.85, 0.73125, 0.83125, 0.83125, 0.76875, 0.825, 0.925, 0.81875, 0.8, 0.78125, 0.79375, 0.76875, 0.8062499999999999, 0.85, 0.76875, 0.7875, 0.83125, 0.83125]",0.8071334714370224,0.04016585294206681,"[0.7687409664440018, 0.7805556644069125, 0.8372711625723674, 0.806060606060606, 0.7621655452980753, 0.825, 0.8124706985466478, 0.85, 0.7233726026295686, 0.8312434079456228, 0.8311906529639327, 0.7680159880873074, 0.825, 0.9249882794186592, 0.8181746933657275, 0.7984569359156038, 0.7811730686569497, 0.7927705168962675, 0.7680159880873074, 0.8058784392000312, 0.849788765451416, 0.7680159880873074, 0.7875, 0.8312434079456228, 0.8312434079456228]",0.80775,0.039375000000000014,"[0.76875, 0.78125, 0.8375, 0.80625, 0.7625000000000001, 0.825, 0.8124999999999999, 0.85, 0.73125, 0.8312499999999999, 0.83125, 0.7687499999999999, 0.825, 0.925, 0.81875, 0.8, 0.78125, 0.7937500000000001, 0.7687499999999999, 0.80625, 0.8499999999999999, 0.7687499999999999, 0.7875, 0.8312499999999999, 0.8312499999999999]","{'finalestimator__estimator_name': ['SVC'], 'otlabelpropadapter__metric': ['sqeuclidean', 'cosine', 'cityblock'], 'otlabelpropadapter__reg': [None, 0.1, 1.0]}"
Simulated,concept_drift,JPCA,best_scorer,Subspace,0.66175,0.0238211653087473,"[0.6625, 0.65625, 0.7, 0.65, 0.66875, 0.6625, 0.7, 0.69375, 0.65625, 0.66875, 0.6125, 0.64375, 0.63125, 0.68125, 0.675, 0.69375, 0.65, 0.65625, 0.66875, 0.68125, 0.6625, 0.6125, 0.6375, 0.675, 0.64375]",0.66175,0.023821165308747297,"[0.6625, 0.65625, 0.7, 0.65, 0.66875, 0.6625000000000001, 0.7, 0.6937500000000001, 0.65625, 0.66875, 0.6125, 0.64375, 0.6312500000000001, 0.68125, 0.675, 0.69375, 0.65, 0.65625, 0.66875, 0.68125, 0.6625, 0.6125, 0.6375, 0.675, 0.64375]",0.624267149182694,0.0325497333707863,"[0.625974025974026, 0.6173746684638463, 0.6777982883034066, 0.6050079351084465, 0.6312883168833427, 0.6226415094339622, 0.6799999999999999, 0.6648283527852593, 0.6206733048838312, 0.6312883168833427, 0.5626873567272086, 0.6101064511991792, 0.5776475325488792, 0.6482607008922798, 0.6428571428571429, 0.6699086354258769, 0.6086652690426275, 0.6206733048838312, 0.6344670028880556, 0.6511478773887391, 0.625974025974026, 0.5538765965101637, 0.5909010756480338, 0.636617749825297, 0.5960132890365448]",0.66175,0.023821165308747314,"[0.6625000000000001, 0.65625, 0.7, 0.65, 0.6687500000000001, 0.6625, 0.7, 0.69375, 0.6562500000000001, 0.6687500000000001, 0.6124999999999999, 0.64375, 0.63125, 0.68125, 0.6749999999999999, 0.69375, 0.6499999999999999, 0.6562500000000001, 0.66875, 0.68125, 0.6625000000000001, 0.6125, 0.6375000000000001, 0.675, 0.64375]","{'finalestimator__estimator_name': ['SVC'], 'pca__n_components': [1, 2, 5, 10, 20, 50, 100]}"
Simulated,concept_drift,MMDTarS,best_scorer,Reweighting,0.659,0.024677608777999533,"[0.65625, 0.65625, 0.7, 0.65, 0.66875, 0.6625, 0.7, 0.70625, 0.65625, 0.66875, 0.6125, 0.64375, 0.61875, 0.675, 0.66875, 0.66875, 0.65, 0.65, 0.66875, 0.68125, 0.6625, 0.60625, 0.6375, 0.6625, 0.64375]",0.659,0.024677608777999533,"[0.65625, 0.65625, 0.7, 0.65, 0.66875, 0.6625000000000001, 0.7, 0.70625, 0.65625, 0.66875, 0.6125, 0.64375, 0.61875, 0.675, 0.66875, 0.66875, 0.65, 0.65, 0.66875, 0.68125, 0.6625, 0.60625, 0.6375, 0.6625, 0.64375]",0.6200242673933698,0.034209065344169176,"[0.6173746684638463, 0.6173746684638463, 0.6754563894523326, 0.6050079351084465, 0.6312883168833427, 0.6226415094339622, 0.6799999999999999, 0.6810180275715801, 0.6206733048838312, 0.6312883168833427, 0.5584045584045583, 0.606879606879607, 0.558750395587504, 0.6398268398268397, 0.6344670028880556, 0.6374674019922193, 0.6086652690426275, 0.6121212121212121, 0.6344670028880556, 0.6511478773887391, 0.625974025974026, 0.544283195442832, 0.5909010756480338, 0.6191147945688591, 0.5960132890365448]",0.659,0.02467760877799958,"[0.65625, 0.65625, 0.7000000000000001, 0.65, 0.6687500000000001, 0.6625, 0.7, 0.70625, 0.6562500000000001, 0.6687500000000001, 0.6124999999999999, 0.6437499999999999, 0.61875, 0.6750000000000002, 0.66875, 0.6687500000000001, 0.6499999999999999, 0.65, 0.66875, 0.68125, 0.6625000000000001, 0.60625, 0.6375000000000001, 0.6625, 0.64375]","{'finalestimator__estimator_name': ['SVC'], 'mmdtarsreweightadapter__gamma': [0.0001, 0.001, 0.01, 0.1, 1.0, 10.0, 100.0, 1000.0, None], 'mmdtarsreweightadapter__max_iter': [1000], 'mmdtarsreweightadapter__reg': [1e-06], 'mmdtarsreweightadapter__tol': [1e-06]}"
Simulated,concept_drift,ClassRegOT,best_scorer,Mapping,0.81525,0.03456764202256207,"[0.7625, 0.76875, 0.825, 0.79375, 0.8375, 0.81875, 0.83125, 0.85625, 0.83125, 0.825, 0.84375, 0.775, 0.83125, 0.9125, 0.81875, 0.80625, 0.775, 0.8, 0.78125, 0.8, 0.85, 0.76875, 0.79375, 0.84375, 0.83125]",0.81525,0.03456764202256208,"[0.7625, 0.76875, 0.825, 0.79375, 0.8375, 0.81875, 0.83125, 0.85625, 0.83125, 0.825, 0.84375, 0.7749999999999999, 0.83125, 0.9125, 0.81875, 0.80625, 0.7749999999999999, 0.8, 0.78125, 0.8, 0.85, 0.76875, 0.79375, 0.84375, 0.83125]",0.8149440632161407,0.03470394706299672,"[0.7625, 0.768306524206489, 0.824313725490196, 0.7933544675355172, 0.8375, 0.8187429196452987, 0.8311906529639327, 0.8562443845462713, 0.8309263825290595, 0.825, 0.843743896245947, 0.7737272155876808, 0.8311906529639327, 0.9123767798466592, 0.8181746933657275, 0.8056350170461226, 0.7749648382559775, 0.7988686360779385, 0.7811730686569497, 0.7998749218261413, 0.8494117647058823, 0.7676517916715726, 0.7937419430446502, 0.843743896245947, 0.8312434079456228]",0.81525,0.03456764202256207,"[0.7625, 0.7687499999999999, 0.825, 0.79375, 0.8374999999999999, 0.8187499999999999, 0.8312499999999999, 0.8562500000000001, 0.83125, 0.825, 0.8437500000000001, 0.7749999999999999, 0.8312499999999999, 0.9125, 0.81875, 0.80625, 0.775, 0.8, 0.7812500000000001, 0.7999999999999999, 0.85, 0.76875, 0.7937500000000001, 0.8437500000000001, 0.8312499999999999]","[{'classregularizerotmappingadapter__max_inner_iter': [1000], 'classregularizerotmappingadapter__max_iter': [10], 'classregularizerotmappingadapter__metric': ['sqeuclidean', 'cosine', 'cityblock'], 'classregularizerotmappingadapter__norm': ['lpl1'], 'classregularizerotmappingadapter__reg_cl': [0.1], 'classregularizerotmappingadapter__reg_e': [0.1], 'classregularizerotmappingadapter__tol': [1e-06], 'finalestimator__estimator_name': ['SVC']}, {'classregularizerotmappingadapter__max_inner_iter': [1000], 'classregularizerotmappingadapter__max_iter': [10], 'classregularizerotmappingadapter__metric': ['sqeuclidean', 'cosine', 'cityblock'], 'classregularizerotmappingadapter__norm': ['lpl1'], 'classregularizerotmappingadapter__reg_cl': [0.5], 'classregularizerotmappingadapter__reg_e': [0.5], 'classregularizerotmappingadapter__tol': [1e-06], 'finalestimator__estimator_name': ['SVC']}, {'classregularizerotmappingadapter__max_inner_iter': [1000], 'classregularizerotmappingadapter__max_iter': [10], 'classregularizerotmappingadapter__metric': ['sqeuclidean', 'cosine', 'cityblock'], 'classregularizerotmappingadapter__norm': ['lpl1'], 'classregularizerotmappingadapter__reg_cl': [1.0], 'classregularizerotmappingadapter__reg_e': [1.0], 'classregularizerotmappingadapter__tol': [1e-06], 'finalestimator__estimator_name': ['SVC']}]"
Simulated,concept_drift,Dens. RW,best_scorer,Reweighting,0.66175,0.0238211653087473,"[0.6625, 0.65625, 0.7, 0.65, 0.66875, 0.6625, 0.7, 0.69375, 0.65625, 0.66875, 0.6125, 0.64375, 0.63125, 0.68125, 0.675, 0.69375, 0.65, 0.65625, 0.66875, 0.68125, 0.6625, 0.6125, 0.6375, 0.675, 0.64375]",0.66175,0.023821165308747297,"[0.6625, 0.65625, 0.7, 0.65, 0.66875, 0.6625000000000001, 0.7, 0.6937500000000001, 0.65625, 0.66875, 0.6125, 0.64375, 0.6312500000000001, 0.68125, 0.675, 0.69375, 0.65, 0.65625, 0.66875, 0.68125, 0.6625, 0.6125, 0.6375, 0.675, 0.64375]",0.624267149182694,0.0325497333707863,"[0.625974025974026, 0.6173746684638463, 0.6777982883034066, 0.6050079351084465, 0.6312883168833427, 0.6226415094339622, 0.6799999999999999, 0.6648283527852593, 0.6206733048838312, 0.6312883168833427, 0.5626873567272086, 0.6101064511991792, 0.5776475325488792, 0.6482607008922798, 0.6428571428571429, 0.6699086354258769, 0.6086652690426275, 0.6206733048838312, 0.6344670028880556, 0.6511478773887391, 0.625974025974026, 0.5538765965101637, 0.5909010756480338, 0.636617749825297, 0.5960132890365448]",0.66175,0.023821165308747314,"[0.6625000000000001, 0.65625, 0.7, 0.65, 0.6687500000000001, 0.6625, 0.7, 0.69375, 0.6562500000000001, 0.6687500000000001, 0.6124999999999999, 0.64375, 0.63125, 0.68125, 0.6749999999999999, 0.69375, 0.6499999999999999, 0.6562500000000001, 0.66875, 0.68125, 0.6625000000000001, 0.6125, 0.6375000000000001, 0.675, 0.64375]","{'densityreweightadapter__weight_estimator__bandwidth': [0.01, 0.1, 1.0, 10.0, 100.0, 'scott', 'silverman'], 'finalestimator__estimator_name': ['SVC']}"
Simulated,concept_drift,Disc. RW,best_scorer,Reweighting,0.71625,0.03272557931751043,"[0.7125, 0.70625, 0.79375, 0.7, 0.73125, 0.73125, 0.725, 0.71875, 0.7, 0.7125, 0.66875, 0.73125, 0.65625, 0.76875, 0.75625, 0.74375, 0.7125, 0.70625, 0.69375, 0.73125, 0.675, 0.73125, 0.65, 0.725, 0.725]",0.71625,0.03272557931751043,"[0.7125, 0.70625, 0.79375, 0.7, 0.73125, 0.73125, 0.725, 0.71875, 0.7, 0.7125, 0.66875, 0.73125, 0.65625, 0.76875, 0.75625, 0.7437499999999999, 0.7125, 0.70625, 0.69375, 0.73125, 0.675, 0.73125, 0.65, 0.725, 0.725]",0.698307475250808,0.040151905498980796,"[0.6933333333333334, 0.6833817523472696, 0.7907999524545346, 0.6820665673124691, 0.7142738485817517, 0.7123625569630837, 0.7103357472021067, 0.6989840712404365, 0.6777982883034066, 0.6912233596240981, 0.6478259063914613, 0.7233726026295686, 0.6173746684638463, 0.7571282051282051, 0.744, 0.7323650605850436, 0.6971691902567478, 0.6914871794871795, 0.6783589743589744, 0.7177435897435898, 0.6428571428571429, 0.7207678883071553, 0.6121212121212121, 0.7119947635411552, 0.7085610200364298]",0.71625,0.03272557931751045,"[0.7125, 0.70625, 0.79375, 0.7, 0.7312500000000001, 0.7312500000000001, 0.7249999999999999, 0.7187499999999999, 0.7, 0.7124999999999999, 0.66875, 0.73125, 0.65625, 0.76875, 0.75625, 0.74375, 0.7125, 0.70625, 0.69375, 0.73125, 0.6749999999999999, 0.7312500000000001, 0.65, 0.725, 0.7250000000000001]","{'discriminatorreweightadapter__domain_classifier__estimator_name': ['LR', 'SVC', 'KNN', 'XGB'], 'finalestimator__estimator_name': ['SVC']}"
Simulated,concept_drift,EntOT,best_scorer,Mapping,0.8172499999999999,0.032838779159199374,"[0.75625, 0.79375, 0.83125, 0.79375, 0.83125, 0.83125, 0.81875, 0.84375, 0.8375, 0.83125, 0.8375, 0.79375, 0.8375, 0.91875, 0.81875, 0.8125, 0.78125, 0.79375, 0.7875, 0.80625, 0.84375, 0.7625, 0.8, 0.8375, 0.83125]",0.8172499999999999,0.032838779159199374,"[0.75625, 0.79375, 0.83125, 0.79375, 0.83125, 0.83125, 0.8187500000000001, 0.84375, 0.8374999999999999, 0.83125, 0.8375, 0.79375, 0.8375, 0.91875, 0.81875, 0.8125, 0.78125, 0.79375, 0.7875, 0.80625, 0.84375, 0.7625, 0.8, 0.8374999999999999, 0.83125]",0.8170192133835772,0.03295997992341423,"[0.7560117302052787, 0.7930953407265176, 0.8310850439882698, 0.7930953407265176, 0.8311906529639327, 0.8310850439882698, 0.8184024108645452, 0.8435972629521016, 0.8374746054070948, 0.8312434079456228, 0.83739837398374, 0.7936774647336954, 0.8375, 0.9187468260478924, 0.8181746933657275, 0.8123827392120073, 0.7811730686569497, 0.7930953407265176, 0.7873671044402751, 0.8062424313449743, 0.8436950490406783, 0.7615686274509803, 0.8, 0.837092731829574, 0.8310850439882698]",0.81725,0.03283877915919937,"[0.75625, 0.7937500000000001, 0.8312500000000002, 0.7937500000000001, 0.8312499999999999, 0.8312500000000002, 0.8187500000000001, 0.84375, 0.8375, 0.8312499999999999, 0.8375000000000001, 0.7937500000000001, 0.8374999999999999, 0.91875, 0.81875, 0.8125, 0.7812500000000001, 0.7937500000000001, 0.7874999999999999, 0.8062500000000001, 0.84375, 0.7625, 0.8, 0.8375, 0.8312500000000002]","{'entropicotmappingadapter__max_iter': [1000], 'entropicotmappingadapter__metric': ['sqeuclidean', 'cosine', 'cityblock'], 'entropicotmappingadapter__norm': ['median'], 'entropicotmappingadapter__reg_e': [0.1, 0.5, 1.0], 'entropicotmappingadapter__tol': [1e-06], 'finalestimator__estimator_name': ['SVC']}"
Simulated,concept_drift,Gauss. RW,best_scorer,Reweighting,0.6497499999999999,0.02376370218772037,"[0.65, 0.64375, 0.7, 0.6375, 0.66875, 0.6625, 0.66875, 0.6875, 0.63125, 0.66875, 0.6125, 0.6375, 0.61875, 0.66875, 0.65625, 0.6625, 0.6375, 0.64375, 0.6625, 0.6625, 0.64375, 0.5875, 0.6375, 0.65625, 0.6375]",0.6497499999999999,0.02376370218772037,"[0.65, 0.64375, 0.7, 0.6375, 0.66875, 0.6625, 0.66875, 0.6875, 0.63125, 0.66875, 0.6125, 0.6375, 0.61875, 0.66875, 0.65625, 0.6625, 0.6375, 0.64375, 0.6625, 0.6625, 0.64375, 0.5875, 0.6375, 0.65625, 0.6375]",0.6063521138488636,0.03345301848234446,"[0.6086652690426275, 0.5960132890365448, 0.6754563894523326, 0.586894586894587, 0.6312883168833427, 0.6191147945688591, 0.6402969247083774, 0.6565934065934066, 0.5858014128384011, 0.6279233030582247, 0.5584045584045583, 0.5946890286512928, 0.558750395587504, 0.6312883168833427, 0.6173746684638463, 0.6291208791208792, 0.5909010756480338, 0.5998420429116756, 0.625974025974026, 0.625974025974026, 0.5998420429116756, 0.5146166574738003, 0.586894586894587, 0.6101882613510521, 0.586894586894587]",0.6497499999999999,0.023763702187720406,"[0.6499999999999999, 0.64375, 0.7000000000000001, 0.6375000000000001, 0.6687500000000001, 0.6625, 0.66875, 0.6875, 0.63125, 0.66875, 0.6124999999999999, 0.6375000000000001, 0.61875, 0.6687500000000001, 0.65625, 0.6625000000000001, 0.6375000000000001, 0.6437499999999999, 0.6625000000000001, 0.6625000000000001, 0.6437499999999999, 0.5874999999999999, 0.6375000000000001, 0.65625, 0.6375000000000001]","{'finalestimator__estimator_name': ['SVC'], 'gaussianreweightadapter__reg': ['auto', 1e-05, 0.01, 0.5]}"
Simulated,concept_drift,LinOT,best_scorer,Mapping,0.794,0.04955794167773045,"[0.75, 0.775, 0.83125, 0.65625, 0.83125, 0.825, 0.7375, 0.8375, 0.83125, 0.825, 0.7375, 0.78125, 0.78125, 0.9, 0.8125, 0.8375, 0.79375, 0.7875, 0.79375, 0.80625, 0.825, 0.74375, 0.75, 0.84375, 0.75625]",0.794,0.04955794167773044,"[0.75, 0.7749999999999999, 0.83125, 0.65625, 0.83125, 0.825, 0.7375, 0.8374999999999999, 0.83125, 0.825, 0.7375, 0.78125, 0.78125, 0.9, 0.8125, 0.8375, 0.79375, 0.7875000000000001, 0.79375, 0.8062499999999999, 0.825, 0.74375, 0.75, 0.84375, 0.7562500000000001]",0.7907007680760293,0.05572636839028872,"[0.7467953790156671, 0.7744360902255639, 0.8309263825290595, 0.6173746684638463, 0.8312434079456228, 0.8249726519768714, 0.7250859106529208, 0.8374746054070948, 0.8311906529639327, 0.8249726519768714, 0.731457800511509, 0.7810361681329423, 0.7766343584220813, 0.8999374609130708, 0.8095238095238095, 0.8375, 0.7937419430446502, 0.7874667916862009, 0.7937419430446502, 0.8061818608104412, 0.824313725490196, 0.7414778325123152, 0.745182353878006, 0.843743896245947, 0.751106856527462]",0.794,0.04955794167773045,"[0.75, 0.7749999999999999, 0.83125, 0.65625, 0.8312499999999999, 0.8250000000000001, 0.7374999999999999, 0.8375, 0.8312499999999999, 0.8250000000000001, 0.7374999999999999, 0.78125, 0.78125, 0.9, 0.8125, 0.8374999999999999, 0.79375, 0.7875, 0.79375, 0.8062499999999999, 0.825, 0.74375, 0.75, 0.84375, 0.7562500000000001]","{'finalestimator__estimator_name': ['SVC'], 'linearotmappingadapter__bias': [True, False], 'linearotmappingadapter__reg': [1e-08, 1e-06, 0.1, 1, 10]}"
Simulated,concept_drift,NN RW,best_scorer,Reweighting,0.66675,0.02587781788198793,"[0.64375, 0.675, 0.70625, 0.63125, 0.69375, 0.68125, 0.70625, 0.71875, 0.65625, 0.65625, 0.6375, 0.6625, 0.6375, 0.66875, 0.6875, 0.675, 0.65625, 0.65, 0.6875, 0.69375, 0.65625, 0.61875, 0.65625, 0.675, 0.6375]",0.66675,0.025877817881987928,"[0.64375, 0.675, 0.70625, 0.6312500000000001, 0.6937500000000001, 0.68125, 0.70625, 0.71875, 0.65625, 0.65625, 0.6375, 0.6625, 0.6375, 0.66875, 0.6875, 0.675, 0.65625, 0.65, 0.6875, 0.69375, 0.65625, 0.61875, 0.65625, 0.675, 0.6375]",0.6311549310211493,0.03512545517983334,"[0.5998420429116756, 0.6428571428571429, 0.6856055855177892, 0.5776475325488792, 0.6648283527852593, 0.6482607008922798, 0.6876946717056356, 0.6968548692686625, 0.6206733048838312, 0.6138826729849501, 0.6016483516483516, 0.6320899335717935, 0.586894586894587, 0.6312883168833427, 0.6593425310849941, 0.6457162323283938, 0.6173746684638463, 0.6121212121212121, 0.6643732169827152, 0.6674443266171792, 0.6173746684638463, 0.5676633444075304, 0.6138826729849501, 0.636617749825297, 0.586894586894587]",0.66675,0.025877817881987945,"[0.6437499999999999, 0.6749999999999999, 0.7062499999999999, 0.63125, 0.69375, 0.68125, 0.7062499999999999, 0.71875, 0.6562500000000001, 0.65625, 0.6375, 0.6625, 0.6375000000000001, 0.6687500000000001, 0.6875, 0.675, 0.65625, 0.65, 0.6875, 0.69375, 0.65625, 0.6187499999999999, 0.65625, 0.675, 0.6375000000000001]","{'finalestimator__estimator_name': ['SVC'], 'nearestneighborreweightadapter__laplace_smoothing': [True, False], 'nearestneighborreweightadapter__n_neighbors': [1]}"
Simulated,concept_drift,MapOT,best_scorer,Mapping,0.816,0.033805895072703936,"[0.76875, 0.7875, 0.8375, 0.8, 0.83125, 0.825, 0.80625, 0.85, 0.83125, 0.83125, 0.83125, 0.78125, 0.8375, 0.925, 0.81875, 0.79375, 0.78125, 0.8, 0.7875, 0.8125, 0.85, 0.76875, 0.78125, 0.83125, 0.83125]",0.816,0.03380589507270392,"[0.76875, 0.7875000000000001, 0.8375, 0.8, 0.83125, 0.825, 0.8062499999999999, 0.85, 0.83125, 0.83125, 0.83125, 0.78125, 0.8375, 0.925, 0.81875, 0.79375, 0.78125, 0.8, 0.7875, 0.8125, 0.85, 0.76875, 0.78125, 0.83125, 0.83125]",0.8157201605456227,0.0339744493245395,"[0.7687409664440018, 0.7869674185463659, 0.8372711625723674, 0.7994987468671679, 0.8312434079456228, 0.825, 0.8061818608104412, 0.85, 0.8311906529639327, 0.8312434079456228, 0.8311906529639327, 0.7802111542839201, 0.8375, 0.9249882794186592, 0.8181746933657275, 0.7923793794974637, 0.7811730686569497, 0.7988686360779385, 0.7875, 0.81203007518797, 0.849906191369606, 0.7680159880873074, 0.7812414547443259, 0.8312434079456228, 0.8312434079456228]",0.816,0.03380589507270391,"[0.76875, 0.7875000000000001, 0.8375, 0.8, 0.8312499999999999, 0.825, 0.8062499999999999, 0.85, 0.8312499999999999, 0.8312499999999999, 0.83125, 0.7812500000000001, 0.8374999999999999, 0.925, 0.81875, 0.79375, 0.78125, 0.8, 0.7875, 0.8125, 0.85, 0.7687499999999999, 0.78125, 0.8312499999999999, 0.8312499999999999]","{'finalestimator__estimator_name': ['SVC'], 'otmappingadapter__max_iter': [1000000], 'otmappingadapter__metric': ['sqeuclidean', 'cosine', 'cityblock'], 'otmappingadapter__norm': ['median']}"
Simulated,concept_drift,SA,best_scorer,Subspace,0.80125,0.028867513459481298,"[0.75625, 0.76875, 0.825, 0.8, 0.81875, 0.8125, 0.78125, 0.825, 0.825, 0.825, 0.775, 0.7875, 0.8125, 0.86875, 0.8125, 0.81875, 0.7625, 0.7875, 0.7875, 0.825, 0.81875, 0.7625, 0.75, 0.83125, 0.79375]",0.80125,0.028867513459481298,"[0.7562500000000001, 0.76875, 0.825, 0.8, 0.8187500000000001, 0.8125, 0.78125, 0.825, 0.825, 0.825, 0.775, 0.7875000000000001, 0.8125, 0.86875, 0.8125, 0.81875, 0.7625, 0.7875, 0.7875, 0.825, 0.81875, 0.7625, 0.75, 0.83125, 0.79375]",0.8003213389758819,0.029141453925512834,"[0.7557825525419749, 0.7687409664440018, 0.8249726519768714, 0.7994987468671679, 0.818686256887187, 0.8117647058823529, 0.7802111542839201, 0.8240100565681961, 0.8240100565681961, 0.8240100565681961, 0.7732640529050544, 0.7874667916862009, 0.8106060606060606, 0.8675862068965519, 0.8114393463230674, 0.818572825024438, 0.7615686274509803, 0.7875, 0.7866666666666667, 0.8247535596933186, 0.8178892421209623, 0.7587301587301587, 0.7474747474747474, 0.8304486047333098, 0.7923793794974637]",0.80125,0.028867513459481305,"[0.7562500000000001, 0.76875, 0.825, 0.8, 0.8187500000000001, 0.8125, 0.78125, 0.825, 0.825, 0.825, 0.775, 0.7875, 0.8124999999999999, 0.86875, 0.8125, 0.8187500000000001, 0.7625, 0.7875, 0.7875, 0.8250000000000002, 0.81875, 0.7625, 0.7499999999999999, 0.8312499999999999, 0.79375]","{'finalestimator__estimator_name': ['SVC'], 'subspacealignmentadapter__n_components': [1, 2, 5, 10, 20, 50, 100]}"
Simulated,concept_drift,TCA,best_scorer,Subspace,0.551,0.11056907720214246,"[0.5, 0.625, 0.41875, 0.65625, 0.5875, 0.66875, 0.60625, 0.68125, 0.46875, 0.53125, 0.6125, 0.675, 0.2375, 0.55625, 0.5, 0.41875, 0.6125, 0.4375, 0.55625, 0.4625, 0.4125, 0.64375, 0.6125, 0.68125, 0.6125]",0.551,0.11056907720214244,"[0.5, 0.625, 0.4187499999999999, 0.65625, 0.5874999999999999, 0.66875, 0.60625, 0.68125, 0.46875, 0.53125, 0.6125, 0.675, 0.2375, 0.5562499999999999, 0.5, 0.4187499999999999, 0.6125, 0.4375, 0.5562499999999999, 0.4625, 0.4125, 0.64375, 0.6125, 0.68125, 0.6125]",0.5441256293986514,0.11164618944733909,"[0.4992958848380535, 0.6050032916392363, 0.4159896385258448, 0.6561291078894923, 0.574468085106383, 0.6687370600414079, 0.6027586206896551, 0.6766908356115536, 0.4652196138571035, 0.5270935960591132, 0.6109803921568627, 0.6745423251447348, 0.2277259059977844, 0.553301089221816, 0.497171590194846, 0.4169050511383675, 0.6095103133364825, 0.4343180389692017, 0.5553990059097491, 0.4185260311020961, 0.409176618478944, 0.6187131569045528, 0.6119543107494915, 0.6732732732732734, 0.6002578981302386]",0.551,0.11056907720214244,"[0.5, 0.625, 0.41875, 0.6562500000000001, 0.5874999999999999, 0.6687500000000001, 0.60625, 0.68125, 0.46875, 0.53125, 0.6125, 0.675, 0.2375, 0.5562499999999999, 0.5, 0.41875, 0.6124999999999999, 0.4375, 0.55625, 0.4625, 0.4125, 0.64375, 0.6124999999999999, 0.6812499999999999, 0.6125]","{'finalestimator__estimator_name': ['SVC'], 'transfercomponentanalysisadapter__kernel': ['rbf'], 'transfercomponentanalysisadapter__mu': [10, 100], 'transfercomponentanalysisadapter__n_components': [1, 2, 5, 10, 20, 50, 100]}"
Simulated,concept_drift,TSL,best_scorer,Subspace,0.66175,0.0238211653087473,"[0.6625, 0.65625, 0.7, 0.65, 0.66875, 0.6625, 0.7, 0.69375, 0.65625, 0.66875, 0.6125, 0.64375, 0.63125, 0.68125, 0.675, 0.69375, 0.65, 0.65625, 0.66875, 0.68125, 0.6625, 0.6125, 0.6375, 0.675, 0.64375]",0.66175,0.023821165308747297,"[0.6625, 0.65625, 0.7, 0.65, 0.66875, 0.6625000000000001, 0.7, 0.6937500000000001, 0.65625, 0.66875, 0.6125, 0.64375, 0.6312500000000001, 0.68125, 0.675, 0.69375, 0.65, 0.65625, 0.66875, 0.68125, 0.6625, 0.6125, 0.6375, 0.675, 0.64375]",0.624267149182694,0.0325497333707863,"[0.625974025974026, 0.6173746684638463, 0.6777982883034066, 0.6050079351084465, 0.6312883168833427, 0.6226415094339622, 0.6799999999999999, 0.6648283527852593, 0.6206733048838312, 0.6312883168833427, 0.5626873567272086, 0.6101064511991792, 0.5776475325488792, 0.6482607008922798, 0.6428571428571429, 0.6699086354258769, 0.6086652690426275, 0.6206733048838312, 0.6344670028880556, 0.6511478773887391, 0.625974025974026, 0.5538765965101637, 0.5909010756480338, 0.636617749825297, 0.5960132890365448]",0.66175,0.023821165308747314,"[0.6625000000000001, 0.65625, 0.7, 0.65, 0.6687500000000001, 0.6625, 0.7, 0.69375, 0.6562500000000001, 0.6687500000000001, 0.6124999999999999, 0.64375, 0.63125, 0.68125, 0.6749999999999999, 0.69375, 0.6499999999999999, 0.6562500000000001, 0.66875, 0.68125, 0.6625000000000001, 0.6125, 0.6375000000000001, 0.675, 0.64375]","{'finalestimator__estimator_name': ['SVC'], 'transfersubspacelearningadapter__base_method': ['flda'], 'transfersubspacelearningadapter__length_scale': [2], 'transfersubspacelearningadapter__max_iter': [300], 'transfersubspacelearningadapter__mu': [0.1, 1, 10], 'transfersubspacelearningadapter__n_components': [1, 2, 5, 10, 20, 50, 100], 'transfersubspacelearningadapter__reg': [0.0001], 'transfersubspacelearningadapter__tol': [0.0001]}"
Simulated,covariate_shift,CORAL,best_scorer,Mapping,0.66475,0.04223107317682878,"[0.65625, 0.6375, 0.65, 0.76875, 0.65625, 0.71875, 0.64375, 0.66875, 0.7125, 0.6875, 0.6, 0.63125, 0.6125, 0.6125, 0.65, 0.6125, 0.6875, 0.60625, 0.65625, 0.7125, 0.7, 0.70625, 0.68125, 0.7, 0.65]",0.6825289493221918,0.041552403823940036,"[0.6802325581395349, 0.6627906976744187, 0.6734758013827782, 0.7839409176618479, 0.6802325581395349, 0.7383720930232558, 0.6686046511627907, 0.6918604651162791, 0.7325581395348837, 0.7093023255813954, 0.6144578313253012, 0.6445783132530121, 0.6260366139884213, 0.6260366139884213, 0.6626506024096386, 0.6345098039215686, 0.7058823529411764, 0.6286274509803922, 0.6764705882352942, 0.7286274509803922, 0.7108433734939759, 0.7168674698795181, 0.6927710843373494, 0.7108433734939759, 0.6626506024096386]",0.6295139057859559,0.05631810379707713,"[0.6220211780556608, 0.5963166411173566, 0.6166974324551099, 0.7613248374616091, 0.6220211780556608, 0.7017104565297213, 0.6049893955461293, 0.6386565073790711, 0.694104892816233, 0.662920185461169, 0.5332254002518438, 0.580656289763503, 0.5571526185857874, 0.5571526185857874, 0.6075757575757575, 0.5621753246753247, 0.6614583333333334, 0.5529887169007348, 0.6201617179215271, 0.6949046800850924, 0.6746266152038933, 0.6825844516911241, 0.6502200424178155, 0.6746266152038933, 0.6075757575757575]",0.6825289493221918,0.04155240382394004,"[0.6802325581395349, 0.6627906976744187, 0.6734758013827782, 0.7839409176618478, 0.6802325581395349, 0.7383720930232558, 0.6686046511627908, 0.6918604651162791, 0.7325581395348837, 0.7093023255813953, 0.6144578313253012, 0.6445783132530121, 0.6260366139884211, 0.6260366139884211, 0.6626506024096386, 0.6345098039215686, 0.7058823529411764, 0.6286274509803922, 0.6764705882352942, 0.7286274509803922, 0.7108433734939759, 0.7168674698795181, 0.6927710843373494, 0.7108433734939759, 0.6626506024096386]","{'coraladapter__reg': ['auto'], 'finalestimator__estimator_name': ['SVC']}"
Simulated,covariate_shift,DASVM,best_scorer,Other,0.89,0.022821773229381923,"[0.875, 0.8875, 0.8875, 0.875, 0.90625, 0.8875, 0.925, 0.9375, 0.93125, 0.86875, 0.89375, 0.89375, 0.86875, 0.91875, 0.89375, 0.8625, 0.8875, 0.8625, 0.9, 0.85, 0.89375, 0.91875, 0.875, 0.86875, 0.88125]",0.8933204428534939,0.02254026167509771,"[0.8799497171590195, 0.8915776241357637, 0.8925204274041483, 0.8790069138906349, 0.9099622878692646, 0.8925204274041483, 0.9292897548711504, 0.9399748585795098, 0.9351037083595224, 0.8760213702074168, 0.8975903614457832, 0.8957127210139258, 0.8730245657956501, 0.9207479267720232, 0.8966515412298545, 0.8674509803921568, 0.8909803921568628, 0.8650980392156862, 0.9027450980392157, 0.8533333333333333, 0.8943044906900328, 0.9202785166640588, 0.8762322015334063, 0.8706775152558285, 0.8822562979189486]",0.8898873586502567,0.022909739450212678,"[0.875, 0.8875879043600563, 0.8875, 0.8750976715111737, 0.9063489117267788, 0.8875, 0.9250586029067044, 0.9375880143952432, 0.9313225352663046, 0.8683137829912024, 0.8929701911377996, 0.8936379000429838, 0.8674752270850536, 0.9186642765034584, 0.8933715901530273, 0.8621990306441525, 0.8875, 0.8625859509298326, 0.9000625097671511, 0.85, 0.8937873666523387, 0.9187277823352474, 0.875, 0.8686115235825096, 0.8812731942654011]",0.8933204428534939,0.022540261675097692,"[0.8799497171590196, 0.8915776241357636, 0.8925204274041483, 0.8790069138906349, 0.9099622878692646, 0.8925204274041483, 0.9292897548711502, 0.9399748585795098, 0.9351037083595224, 0.8760213702074169, 0.8975903614457832, 0.8957127210139258, 0.8730245657956501, 0.9207479267720232, 0.8966515412298545, 0.867450980392157, 0.8909803921568628, 0.8650980392156862, 0.9027450980392158, 0.8533333333333334, 0.8943044906900329, 0.9202785166640588, 0.8762322015334064, 0.8706775152558284, 0.8822562979189486]","{'dasvmclassifier__base_estimator__estimator_name': ['SVC'], 'dasvmclassifier__max_iter': [200]}"
Simulated,covariate_shift,JDOT,best_scorer,Other,0.71825,0.04021912635799042,"[0.66875, 0.71875, 0.70625, 0.71875, 0.6375, 0.68125, 0.73125, 0.7875, 0.75625, 0.7625, 0.7375, 0.7125, 0.73125, 0.7375, 0.6125, 0.71875, 0.7875, 0.70625, 0.7375, 0.725, 0.675, 0.725, 0.73125, 0.7125, 0.7375]",0.7192786984759888,0.0400493406926532,"[0.6664047768698931, 0.7176304211187932, 0.7078881206788183, 0.7204588309239472, 0.6382778126964174, 0.6884035197988687, 0.7292583280955374, 0.7891263356379636, 0.7581709616593337, 0.7630421118793211, 0.7375997496479425, 0.7125645438898451, 0.7320450633703646, 0.7390079799718354, 0.6166484118291347, 0.7203921568627452, 0.7890196078431373, 0.7047058823529412, 0.7388235294117647, 0.7301960784313726, 0.6740729150367705, 0.7232045063370365, 0.7315756532624003, 0.7149115944296667, 0.7385385698638711]",0.718009718594181,0.040788200475731694,"[0.6685806692619245, 0.718871423525256, 0.7066520039100684, 0.7191348973607038, 0.6380104834924112, 0.6795908183632735, 0.7311126184577876, 0.7877992489438272, 0.75658357771261, 0.7627976190476191, 0.7375820825515947, 0.7125898999374609, 0.7313024922848548, 0.7373359118612284, 0.6082290190521178, 0.7189807940291508, 0.7876993433395872, 0.7061231798736214, 0.7377462476547842, 0.7239672977624785, 0.674796365914787, 0.7242221873035827, 0.7313445156500332, 0.7116902675637615, 0.7375]",0.7192786984759888,0.040049340692653194,"[0.6664047768698931, 0.7176304211187932, 0.7078881206788183, 0.7204588309239472, 0.6382778126964173, 0.6884035197988685, 0.7292583280955374, 0.7891263356379636, 0.7581709616593337, 0.7630421118793211, 0.7375997496479425, 0.7125645438898451, 0.7320450633703646, 0.7390079799718354, 0.6166484118291348, 0.720392156862745, 0.7890196078431373, 0.7047058823529413, 0.7388235294117647, 0.7301960784313726, 0.6740729150367705, 0.7232045063370365, 0.7315756532624003, 0.7149115944296667, 0.7385385698638711]","{'jdotclassifier__alpha': [0.1, 0.3, 0.5, 0.7, 0.9], 'jdotclassifier__base_estimator__estimator_name': ['SVC'], 'jdotclassifier__n_iter_max': [100], 'jdotclassifier__thr_weights': [1e-07], 'jdotclassifier__tol': [1e-06]}"
Simulated,covariate_shift,KLIEP,best_scorer,Reweighting,0.88875,0.025323428710715048,"[0.85, 0.85625, 0.8875, 0.86875, 0.90625, 0.88125, 0.91875, 0.925, 0.9375, 0.86875, 0.89375, 0.88125, 0.88125, 0.93125, 0.90625, 0.86875, 0.88125, 0.85625, 0.9, 0.85, 0.9, 0.925, 0.88125, 0.8875, 0.875]",0.8920298124852374,0.024596452226413188,"[0.8566939032055312, 0.8634506599622879, 0.8925204274041483, 0.8731929604022628, 0.9099622878692646, 0.8867064739157762, 0.9225329981143936, 0.9274041483343808, 0.9418604651162792, 0.875078566939032, 0.8975903614457832, 0.8827257080269129, 0.8850727585667344, 0.9327961195431076, 0.9086997340009388, 0.8733333333333333, 0.8827450980392156, 0.8592156862745097, 0.9019607843137256, 0.8533333333333333, 0.9003285870755751, 0.926302613049601, 0.8827257080269129, 0.8878109841965263, 0.8767016116413706]",0.8886445356964434,0.025402407171324644,"[0.8496247654784241, 0.855772238514174, 0.8875, 0.8688063986874488, 0.9063489117267788, 0.8811896949099574, 0.9188357234965416, 0.925105617274292, 0.9375488357555868, 0.8685192059708491, 0.8929701911377996, 0.8812175280284386, 0.8803784489187173, 0.9312312004375172, 0.9060483870967742, 0.8685499785080693, 0.8813660801564028, 0.856300539083558, 0.900093808630394, 0.85, 0.9000312695434648, 0.925, 0.8812175280284386, 0.8875351782363978, 0.8749218627910611]",0.8920298124852376,0.02459645222641313,"[0.8566939032055312, 0.863450659962288, 0.8925204274041483, 0.8731929604022628, 0.9099622878692646, 0.8867064739157763, 0.9225329981143936, 0.9274041483343808, 0.9418604651162792, 0.8750785669390321, 0.8975903614457832, 0.8827257080269129, 0.8850727585667344, 0.9327961195431074, 0.9086997340009388, 0.8733333333333334, 0.8827450980392157, 0.8592156862745098, 0.9019607843137256, 0.8533333333333334, 0.9003285870755751, 0.926302613049601, 0.8827257080269129, 0.8878109841965264, 0.8767016116413706]","{'finalestimator__estimator_name': ['SVC'], 'kliepreweightadapter__cv': [5], 'kliepreweightadapter__gamma': [0.0001, 0.001, 0.01, 0.1, 1.0, 10.0, 100.0, 1000.0, 'auto', 'scale'], 'kliepreweightadapter__max_iter': [1000], 'kliepreweightadapter__n_centers': [100], 'kliepreweightadapter__random_state': [0], 'kliepreweightadapter__tol': [1e-06]}"
Simulated,covariate_shift,KMM,best_scorer,Reweighting,0.88825,0.028027609155973358,"[0.85, 0.8375, 0.86875, 0.86875, 0.875, 0.8875, 0.925, 0.9375, 0.93125, 0.85625, 0.9125, 0.90625, 0.88125, 0.9375, 0.90625, 0.9, 0.86875, 0.85625, 0.8875, 0.8625, 0.89375, 0.91875, 0.875, 0.8875, 0.875]",0.8917467624977324,0.026529412890513644,"[0.8566939032055312, 0.8469516027655563, 0.875078566939032, 0.8731929604022628, 0.8818353236957888, 0.8925204274041483, 0.9274041483343808, 0.9390320553111252, 0.9351037083595224, 0.8643934632306726, 0.9156626506024096, 0.9054138632451884, 0.8850727585667344, 0.9388202159286496, 0.9086997340009388, 0.9027450980392157, 0.8733333333333333, 0.8600000000000001, 0.8894117647058823, 0.8650980392156862, 0.8943044906900328, 0.9207479267720232, 0.8771710217493349, 0.888749804412455, 0.8762322015334063]",0.8880674485837681,0.028213221509220236,"[0.8496247654784241, 0.8360980392156863, 0.8685192059708491, 0.8688063986874488, 0.8746873045653534, 0.8875, 0.925105617274292, 0.937578320802005, 0.9313225352663046, 0.8555017416148096, 0.9121162280701752, 0.9061508092009876, 0.8803784489187173, 0.9375, 0.9060483870967742, 0.9000625097671511, 0.8685499785080693, 0.8561882300089847, 0.8876055347091931, 0.8625859509298326, 0.8937873666523387, 0.9186642765034584, 0.8748045653533459, 0.8875, 0.875]",0.8917467624977324,0.0265294128905136,"[0.8566939032055312, 0.8469516027655563, 0.8750785669390321, 0.8731929604022628, 0.8818353236957888, 0.8925204274041483, 0.9274041483343808, 0.939032055311125, 0.9351037083595224, 0.8643934632306726, 0.9156626506024096, 0.9054138632451884, 0.8850727585667344, 0.9388202159286496, 0.9086997340009388, 0.9027450980392158, 0.8733333333333334, 0.86, 0.8894117647058825, 0.8650980392156862, 0.8943044906900329, 0.9207479267720232, 0.8771710217493349, 0.888749804412455, 0.8762322015334064]","{'finalestimator__estimator_name': ['SVC'], 'kmmreweightadapter__B': [1000.0], 'kmmreweightadapter__gamma': [0.0001, 0.001, 0.01, 0.1, 1.0, 10.0, 100.0, 1000.0, None], 'kmmreweightadapter__max_iter': [1000], 'kmmreweightadapter__smooth_weights': [False], 'kmmreweightadapter__tol': [1e-06]}"
Simulated,covariate_shift,MMD-LS,best_scorer,Mapping,0.65425,0.07956424291099619,"[0.6375, 0.7125, 0.6625, 0.69375, 0.7, 0.63125, 0.69375, 0.70625, 0.65625, 0.70625, 0.76875, 0.71875, 0.7375, 0.7625, 0.6625, 0.4875, 0.51875, 0.55625, 0.70625, 0.5375, 0.5125, 0.70625, 0.5875, 0.675, 0.61875]",0.6532421190277964,0.07956461442898785,"[0.633563796354494, 0.7108736643620364, 0.6653048397234445, 0.6915461973601509, 0.6983029541169076, 0.6362350722815839, 0.6896605908233815, 0.7031741043368951, 0.657605279698303, 0.7041169076052797, 0.7681896416836176, 0.7167109998435299, 0.7380691597559068, 0.7631043655140041, 0.6643717728055077, 0.4933333333333333, 0.5266666666666666, 0.5337254901960784, 0.7047058823529412, 0.5490196078431372, 0.4963229541542794, 0.6966828352370521, 0.5906743858551087, 0.6759505554686278, 0.6231419183226412]",0.6445850585879491,0.09542164808577562,"[0.6365845959595959, 0.7125, 0.6627637130801688, 0.6935934489402698, 0.7, 0.6306015786800045, 0.6927215439927303, 0.7057290640394089, 0.6567204301075268, 0.7060998387794424, 0.7686866463152127, 0.7177436003303056, 0.7375820440693859, 0.7625742303484919, 0.6619723264540338, 0.4834803921568628, 0.5116379310344827, 0.4877519532152928, 0.7061231798736214, 0.5224184782608695, 0.3990301724137931, 0.684382290562036, 0.5849117647058824, 0.675, 0.6140172413793105]",0.6532421190277964,0.07956461442898784,"[0.6335637963544941, 0.7108736643620364, 0.6653048397234443, 0.6915461973601509, 0.6983029541169075, 0.6362350722815839, 0.6896605908233815, 0.7031741043368951, 0.657605279698303, 0.7041169076052797, 0.7681896416836176, 0.71671099984353, 0.7380691597559068, 0.7631043655140041, 0.6643717728055077, 0.4933333333333333, 0.5266666666666666, 0.5337254901960785, 0.7047058823529413, 0.5490196078431373, 0.4963229541542794, 0.696682835237052, 0.5906743858551088, 0.6759505554686278, 0.6231419183226412]","{'finalestimator__estimator_name': ['SVC'], 'mmdlsconsmappingadapter__gamma': [0.1, 1, 10], 'mmdlsconsmappingadapter__max_iter': [100], 'mmdlsconsmappingadapter__reg_k': [1e-10, 1e-08], 'mmdlsconsmappingadapter__reg_m': [1e-10, 1e-08], 'mmdlsconsmappingadapter__tol': [1e-05]}"
Simulated,concept_drift,CORAL,best_scorer,Mapping,0.6635,0.0295187087567642,"[0.63125, 0.64375, 0.7, 0.65, 0.6625, 0.69375, 0.69375, 0.71875, 0.63125, 0.7, 0.60625, 0.7, 0.65, 0.66875, 0.68125, 0.6625, 0.625, 0.65625, 0.65, 0.69375, 0.6625, 0.6125, 0.65, 0.66875, 0.675]",0.6635,0.029518708756764208,"[0.63125, 0.64375, 0.7, 0.65, 0.6625000000000001, 0.69375, 0.69375, 0.71875, 0.63125, 0.7, 0.60625, 0.7, 0.65, 0.66875, 0.68125, 0.6625, 0.625, 0.65625, 0.65, 0.69375, 0.6625, 0.6125, 0.65, 0.66875, 0.675]",0.6258118382491888,0.039308370751956756,"[0.5818383167220377, 0.5960132890365448, 0.6754563894523326, 0.6011396011396011, 0.6226415094339622, 0.6620543988965041, 0.6699086354258769, 0.6968548692686625, 0.5818383167220377, 0.6729688298415943, 0.5534883720930233, 0.6799999999999999, 0.6050079351084465, 0.6312883168833427, 0.6511478773887391, 0.6291208791208792, 0.5767942161876213, 0.6173746684638463, 0.6121212121212121, 0.6674443266171792, 0.625974025974026, 0.5584045584045583, 0.6086652690426275, 0.6279233030582247, 0.6398268398268397]",0.6635,0.02951870875676423,"[0.63125, 0.64375, 0.7000000000000001, 0.65, 0.6625, 0.69375, 0.69375, 0.71875, 0.63125, 0.7000000000000001, 0.60625, 0.7, 0.65, 0.6687500000000001, 0.68125, 0.6625000000000001, 0.625, 0.65625, 0.65, 0.69375, 0.6625000000000001, 0.6124999999999999, 0.6499999999999999, 0.66875, 0.6750000000000002]","{'coraladapter__reg': ['auto'], 'finalestimator__estimator_name': ['SVC']}"
Simulated,covariate_shift,OTLabelProp,best_scorer,Other,0.89275,0.03459588125774514,"[0.85625, 0.8875, 0.85625, 0.89375, 0.84375, 0.875, 0.93125, 0.94375, 0.9625, 0.8625, 0.94375, 0.90625, 0.90625, 0.925, 0.8875, 0.89375, 0.875, 0.85, 0.89375, 0.8375, 0.89375, 0.95, 0.8625, 0.8875, 0.89375]",0.8933324404754793,0.03353227570470769,"[0.8587366436203645, 0.8887492143306097, 0.8596794468887492, 0.890791954745443, 0.8471087366436203, 0.8790069138906349, 0.9313324952859836, 0.9429604022627278, 0.9622878692646136, 0.8654934003771213, 0.9443749022062276, 0.9049444531372242, 0.9068220935690816, 0.9239555625097792, 0.885933343764669, 0.8937254901960785, 0.8768627450980392, 0.8501960784313726, 0.8945098039215686, 0.8400000000000001, 0.891488030042247, 0.9485213581599125, 0.8637145986543577, 0.8878109841965263, 0.8943044906900328]",0.8927414400911884,0.03453254542639086,"[0.8564467253176931, 0.8876409774436091, 0.8564016646477277, 0.8933931887321718, 0.8439148528779649, 0.8750976715111737, 0.9312796813061738, 0.943721245723723, 0.9625, 0.8626719824890557, 0.9437697823453558, 0.9060476274579063, 0.9062829705755928, 0.9248823529411766, 0.8871818038969203, 0.8937874720796269, 0.8751172607879927, 0.8500939849624058, 0.8938373253493014, 0.8376015783716205, 0.8931847290640395, 0.9498585795097424, 0.8625, 0.8875351782363978, 0.8937873666523387]",0.8933324404754793,0.033532275704707695,"[0.8587366436203645, 0.8887492143306096, 0.8596794468887492, 0.890791954745443, 0.8471087366436203, 0.8790069138906349, 0.9313324952859836, 0.9429604022627278, 0.9622878692646134, 0.8654934003771213, 0.9443749022062274, 0.9049444531372244, 0.9068220935690814, 0.9239555625097792, 0.885933343764669, 0.8937254901960785, 0.8768627450980393, 0.8501960784313726, 0.8945098039215686, 0.84, 0.8914880300422469, 0.9485213581599125, 0.8637145986543577, 0.8878109841965264, 0.8943044906900329]","{'finalestimator__estimator_name': ['SVC'], 'otlabelpropadapter__metric': ['sqeuclidean', 'cosine', 'cityblock'], 'otlabelpropadapter__reg': [None, 0.1, 1.0]}"
Simulated,covariate_shift,JPCA,best_scorer,Subspace,0.88075,0.025953183009668247,"[0.85, 0.85, 0.88125, 0.8375, 0.8875, 0.875, 0.91875, 0.91875, 0.925, 0.86875, 0.8875, 0.86875, 0.875, 0.93125, 0.9125, 0.86875, 0.875, 0.85625, 0.88125, 0.84375, 0.875, 0.9125, 0.88125, 0.8625, 0.875]",0.8848478147083457,0.02518293214344884,"[0.8566939032055312, 0.8576367064739158, 0.8876492771841609, 0.8441231929604023, 0.893463230672533, 0.8818353236957888, 0.9225329981143936, 0.9215901948460088, 0.9302325581395348, 0.8760213702074168, 0.891566265060241, 0.8711469253637929, 0.8790486621811924, 0.9327961195431076, 0.914723830386481, 0.8733333333333333, 0.8792156862745097, 0.8592156862745097, 0.8850980392156862, 0.8482352941176471, 0.8767016116413706, 0.9142544202785168, 0.8827257080269129, 0.8646534188702863, 0.8767016116413706]",0.8805193328319945,0.026072761919467925,"[0.8496247654784241, 0.849366296354248, 0.8810411863545777, 0.8370934959349594, 0.8873769338959212, 0.8746873045653534, 0.9188357234965416, 0.91886119257087, 0.925, 0.8683137829912024, 0.8865454116907605, 0.8684677419354838, 0.8739393463230674, 0.9312312004375172, 0.912363195747342, 0.8685499785080693, 0.8748827941865918, 0.856300539083558, 0.8811989726161178, 0.8435118791762729, 0.8749218627910611, 0.9124453039537428, 0.8812175280284386, 0.8622850218886804, 0.8749218627910611]",0.8848478147083457,0.02518293214344882,"[0.8566939032055312, 0.8576367064739158, 0.8876492771841609, 0.8441231929604023, 0.8934632306725331, 0.8818353236957888, 0.9225329981143936, 0.9215901948460088, 0.9302325581395348, 0.8760213702074169, 0.891566265060241, 0.8711469253637929, 0.8790486621811923, 0.9327961195431074, 0.914723830386481, 0.8733333333333334, 0.8792156862745099, 0.8592156862745098, 0.8850980392156862, 0.8482352941176471, 0.8767016116413706, 0.9142544202785168, 0.8827257080269129, 0.8646534188702863, 0.8767016116413706]","{'finalestimator__estimator_name': ['SVC'], 'pca__n_components': [1, 2, 5, 10, 20, 50, 100]}"
Simulated,covariate_shift,MMDTarS,best_scorer,Reweighting,0.8765000000000001,0.026163050440140435,"[0.85, 0.825, 0.88125, 0.8375, 0.875, 0.875, 0.9125, 0.91875, 0.925, 0.85625, 0.88125, 0.86875, 0.86875, 0.90625, 0.9125, 0.86875, 0.875, 0.85, 0.875, 0.84375, 0.875, 0.9125, 0.88125, 0.8625, 0.875]",0.8810645335470216,0.025257286502142467,"[0.8566939032055312, 0.8343808925204275, 0.8876492771841609, 0.8441231929604023, 0.8818353236957888, 0.8837209302325582, 0.917661847894406, 0.9225329981143936, 0.9302325581395348, 0.8653362664990571, 0.8855421686746988, 0.8711469253637929, 0.8730245657956501, 0.9086997340009388, 0.914723830386481, 0.8733333333333333, 0.8792156862745097, 0.8533333333333333, 0.8792156862745097, 0.8482352941176471, 0.8776404318572993, 0.9142544202785168, 0.8827257080269129, 0.8646534188702863, 0.8767016116413706]",0.876138844280452,0.026382846034538356,"[0.8496247654784241, 0.8234901960784313, 0.8810411863545777, 0.8370934959349594, 0.8746873045653534, 0.87421679197995, 0.9125, 0.9188357234965416, 0.925, 0.8551853520905992, 0.8800966340293342, 0.8684677419354838, 0.8674752270850536, 0.9060483870967742, 0.912363195747342, 0.8685499785080693, 0.8748827941865918, 0.85, 0.8748827941865918, 0.8435118791762729, 0.8746479424190268, 0.9124453039537428, 0.8812175280284386, 0.8622850218886804, 0.8749218627910611]",0.8810645335470216,0.025257286502142456,"[0.8566939032055312, 0.8343808925204274, 0.8876492771841609, 0.8441231929604023, 0.8818353236957888, 0.8837209302325582, 0.917661847894406, 0.9225329981143936, 0.9302325581395348, 0.8653362664990571, 0.8855421686746988, 0.8711469253637929, 0.8730245657956501, 0.9086997340009388, 0.914723830386481, 0.8733333333333334, 0.8792156862745099, 0.8533333333333334, 0.8792156862745099, 0.8482352941176471, 0.8776404318572993, 0.9142544202785168, 0.8827257080269129, 0.8646534188702863, 0.8767016116413706]","{'finalestimator__estimator_name': ['SVC'], 'mmdtarsreweightadapter__gamma': [0.0001, 0.001, 0.01, 0.1, 1.0, 10.0, 100.0, 1000.0, None], 'mmdtarsreweightadapter__max_iter': [1000], 'mmdtarsreweightadapter__reg': [1e-06], 'mmdtarsreweightadapter__tol': [1e-06]}"
Simulated,covariate_shift,ClassRegOT,best_scorer,Mapping,0.7490000000000001,0.08829032954784272,"[0.64375, 0.71875, 0.7, 0.71875, 0.61875, 0.64375, 0.725, 0.78125, 0.73125, 0.8625, 0.75, 0.8625, 0.725, 0.725, 0.59375, 0.89375, 0.775, 0.69375, 0.73125, 0.8625, 0.65625, 0.925, 0.8125, 0.84375, 0.73125]",0.7501811243389013,0.08829243087280833,"[0.6412633563796355, 0.7176304211187932, 0.7020741671904462, 0.7204588309239472, 0.6189503456945318, 0.6525769956002514, 0.7225015713387806, 0.7833123821495915, 0.7349151477058453, 0.8654934003771213, 0.751525582850884, 0.8618369582225003, 0.7260209669848224, 0.726959787200751, 0.5976373024565795, 0.8968627450980392, 0.7772549019607844, 0.692156862745098, 0.7321568627450981, 0.8635294117647059, 0.6545923955562509, 0.926302613049601, 0.8122359568142701, 0.8442340791738382, 0.7320450633703646]",0.7487261129259494,0.08878472629697341,"[0.643567889583579, 0.718871423525256, 0.7003752345215759, 0.7191348973607038, 0.6192722398340573, 0.6402125279642058, 0.7246968981262792, 0.7815493646138807, 0.7313654830266807, 0.8626719824890557, 0.7498437255821223, 0.8624138471177945, 0.725, 0.7245700437773609, 0.5898042743108804, 0.8937873549748037, 0.77514064697609, 0.6936177832724989, 0.7315127077223851, 0.86262908777969, 0.6555079673456572, 0.925, 0.8125, 0.8438049509593217, 0.7313024922848548]",0.7501811243389013,0.08829243087280836,"[0.6412633563796354, 0.7176304211187932, 0.7020741671904462, 0.7204588309239472, 0.6189503456945317, 0.6525769956002514, 0.7225015713387806, 0.7833123821495915, 0.7349151477058454, 0.8654934003771213, 0.751525582850884, 0.8618369582225004, 0.7260209669848224, 0.726959787200751, 0.5976373024565795, 0.8968627450980393, 0.7772549019607844, 0.692156862745098, 0.732156862745098, 0.8635294117647059, 0.654592395556251, 0.926302613049601, 0.8122359568142701, 0.8442340791738383, 0.7320450633703646]","[{'classregularizerotmappingadapter__max_inner_iter': [1000], 'classregularizerotmappingadapter__max_iter': [10], 'classregularizerotmappingadapter__metric': ['sqeuclidean', 'cosine', 'cityblock'], 'classregularizerotmappingadapter__norm': ['lpl1'], 'classregularizerotmappingadapter__reg_cl': [0.1], 'classregularizerotmappingadapter__reg_e': [0.1], 'classregularizerotmappingadapter__tol': [1e-06], 'finalestimator__estimator_name': ['SVC']}, {'classregularizerotmappingadapter__max_inner_iter': [1000], 'classregularizerotmappingadapter__max_iter': [10], 'classregularizerotmappingadapter__metric': ['sqeuclidean', 'cosine', 'cityblock'], 'classregularizerotmappingadapter__norm': ['lpl1'], 'classregularizerotmappingadapter__reg_cl': [0.5], 'classregularizerotmappingadapter__reg_e': [0.5], 'classregularizerotmappingadapter__tol': [1e-06], 'finalestimator__estimator_name': ['SVC']}, {'classregularizerotmappingadapter__max_inner_iter': [1000], 'classregularizerotmappingadapter__max_iter': [10], 'classregularizerotmappingadapter__metric': ['sqeuclidean', 'cosine', 'cityblock'], 'classregularizerotmappingadapter__norm': ['lpl1'], 'classregularizerotmappingadapter__reg_cl': [1.0], 'classregularizerotmappingadapter__reg_e': [1.0], 'classregularizerotmappingadapter__tol': [1e-06], 'finalestimator__estimator_name': ['SVC']}]"
Simulated,covariate_shift,Dens. RW,best_scorer,Reweighting,0.89325,0.026264876736813346,"[0.8625, 0.88125, 0.89375, 0.85625, 0.9, 0.90625, 0.925, 0.9375, 0.9375, 0.8625, 0.9125, 0.89375, 0.88125, 0.94375, 0.91875, 0.88125, 0.88125, 0.8625, 0.8875, 0.85, 0.89375, 0.91875, 0.88125, 0.8875, 0.875]",0.8961391063045769,0.02578617813921938,"[0.8683218101822753, 0.8867064739157762, 0.8983343808925204, 0.8615650534255186, 0.9050911376492772, 0.9080766813324952, 0.9283469516027656, 0.9390320553111252, 0.9418604651162792, 0.8673790069138907, 0.9156626506024096, 0.8938350805820685, 0.8850727585667344, 0.944844312314192, 0.9207479267720232, 0.8850980392156862, 0.8835294117647059, 0.8650980392156862, 0.8886274509803922, 0.8525490196078431, 0.8947739007979971, 0.9202785166640588, 0.8827257080269129, 0.8892192145204194, 0.8767016116413706]",0.8932080555016552,0.026287226260598408,"[0.8623495858727926, 0.8811896949099574, 0.8937956560803156, 0.8561769991015273, 0.9, 0.9063784196313256, 0.925093808630394, 0.937578320802005, 0.9375488357555868, 0.8625, 0.9121162280701752, 0.8937707722385142, 0.8803784489187173, 0.9437609867572953, 0.9186642765034584, 0.8811989726161178, 0.8813474463678638, 0.8625859509298326, 0.8876056172742921, 0.8500937646507266, 0.8937707527637798, 0.9187277823352474, 0.8812175280284386, 0.8874296765119549, 0.8749218627910611]",0.8961391063045769,0.02578617813921938,"[0.8683218101822753, 0.8867064739157763, 0.8983343808925204, 0.8615650534255186, 0.9050911376492772, 0.9080766813324952, 0.9283469516027656, 0.939032055311125, 0.9418604651162792, 0.8673790069138907, 0.9156626506024096, 0.8938350805820685, 0.8850727585667344, 0.944844312314192, 0.9207479267720232, 0.8850980392156862, 0.8835294117647059, 0.8650980392156862, 0.8886274509803922, 0.8525490196078431, 0.8947739007979972, 0.9202785166640588, 0.8827257080269129, 0.8892192145204193, 0.8767016116413706]","{'densityreweightadapter__weight_estimator__bandwidth': [0.01, 0.1, 1.0, 10.0, 100.0, 'scott', 'silverman'], 'finalestimator__estimator_name': ['SVC']}"
Simulated,covariate_shift,Disc. RW,best_scorer,Reweighting,0.8615,0.02752129857037998,"[0.8375, 0.85625, 0.8625, 0.85, 0.875, 0.8625, 0.9, 0.89375, 0.90625, 0.84375, 0.86875, 0.85625, 0.8125, 0.90625, 0.8875, 0.8375, 0.8375, 0.8375, 0.825, 0.85, 0.875, 0.9125, 0.83125, 0.84375, 0.86875]",0.8670621826486082,0.026153651567456308,"[0.845065996228787, 0.8634506599622879, 0.86926461345066, 0.8566939032055312, 0.8818353236957888, 0.8702074167190447, 0.9050911376492772, 0.8955059710873665, 0.9109050911376492, 0.8527655562539284, 0.8734939759036144, 0.8595681427006728, 0.8188076983257706, 0.9086997340009388, 0.8910968549522766, 0.8447058823529412, 0.8462745098039216, 0.8431372549019608, 0.8329411764705883, 0.8572549019607844, 0.878579252073228, 0.9142544202785168, 0.8354717571585042, 0.8493975903614458, 0.8720857455797215]",0.860508690098024,0.028280977232878004,"[0.8368134877171023, 0.855772238514174, 0.8621560350218885, 0.8496247654784241, 0.8746873045653534, 0.861919104991394, 0.9, 0.8938955422488355, 0.9062902847767492, 0.842592774011521, 0.8671206896551725, 0.8554895372075709, 0.8079013377926423, 0.9060483870967742, 0.8867941176470587, 0.8362254901960785, 0.8353507321681624, 0.8368897668596464, 0.8231851037083595, 0.8488235294117648, 0.8742156862745099, 0.9124453039537428, 0.8296110062522117, 0.8408093624945521, 0.8680556644069124]",0.8670621826486082,0.026153651567456318,"[0.845065996228787, 0.863450659962288, 0.86926461345066, 0.8566939032055312, 0.8818353236957888, 0.8702074167190447, 0.9050911376492772, 0.8955059710873664, 0.9109050911376492, 0.8527655562539282, 0.8734939759036144, 0.8595681427006729, 0.8188076983257706, 0.9086997340009388, 0.8910968549522766, 0.8447058823529412, 0.8462745098039216, 0.8431372549019607, 0.8329411764705881, 0.8572549019607844, 0.878579252073228, 0.9142544202785168, 0.8354717571585042, 0.8493975903614458, 0.8720857455797215]","{'discriminatorreweightadapter__domain_classifier__estimator_name': ['LR', 'SVC', 'KNN', 'XGB'], 'finalestimator__estimator_name': ['SVC']}"
Simulated,covariate_shift,EntOT,best_scorer,Mapping,0.738,0.07232468026199632,"[0.64375, 0.73125, 0.69375, 0.725, 0.61875, 0.84375, 0.725, 0.93125, 0.7375, 0.7375, 0.74375, 0.7, 0.73125, 0.725, 0.60625, 0.7, 0.79375, 0.7125, 0.71875, 0.71875, 0.825, 0.7, 0.83125, 0.83125, 0.725]",0.7395488238067309,0.07201315114954085,"[0.6422061596480201, 0.7311439346323068, 0.6962602137020741, 0.727215587680704, 0.6198931489629164, 0.8489943431803897, 0.72438717787555, 0.930389692017599, 0.7416719044626021, 0.7416719044626021, 0.7450320763573776, 0.7005163511187608, 0.7329838835862932, 0.726959787200751, 0.6110937255515569, 0.7027450980392157, 0.7956862745098039, 0.7129411764705882, 0.7211764705882353, 0.7243137254901961, 0.8233453293694257, 0.6981693005789391, 0.8312470661868252, 0.8321858864027538, 0.7264903770927867]",0.7377093797132006,0.07274532761683261,"[0.643903803131991, 0.7315343469571692, 0.6940731116408111, 0.7253439649781113, 0.6192717497556207, 0.8436706511973124, 0.7252156862745098, 0.9312148558845504, 0.7375, 0.7375, 0.7436799289034728, 0.7000937646507268, 0.7309664530499003, 0.7245700437773609, 0.6001674173284343, 0.7, 0.7939192489547107, 0.7127699108120795, 0.7188488808156569, 0.7174401197604791, 0.8245050282840982, 0.6991514770584537, 0.831282991202346, 0.8312829602718856, 0.7248280981403343]",0.7395488238067309,0.07201315114954085,"[0.6422061596480201, 0.7311439346323066, 0.6962602137020742, 0.727215587680704, 0.6198931489629164, 0.8489943431803897, 0.72438717787555, 0.9303896920175988, 0.7416719044626021, 0.7416719044626021, 0.7450320763573776, 0.7005163511187608, 0.7329838835862932, 0.726959787200751, 0.6110937255515569, 0.7027450980392156, 0.7956862745098039, 0.7129411764705881, 0.7211764705882353, 0.724313725490196, 0.8233453293694257, 0.6981693005789391, 0.8312470661868252, 0.8321858864027539, 0.7264903770927867]","{'entropicotmappingadapter__max_iter': [1000], 'entropicotmappingadapter__metric': ['sqeuclidean', 'cosine', 'cityblock'], 'entropicotmappingadapter__norm': ['median'], 'entropicotmappingadapter__reg_e': [0.1, 0.5, 1.0], 'entropicotmappingadapter__tol': [1e-06], 'finalestimator__estimator_name': ['SVC']}"
Simulated,covariate_shift,Gauss. RW,best_scorer,Reweighting,0.8905,0.0255868618630734,"[0.85625, 0.85625, 0.8875, 0.8625, 0.90625, 0.8875, 0.91875, 0.925, 0.9375, 0.8625, 0.90625, 0.9, 0.88125, 0.9375, 0.9125, 0.875, 0.89375, 0.85625, 0.89375, 0.85625, 0.88125, 0.925, 0.88125, 0.8875, 0.875]",0.8939125065924531,0.0247865220821935,"[0.8625078566939033, 0.8634506599622879, 0.8925204274041483, 0.8673790069138907, 0.9099622878692646, 0.8925204274041483, 0.9225329981143936, 0.9274041483343808, 0.9418604651162792, 0.86926461345066, 0.9096385542168676, 0.9007979971835394, 0.8850727585667344, 0.9388202159286496, 0.914723830386481, 0.8792156862745097, 0.8968627450980392, 0.8592156862745097, 0.8952941176470588, 0.8592156862745097, 0.8831951181348772, 0.926302613049601, 0.8827257080269129, 0.8892192145204194, 0.8781098419652636]",0.8903856116876457,0.025671135481864827,"[0.8559972255871205, 0.855772238514174, 0.8875, 0.8625, 0.9063489117267788, 0.8875, 0.9188357234965416, 0.925105617274292, 0.9375488357555868, 0.8621560350218885, 0.9057540460049374, 0.9000312548835755, 0.8803784489187173, 0.9375, 0.912363195747342, 0.8748827941865918, 0.8937873549748037, 0.856300539083558, 0.8938538611925709, 0.856300539083558, 0.8811247118127467, 0.925, 0.8812175280284386, 0.8874296765119549, 0.8744517543859649]",0.8939125065924531,0.02478652208219347,"[0.8625078566939033, 0.863450659962288, 0.8925204274041483, 0.8673790069138907, 0.9099622878692646, 0.8925204274041483, 0.9225329981143936, 0.9274041483343808, 0.9418604651162792, 0.86926461345066, 0.9096385542168676, 0.9007979971835396, 0.8850727585667344, 0.9388202159286496, 0.914723830386481, 0.8792156862745099, 0.8968627450980393, 0.8592156862745098, 0.8952941176470589, 0.8592156862745098, 0.8831951181348772, 0.926302613049601, 0.8827257080269129, 0.8892192145204193, 0.8781098419652636]","{'finalestimator__estimator_name': ['SVC'], 'gaussianreweightadapter__reg': ['auto', 1e-05, 0.01, 0.5]}"
Simulated,covariate_shift,LinOT,best_scorer,Mapping,0.89225,0.028995779146857435,"[0.875, 0.9125, 0.89375, 0.88125, 0.8875, 0.88125, 0.91875, 0.9375, 0.94375, 0.8625, 0.93125, 0.875, 0.8875, 0.93125, 0.9125, 0.8625, 0.86875, 0.85625, 0.85625, 0.8375, 0.89375, 0.9375, 0.8875, 0.8875, 0.8875]",0.8941646310453193,0.028686235817466356,"[0.8761785040854808, 0.9138906348208674, 0.8955059710873665, 0.8829352608422376, 0.8896920175989944, 0.8857636706473916, 0.920647391577624, 0.9390320553111252, 0.945788812067882, 0.8683218101822753, 0.9337349397590362, 0.875762791425442, 0.8906274448443123, 0.9323267094351432, 0.9142544202785168, 0.8658823529411765, 0.8709803921568627, 0.856078431372549, 0.8592156862745097, 0.8400000000000001, 0.8938350805820685, 0.9383508058206852, 0.8882803943044907, 0.888749804412455, 0.8882803943044907]",0.8922771154316238,0.02898996482095212,"[0.8751566416040101, 0.9126096491228072, 0.8938955422488355, 0.8814126648663457, 0.887658425911438, 0.8813010273838822, 0.9188612970138156, 0.937578320802005, 0.9438270517787952, 0.8623495858727926, 0.9311021505376346, 0.8750390686044694, 0.8870065789473685, 0.9312634282589164, 0.9124453039537428, 0.8625, 0.8688577038802704, 0.8563006975194952, 0.856300539083558, 0.8376015783716205, 0.8937707722385142, 0.9375195343022348, 0.8875351617440224, 0.8875, 0.8875351617440224]",0.8941646310453193,0.02868623581746635,"[0.8761785040854808, 0.9138906348208674, 0.8955059710873664, 0.8829352608422375, 0.8896920175989943, 0.8857636706473916, 0.9206473915776242, 0.939032055311125, 0.9457888120678818, 0.8683218101822753, 0.9337349397590362, 0.875762791425442, 0.8906274448443123, 0.9323267094351432, 0.9142544202785168, 0.8658823529411764, 0.8709803921568628, 0.8560784313725491, 0.8592156862745098, 0.84, 0.8938350805820685, 0.9383508058206854, 0.8882803943044907, 0.888749804412455, 0.8882803943044907]","{'finalestimator__estimator_name': ['SVC'], 'linearotmappingadapter__bias': [True, False], 'linearotmappingadapter__reg': [1e-08, 1e-06, 0.1, 1, 10]}"
Simulated,covariate_shift,NN RW,best_scorer,Reweighting,0.8859999999999999,0.02634901958960399,"[0.84375, 0.8375, 0.88125, 0.85, 0.88125, 0.89375, 0.925, 0.925, 0.9375, 0.8625, 0.89375, 0.8875, 0.8875, 0.90625, 0.91875, 0.875, 0.9, 0.8625, 0.89375, 0.85625, 0.8875, 0.91875, 0.88125, 0.86875, 0.875]",0.8896734688305107,0.025339836281036726,"[0.8508799497171591, 0.8469516027655563, 0.8867064739157762, 0.8557510999371465, 0.8876492771841609, 0.8992771841609051, 0.9292897548711504, 0.9274041483343808, 0.9418604651162792, 0.86926461345066, 0.8975903614457832, 0.887341574088562, 0.8910968549522766, 0.9086997340009388, 0.9207479267720232, 0.8792156862745097, 0.9019607843137256, 0.8650980392156862, 0.8945098039215686, 0.8600000000000001, 0.8892192145204194, 0.9207479267720232, 0.8827257080269129, 0.8711469253637929, 0.8767016116413706]",0.8858090730964733,0.026517990628335732,"[0.8432306940371456, 0.8360980392156863, 0.8811896949099574, 0.8498359118612283, 0.8810411863545777, 0.8936960428141724, 0.9250586029067044, 0.925105617274292, 0.9375488357555868, 0.8621560350218885, 0.8929701911377996, 0.8875, 0.8867941176470587, 0.9060483870967742, 0.9186642765034584, 0.8748827941865918, 0.900093808630394, 0.8625859509298326, 0.8938373253493014, 0.8561882300089847, 0.8874296765119549, 0.9186642765034584, 0.8812175280284386, 0.8684677419354838, 0.8749218627910611]",0.8896734688305107,0.025339836281036678,"[0.8508799497171591, 0.8469516027655563, 0.8867064739157763, 0.8557510999371465, 0.8876492771841609, 0.8992771841609051, 0.9292897548711502, 0.9274041483343808, 0.9418604651162792, 0.86926461345066, 0.8975903614457832, 0.887341574088562, 0.8910968549522766, 0.9086997340009388, 0.9207479267720232, 0.8792156862745099, 0.9019607843137256, 0.8650980392156862, 0.8945098039215686, 0.86, 0.8892192145204193, 0.9207479267720232, 0.8827257080269129, 0.8711469253637929, 0.8767016116413706]","{'finalestimator__estimator_name': ['SVC'], 'nearestneighborreweightadapter__laplace_smoothing': [True, False], 'nearestneighborreweightadapter__n_neighbors': [1]}"
Simulated,covariate_shift,MapOT,best_scorer,Mapping,0.8652500000000001,0.027188098652412836,"[0.8625, 0.89375, 0.84375, 0.8875, 0.83125, 0.875, 0.85, 0.91875, 0.9125, 0.8625, 0.85625, 0.8375, 0.875, 0.80625, 0.85, 0.8375, 0.875, 0.8625, 0.85625, 0.84375, 0.8625, 0.91875, 0.85625, 0.88125, 0.875]",0.8654461735800453,0.026220646903122615,"[0.8645505971087366, 0.8945631678189818, 0.8461659333752357, 0.8849780012570709, 0.8307668133249528, 0.8733500942803268, 0.8491514770584538, 0.9140477686989316, 0.909176618478944, 0.8645505971087366, 0.8595681427006728, 0.8382099827882961, 0.8771710217493349, 0.8076200907526209, 0.8511969957753089, 0.8400000000000001, 0.8752941176470588, 0.8603921568627451, 0.8552941176470588, 0.8450980392156863, 0.8623063683304647, 0.9193396964481302, 0.8567516820528869, 0.8817868878109842, 0.8748239712095134]",0.8651904214908697,0.02709943855642659,"[0.8626936316695353, 0.8938624162388809, 0.8439638318670577, 0.887215909090909, 0.8313228541151536, 0.8748622264210362, 0.85, 0.918139631940856, 0.912126127551828, 0.8626936316695353, 0.8554895372075709, 0.8375507891858103, 0.8748045653533459, 0.8061970194148209, 0.85, 0.8376015783716205, 0.875078320802005, 0.8621968981262793, 0.8561879390870913, 0.8439027370478984, 0.8625, 0.9187785744988471, 0.8563005548825761, 0.8812917627290844, 0.875]",0.8654461735800453,0.026220646903122622,"[0.8645505971087366, 0.8945631678189817, 0.8461659333752357, 0.8849780012570709, 0.8307668133249527, 0.8733500942803268, 0.8491514770584537, 0.9140477686989316, 0.909176618478944, 0.8645505971087366, 0.8595681427006729, 0.8382099827882961, 0.8771710217493349, 0.8076200907526209, 0.8511969957753089, 0.84, 0.8752941176470588, 0.8603921568627452, 0.8552941176470588, 0.8450980392156862, 0.8623063683304648, 0.9193396964481302, 0.8567516820528869, 0.8817868878109842, 0.8748239712095134]","{'finalestimator__estimator_name': ['SVC'], 'otmappingadapter__max_iter': [1000000], 'otmappingadapter__metric': ['sqeuclidean', 'cosine', 'cityblock'], 'otmappingadapter__norm': ['median']}"
Simulated,covariate_shift,SA,best_scorer,Subspace,0.742,0.03782498072262124,"[0.69375, 0.76875, 0.75, 0.7875, 0.7125, 0.75625, 0.7375, 0.7625, 0.76875, 0.75, 0.775, 0.6875, 0.80625, 0.775, 0.73125, 0.6875, 0.78125, 0.66875, 0.7625, 0.75625, 0.675, 0.70625, 0.74375, 0.775, 0.73125]",0.7309079024580285,0.03931261454514261,"[0.6736329352608422, 0.7518856065367693, 0.7382149591451916, 0.7759270898805782, 0.6986172218730358, 0.7468573224387178, 0.7209302325581395, 0.7498428661219358, 0.7547140163419233, 0.7344437460716531, 0.7685808167735879, 0.6804881865122829, 0.8005789391331559, 0.7681114066656235, 0.7245345016429354, 0.672156862745098, 0.7690196078431373, 0.6529411764705882, 0.7513725490196079, 0.7478431372549019, 0.6651541229854483, 0.6971522453450164, 0.7361132843060554, 0.7695196369895165, 0.724065091534971]",0.7296678857074339,0.04336197920636679,"[0.6672648810817862, 0.7541834570519617, 0.7423498609065619, 0.7809973817705776, 0.7007410167246233, 0.7513964618926451, 0.7218813387423936, 0.7540569453587886, 0.7586371942356409, 0.7367846954186945, 0.7673828125, 0.6753293241695303, 0.8010304333777615, 0.7662371134020619, 0.7214806617437068, 0.6654637199795606, 0.7709752273765522, 0.6441232739087683, 0.7533533574720211, 0.7508254574094269, 0.6495358541986034, 0.6865726706243948, 0.7316201353637901, 0.7694148936170213, 0.7200589743589744]",0.7309079024580285,0.03931261454514259,"[0.6736329352608422, 0.7518856065367693, 0.7382149591451918, 0.7759270898805781, 0.6986172218730359, 0.7468573224387177, 0.7209302325581396, 0.749842866121936, 0.7547140163419234, 0.7344437460716531, 0.7685808167735878, 0.6804881865122829, 0.8005789391331559, 0.7681114066656235, 0.7245345016429354, 0.6721568627450981, 0.7690196078431373, 0.6529411764705881, 0.7513725490196078, 0.7478431372549019, 0.6651541229854483, 0.6971522453450164, 0.7361132843060554, 0.7695196369895165, 0.724065091534971]","{'finalestimator__estimator_name': ['SVC'], 'subspacealignmentadapter__n_components': [1, 2, 5, 10, 20, 50, 100]}"
Simulated,covariate_shift,TCA,best_scorer,Subspace,0.46025,0.23057954610791767,"[0.8625, 0.375, 0.70625, 0.73125, 0.34375, 0.8125, 0.20625, 0.46875, 0.1375, 0.1875, 0.1125, 0.5125, 0.21875, 0.475, 0.21875, 0.28125, 0.49375, 0.8625, 0.51875, 0.58125, 0.5125, 0.46875, 0.74375, 0.45, 0.225]",0.4593912063916909,0.23154768566249356,"[0.866436203645506, 0.3733500942803268, 0.7078881206788183, 0.7302011313639221, 0.353708359522313, 0.8086109365179133, 0.194688874921433, 0.4765870521684475, 0.13073538654934, 0.1970458830923947, 0.1164137067751525, 0.5160381786887811, 0.2113127836019402, 0.4784853700516351, 0.2178845251134407, 0.2749019607843137, 0.4913725490196078, 0.8650980392156862, 0.5109803921568628, 0.5807843137254902, 0.5075887967454232, 0.4569707401032702, 0.7431544359255202, 0.4543889845094664, 0.2201533406352683]",0.452409561402394,0.23504014311572813,"[0.8626074386622911, 0.3757832080200501, 0.7066520039100684, 0.7313660269241335, 0.3309677610525068, 0.8116988447539167, 0.1933245547022636, 0.463474822402763, 0.1353219696969697, 0.1701416363348631, 0.1001736111111111, 0.5083634506599622, 0.1903507608828689, 0.4705452545568825, 0.2189027370478983, 0.2763803042909782, 0.493531437654539, 0.8625859509298326, 0.511524024024024, 0.5815941646119526, 0.5040840792838874, 0.410685687332719, 0.7436797972682087, 0.4423611111111111, 0.21413839783405]",0.4593912063916909,0.23154768566249356,"[0.866436203645506, 0.3733500942803268, 0.7078881206788183, 0.7302011313639221, 0.3537083595223129, 0.8086109365179133, 0.194688874921433, 0.4765870521684475, 0.13073538654934, 0.1970458830923947, 0.1164137067751525, 0.5160381786887811, 0.2113127836019402, 0.4784853700516351, 0.2178845251134407, 0.2749019607843137, 0.4913725490196078, 0.8650980392156862, 0.5109803921568628, 0.5807843137254902, 0.5075887967454232, 0.4569707401032702, 0.7431544359255203, 0.4543889845094664, 0.2201533406352683]","{'finalestimator__estimator_name': ['SVC'], 'transfercomponentanalysisadapter__kernel': ['rbf'], 'transfercomponentanalysisadapter__mu': [10, 100], 'transfercomponentanalysisadapter__n_components': [1, 2, 5, 10, 20, 50, 100]}"
Simulated,covariate_shift,TSL,best_scorer,Subspace,0.88075,0.025953183009668247,"[0.85, 0.85, 0.88125, 0.8375, 0.8875, 0.875, 0.91875, 0.91875, 0.925, 0.86875, 0.8875, 0.86875, 0.875, 0.93125, 0.9125, 0.86875, 0.875, 0.85625, 0.88125, 0.84375, 0.875, 0.9125, 0.88125, 0.8625, 0.875]",0.8848478147083457,0.02518293214344884,"[0.8566939032055312, 0.8576367064739158, 0.8876492771841609, 0.8441231929604023, 0.893463230672533, 0.8818353236957888, 0.9225329981143936, 0.9215901948460088, 0.9302325581395348, 0.8760213702074168, 0.891566265060241, 0.8711469253637929, 0.8790486621811924, 0.9327961195431076, 0.914723830386481, 0.8733333333333333, 0.8792156862745097, 0.8592156862745097, 0.8850980392156862, 0.8482352941176471, 0.8767016116413706, 0.9142544202785168, 0.8827257080269129, 0.8646534188702863, 0.8767016116413706]",0.8805193328319945,0.026072761919467925,"[0.8496247654784241, 0.849366296354248, 0.8810411863545777, 0.8370934959349594, 0.8873769338959212, 0.8746873045653534, 0.9188357234965416, 0.91886119257087, 0.925, 0.8683137829912024, 0.8865454116907605, 0.8684677419354838, 0.8739393463230674, 0.9312312004375172, 0.912363195747342, 0.8685499785080693, 0.8748827941865918, 0.856300539083558, 0.8811989726161178, 0.8435118791762729, 0.8749218627910611, 0.9124453039537428, 0.8812175280284386, 0.8622850218886804, 0.8749218627910611]",0.8848478147083457,0.02518293214344882,"[0.8566939032055312, 0.8576367064739158, 0.8876492771841609, 0.8441231929604023, 0.8934632306725331, 0.8818353236957888, 0.9225329981143936, 0.9215901948460088, 0.9302325581395348, 0.8760213702074169, 0.891566265060241, 0.8711469253637929, 0.8790486621811923, 0.9327961195431074, 0.914723830386481, 0.8733333333333334, 0.8792156862745099, 0.8592156862745098, 0.8850980392156862, 0.8482352941176471, 0.8767016116413706, 0.9142544202785168, 0.8827257080269129, 0.8646534188702863, 0.8767016116413706]","{'finalestimator__estimator_name': ['SVC'], 'transfersubspacelearningadapter__base_method': ['flda'], 'transfersubspacelearningadapter__length_scale': [2], 'transfersubspacelearningadapter__max_iter': [300], 'transfersubspacelearningadapter__mu': [0.1, 1, 10], 'transfersubspacelearningadapter__n_components': [1, 2, 5, 10, 20, 50, 100], 'transfersubspacelearningadapter__reg': [0.0001], 'transfersubspacelearningadapter__tol': [0.0001]}"
Simulated,subspace,CORAL,best_scorer,Mapping,0.18666666666666665,0.028514534955066402,"[0.1625, 0.1666666666666666, 0.2083333333333333, 0.1583333333333333, 0.1791666666666666, 0.1875, 0.1583333333333333, 0.225, 0.2291666666666666, 0.2166666666666666, 0.1875, 0.1458333333333333, 0.1416666666666666, 0.15, 0.175, 0.2, 0.2125, 0.1583333333333333, 0.2, 0.1916666666666666, 0.1875, 0.1958333333333333, 0.2041666666666666, 0.2541666666666666, 0.1708333333333333]",0.18666666666666665,0.02851453495506639,"[0.1625, 0.1666666666666666, 0.2083333333333333, 0.1583333333333333, 0.1791666666666666, 0.1875, 0.1583333333333333, 0.225, 0.2291666666666666, 0.2166666666666666, 0.1875, 0.1458333333333333, 0.1416666666666667, 0.15, 0.175, 0.2, 0.2125, 0.1583333333333333, 0.1999999999999999, 0.1916666666666666, 0.1875, 0.1958333333333333, 0.2041666666666667, 0.2541666666666666, 0.1708333333333333]",0.16530344875705968,0.02340296197432424,"[0.1463608854913203, 0.1474850809889173, 0.1833225875779067, 0.1449735449735449, 0.1633487285661198, 0.1654630075429305, 0.1389599317988065, 0.1898366606170599, 0.2036017291169665, 0.1894222477723484, 0.1605531739340998, 0.1313405957026077, 0.126131221719457, 0.1382709096029287, 0.1560102301790281, 0.1721759126185685, 0.1911410688493018, 0.1467192340185863, 0.1771428571428571, 0.1730605285592497, 0.1654630075429305, 0.1716590067776605, 0.1777725960072465, 0.2217250312505661, 0.1506464405754832]",0.18666666666666665,0.028514534955066402,"[0.1625, 0.1666666666666666, 0.2083333333333333, 0.1583333333333333, 0.1791666666666666, 0.1875, 0.1583333333333333, 0.225, 0.2291666666666666, 0.2166666666666666, 0.1874999999999999, 0.1458333333333333, 0.1416666666666666, 0.15, 0.175, 0.2, 0.2125, 0.1583333333333333, 0.1999999999999999, 0.1916666666666666, 0.1875, 0.1958333333333333, 0.2041666666666667, 0.2541666666666666, 0.1708333333333333]","{'coraladapter__reg': ['auto'], 'finalestimator__estimator_name': ['SVC']}"
Simulated,subspace,DASVM,best_scorer,Other,0.1363333333333333,0.042534708049884254,"[0.1041666666666666, 0.2, 0.2166666666666666, 0.1291666666666666, 0.1, 0.1666666666666666, 0.1125, 0.1125, 0.1291666666666666, 0.2, 0.1125, 0.075, 0.1125, 0.1125, 0.0625, 0.1166666666666666, 0.1583333333333333, 0.175, 0.1291666666666666, 0.1291666666666666, 0.0958333333333333, 0.1583333333333333, 0.1875, 0.2083333333333333, 0.1041666666666666]",0.1363333333333333,0.04253470804988425,"[0.1041666666666666, 0.2, 0.2166666666666666, 0.1291666666666666, 0.0999999999999999, 0.1666666666666666, 0.1125, 0.1125, 0.1291666666666666, 0.1999999999999999, 0.1125, 0.075, 0.1125, 0.1124999999999999, 0.0625, 0.1166666666666666, 0.1583333333333333, 0.175, 0.1291666666666666, 0.1291666666666666, 0.0958333333333333, 0.1583333333333333, 0.1875, 0.2083333333333333, 0.1041666666666666]",0.12400813482281046,0.035255171401012135,"[0.0943396226415094, 0.1721759126185685, 0.1840277777777777, 0.1210947766816772, 0.0937062937062937, 0.1474850809889173, 0.1027643703378674, 0.1027643703378674, 0.1210947766816772, 0.1771428571428571, 0.1042736240822834, 0.0708705357142857, 0.1027643703378674, 0.108024637504144, 0.0597412547230589, 0.1077441077441077, 0.1467192340185863, 0.1581036071150166, 0.1196138657305836, 0.1210947766816772, 0.0888573977851257, 0.1449735449735449, 0.1654630075429305, 0.1857142857142857, 0.099649281987751]",0.1363333333333333,0.04253470804988428,"[0.1041666666666666, 0.2, 0.2166666666666667, 0.1291666666666666, 0.1, 0.1666666666666666, 0.1124999999999999, 0.1124999999999999, 0.1291666666666666, 0.1999999999999999, 0.1125, 0.0749999999999999, 0.1124999999999999, 0.1124999999999999, 0.0624999999999999, 0.1166666666666667, 0.1583333333333333, 0.175, 0.1291666666666666, 0.1291666666666666, 0.0958333333333333, 0.1583333333333333, 0.1875, 0.2083333333333333, 0.1041666666666666]","{'dasvmclassifier__base_estimator__estimator_name': ['SVC'], 'dasvmclassifier__max_iter': [200]}"
Simulated,subspace,JDOT,best_scorer,Other,0.14299999999999996,0.024137913929933724,"[0.15, 0.1208333333333333, 0.1583333333333333, 0.1458333333333333, 0.1291666666666666, 0.1541666666666666, 0.1541666666666666, 0.15, 0.1708333333333333, 0.1791666666666666, 0.125, 0.0875, 0.1125, 0.1083333333333333, 0.1083333333333333, 0.1458333333333333, 0.1791666666666666, 0.1625, 0.1666666666666666, 0.1708333333333333, 0.1208333333333333, 0.1541666666666666, 0.1416666666666666, 0.15, 0.1291666666666666]",0.14299999999999996,0.024137913929933724,"[0.15, 0.1208333333333333, 0.1583333333333333, 0.1458333333333333, 0.1291666666666666, 0.1541666666666666, 0.1541666666666666, 0.15, 0.1708333333333333, 0.1791666666666666, 0.125, 0.0875, 0.1125, 0.1083333333333333, 0.1083333333333333, 0.1458333333333333, 0.1791666666666666, 0.1625, 0.1666666666666666, 0.1708333333333333, 0.1208333333333333, 0.1541666666666666, 0.1416666666666666, 0.15, 0.1291666666666666]",0.14236052853955697,0.02400432494134806,"[0.1485217391304347, 0.1204515848892748, 0.1580994720755765, 0.145106079824851, 0.1290305776944314, 0.1537993920972644, 0.1534465083143646, 0.1497638232842456, 0.1707037557951763, 0.1788102475032566, 0.1247568769102528, 0.0873573995936865, 0.1124845917463845, 0.1077756931415468, 0.108085579327591, 0.1456998489347293, 0.1788102475032566, 0.1613206071037396, 0.1652173913043478, 0.1690878407766314, 0.1195952641735774, 0.1523860888324431, 0.1414281744929147, 0.1499409681227863, 0.1273334609161606]",0.14299999999999996,0.02413791392993372,"[0.15, 0.1208333333333333, 0.1583333333333333, 0.1458333333333333, 0.1291666666666667, 0.1541666666666666, 0.1541666666666666, 0.1499999999999999, 0.1708333333333333, 0.1791666666666666, 0.1249999999999999, 0.0875, 0.1125, 0.1083333333333333, 0.1083333333333333, 0.1458333333333333, 0.1791666666666666, 0.1624999999999999, 0.1666666666666666, 0.1708333333333333, 0.1208333333333333, 0.1541666666666666, 0.1416666666666666, 0.15, 0.1291666666666666]","{'jdotclassifier__alpha': [0.1, 0.3, 0.5, 0.7, 0.9], 'jdotclassifier__base_estimator__estimator_name': ['SVC'], 'jdotclassifier__n_iter_max': [100], 'jdotclassifier__thr_weights': [1e-07], 'jdotclassifier__tol': [1e-06]}"
Simulated,subspace,KLIEP,best_scorer,Reweighting,0.19149999999999995,0.03266429271419358,"[0.1625, 0.1666666666666666, 0.2041666666666666, 0.1541666666666666, 0.1791666666666666, 0.225, 0.1583333333333333, 0.225, 0.2416666666666666, 0.2333333333333333, 0.1833333333333333, 0.1416666666666666, 0.1416666666666666, 0.1583333333333333, 0.175, 0.2, 0.2166666666666666, 0.1583333333333333, 0.2125, 0.2, 0.1916666666666666, 0.2041666666666666, 0.2166666666666666, 0.2625, 0.175]",0.19149999999999998,0.03266429271419356,"[0.1625, 0.1666666666666666, 0.2041666666666666, 0.1541666666666666, 0.1791666666666666, 0.225, 0.1583333333333333, 0.225, 0.2416666666666666, 0.2333333333333333, 0.1833333333333333, 0.1416666666666666, 0.1416666666666667, 0.1583333333333333, 0.175, 0.2, 0.2166666666666666, 0.1583333333333333, 0.2125, 0.2, 0.1916666666666666, 0.2041666666666667, 0.2166666666666666, 0.2625, 0.175]",0.16840401216141365,0.026117059502260488,"[0.1463608854913203, 0.1474850809889173, 0.1751686909581646, 0.1416339258972145, 0.165239499284945, 0.1927083333333333, 0.1389599317988065, 0.1898366606170599, 0.2127460168697282, 0.2013888888888889, 0.1575327745540511, 0.128042328042328, 0.126131221719457, 0.1449735449735449, 0.1560102301790281, 0.1721759126185685, 0.1919191919191919, 0.1467192340185863, 0.1810944016175913, 0.1794287342403305, 0.1685714285714286, 0.1777725960072465, 0.1867925888544445, 0.2276223204058255, 0.1537858821853408]",0.19149999999999998,0.03266429271419357,"[0.1625, 0.1666666666666666, 0.2041666666666667, 0.1541666666666666, 0.1791666666666667, 0.225, 0.1583333333333333, 0.225, 0.2416666666666667, 0.2333333333333333, 0.1833333333333333, 0.1416666666666667, 0.1416666666666666, 0.1583333333333333, 0.175, 0.2, 0.2166666666666666, 0.1583333333333333, 0.2125, 0.1999999999999999, 0.1916666666666666, 0.2041666666666667, 0.2166666666666666, 0.2625, 0.175]","{'finalestimator__estimator_name': ['SVC'], 'kliepreweightadapter__cv': [5], 'kliepreweightadapter__gamma': [0.0001, 0.001, 0.01, 0.1, 1.0, 10.0, 100.0, 1000.0, 'auto', 'scale'], 'kliepreweightadapter__max_iter': [1000], 'kliepreweightadapter__n_centers': [100], 'kliepreweightadapter__random_state': [0], 'kliepreweightadapter__tol': [1e-06]}"
Simulated,subspace,KMM,best_scorer,Reweighting,0.1815,0.06050137739478884,"[0.1291666666666666, 0.2291666666666666, 0.1208333333333333, 0.125, 0.1375, 0.1458333333333333, 0.2666666666666666, 0.1208333333333333, 0.125, 0.1708333333333333, 0.1416666666666666, 0.1583333333333333, 0.1583333333333333, 0.1708333333333333, 0.2041666666666666, 0.2416666666666666, 0.1458333333333333, 0.1125, 0.2416666666666666, 0.2166666666666666, 0.2083333333333333, 0.3375, 0.125, 0.2166666666666666, 0.2875]",0.1815,0.06050137739478884,"[0.1291666666666666, 0.2291666666666666, 0.1208333333333333, 0.125, 0.1375, 0.1458333333333333, 0.2666666666666666, 0.1208333333333333, 0.125, 0.1708333333333333, 0.1416666666666666, 0.1583333333333333, 0.1583333333333333, 0.1708333333333333, 0.2041666666666666, 0.2416666666666666, 0.1458333333333333, 0.1125, 0.2416666666666666, 0.2166666666666666, 0.2083333333333333, 0.3375, 0.125, 0.2166666666666666, 0.2875]",0.1558029431171638,0.04009972958107913,"[0.1180039035712401, 0.1864406779661017, 0.1111891180342255, 0.1161616161616161, 0.1247203086735143, 0.1404461992697286, 0.2105263157894737, 0.1111891180342255, 0.1228070175438596, 0.1567647733893607, 0.1314735436722647, 0.1410955991779462, 0.1366906474820144, 0.1528159645232816, 0.1695501730103806, 0.1946308724832214, 0.1364633611232997, 0.1042736240822834, 0.1980023501762632, 0.1867925888544445, 0.1753472222222222, 0.2523364485981308, 0.112925936355956, 0.181125226860254, 0.2233009708737864]",0.18149999999999994,0.06050137739478884,"[0.1291666666666666, 0.2291666666666666, 0.1208333333333333, 0.125, 0.1375, 0.1458333333333333, 0.2666666666666666, 0.1208333333333333, 0.1249999999999999, 0.1708333333333333, 0.1416666666666666, 0.1583333333333333, 0.1583333333333333, 0.1708333333333333, 0.2041666666666666, 0.2416666666666666, 0.1458333333333333, 0.1125, 0.2416666666666666, 0.2166666666666666, 0.2083333333333333, 0.3375, 0.1249999999999999, 0.2166666666666666, 0.2875]","{'finalestimator__estimator_name': ['SVC'], 'kmmreweightadapter__B': [1000.0], 'kmmreweightadapter__gamma': [0.0001, 0.001, 0.01, 0.1, 1.0, 10.0, 100.0, 1000.0, None], 'kmmreweightadapter__max_iter': [1000], 'kmmreweightadapter__smooth_weights': [False], 'kmmreweightadapter__tol': [1e-06]}"
Simulated,subspace,MMD-LS,best_scorer,Mapping,0.777,0.23707051810707197,"[0.6791666666666667, 0.9875, 0.7541666666666667, 0.6791666666666667, 0.7958333333333333, 0.9708333333333332, 0.0958333333333333, 0.9791666666666666, 0.9375, 0.4166666666666667, 0.7166666666666667, 0.725, 0.9916666666666668, 0.2333333333333333, 0.7708333333333334, 0.7416666666666667, 0.7, 0.6958333333333333, 0.9625, 0.9083333333333332, 0.9833333333333332, 0.7458333333333333, 0.9791666666666666, 0.9875, 0.9875]",0.777,0.237070518107072,"[0.6791666666666667, 0.9875, 0.7541666666666667, 0.6791666666666667, 0.7958333333333334, 0.9708333333333332, 0.0958333333333333, 0.9791666666666666, 0.9375, 0.4166666666666666, 0.7166666666666667, 0.725, 0.9916666666666668, 0.2333333333333333, 0.7708333333333333, 0.7416666666666667, 0.7, 0.6958333333333333, 0.9625, 0.9083333333333332, 0.9833333333333334, 0.7458333333333333, 0.9791666666666666, 0.9875, 0.9875]",0.7678687992242371,0.24458332988178683,"[0.6599878567091682, 0.9874997829823436, 0.7434736136524213, 0.6627183296526802, 0.7869526621859092, 0.9708328269588014, 0.0874524714828897, 0.9791663049705724, 0.937316083648204, 0.4086172909039707, 0.6934865900383141, 0.7066666666666668, 0.9916660879227724, 0.1891891891891892, 0.7581310123683006, 0.7326818051164127, 0.684002633311389, 0.6762689628411463, 0.9624993489470304, 0.907814791535722, 0.9833287024173384, 0.7328028325819934, 0.9791663049705724, 0.9874997829823436, 0.9874980465697764]",0.777,0.237070518107072,"[0.6791666666666666, 0.9875, 0.7541666666666668, 0.6791666666666667, 0.7958333333333334, 0.9708333333333332, 0.0958333333333333, 0.9791666666666669, 0.9375, 0.4166666666666666, 0.7166666666666667, 0.7250000000000001, 0.9916666666666666, 0.2333333333333333, 0.7708333333333333, 0.7416666666666668, 0.7000000000000001, 0.6958333333333333, 0.9625, 0.9083333333333332, 0.9833333333333334, 0.7458333333333333, 0.9791666666666669, 0.9875, 0.9875]","{'finalestimator__estimator_name': ['SVC'], 'mmdlsconsmappingadapter__gamma': [0.1, 1, 10], 'mmdlsconsmappingadapter__max_iter': [100], 'mmdlsconsmappingadapter__reg_k': [1e-10, 1e-08], 'mmdlsconsmappingadapter__reg_m': [1e-10, 1e-08], 'mmdlsconsmappingadapter__tol': [1e-05]}"
Simulated,concept_drift,CORAL,best_scorer,Mapping,0.6635,0.0295187087567642,"[0.63125, 0.64375, 0.7, 0.65, 0.6625, 0.69375, 0.69375, 0.71875, 0.63125, 0.7, 0.60625, 0.7, 0.65, 0.66875, 0.68125, 0.6625, 0.625, 0.65625, 0.65, 0.69375, 0.6625, 0.6125, 0.65, 0.66875, 0.675]",0.6635,0.029518708756764208,"[0.63125, 0.64375, 0.7, 0.65, 0.6625000000000001, 0.69375, 0.69375, 0.71875, 0.63125, 0.7, 0.60625, 0.7, 0.65, 0.66875, 0.68125, 0.6625, 0.625, 0.65625, 0.65, 0.69375, 0.6625, 0.6125, 0.65, 0.66875, 0.675]",0.6258118382491888,0.039308370751956756,"[0.5818383167220377, 0.5960132890365448, 0.6754563894523326, 0.6011396011396011, 0.6226415094339622, 0.6620543988965041, 0.6699086354258769, 0.6968548692686625, 0.5818383167220377, 0.6729688298415943, 0.5534883720930233, 0.6799999999999999, 0.6050079351084465, 0.6312883168833427, 0.6511478773887391, 0.6291208791208792, 0.5767942161876213, 0.6173746684638463, 0.6121212121212121, 0.6674443266171792, 0.625974025974026, 0.5584045584045583, 0.6086652690426275, 0.6279233030582247, 0.6398268398268397]",0.6635,0.02951870875676423,"[0.63125, 0.64375, 0.7000000000000001, 0.65, 0.6625, 0.69375, 0.69375, 0.71875, 0.63125, 0.7000000000000001, 0.60625, 0.7, 0.65, 0.6687500000000001, 0.68125, 0.6625000000000001, 0.625, 0.65625, 0.65, 0.69375, 0.6625000000000001, 0.6124999999999999, 0.6499999999999999, 0.66875, 0.6750000000000002]","{'coraladapter__reg': ['auto'], 'finalestimator__estimator_name': ['SVC']}"
Simulated,subspace,OTLabelProp,best_scorer,Other,0.12916666666666662,0.039105300625836364,"[0.1083333333333333, 0.1208333333333333, 0.1583333333333333, 0.1416666666666666, 0.1291666666666666, 0.1625, 0.1291666666666666, 0.15, 0.1708333333333333, 0.1791666666666666, 0.125, 0.0833333333333333, 0.1083333333333333, 0.0916666666666666, 0.0791666666666666, 0.1458333333333333, 0.1791666666666666, 0.1625, 0.1666666666666666, 0.1708333333333333, 0.1083333333333333, 0.1333333333333333, 0.1416666666666666, 0.0416666666666666, 0.0416666666666666]",0.12916666666666662,0.03910530062583636,"[0.1083333333333333, 0.1208333333333333, 0.1583333333333333, 0.1416666666666666, 0.1291666666666666, 0.1624999999999999, 0.1291666666666666, 0.15, 0.1708333333333333, 0.1791666666666666, 0.125, 0.0833333333333333, 0.1083333333333333, 0.0916666666666666, 0.0791666666666666, 0.1458333333333333, 0.1791666666666666, 0.1625, 0.1666666666666666, 0.1708333333333333, 0.1083333333333333, 0.1333333333333333, 0.1416666666666666, 0.0416666666666666, 0.0416666666666666]",0.128466277560365,0.03909977607924002,"[0.1052888300466866, 0.1204515848892748, 0.1580994720755765, 0.1407119021134594, 0.1290305776944314, 0.1621363438992618, 0.1287885366912722, 0.1497638232842456, 0.1707037557951763, 0.1788102475032566, 0.1247568769102528, 0.0832696715049656, 0.1083333333333333, 0.0914142817449291, 0.0783826519087418, 0.1456998489347293, 0.1788102475032566, 0.1613206071037396, 0.1652173913043478, 0.1690878407766314, 0.1077756931415468, 0.1303741899519197, 0.1414281744929147, 0.0414003889969436, 0.0406006674082313]",0.12916666666666662,0.03910530062583636,"[0.1083333333333333, 0.1208333333333333, 0.1583333333333333, 0.1416666666666667, 0.1291666666666667, 0.1625, 0.1291666666666666, 0.1499999999999999, 0.1708333333333333, 0.1791666666666666, 0.1249999999999999, 0.0833333333333333, 0.1083333333333333, 0.0916666666666666, 0.0791666666666666, 0.1458333333333333, 0.1791666666666666, 0.1624999999999999, 0.1666666666666666, 0.1708333333333333, 0.1083333333333333, 0.1333333333333333, 0.1416666666666666, 0.0416666666666666, 0.0416666666666666]","{'finalestimator__estimator_name': ['SVC'], 'otlabelpropadapter__metric': ['sqeuclidean', 'cosine', 'cityblock'], 'otlabelpropadapter__reg': [None, 0.1, 1.0]}"
Simulated,subspace,JPCA,best_scorer,Subspace,0.18833333333333332,0.031891562508902856,"[0.1625, 0.1625, 0.2125, 0.15, 0.1791666666666666, 0.2041666666666666, 0.1583333333333333, 0.2375, 0.2416666666666666, 0.2291666666666666, 0.1833333333333333, 0.1416666666666666, 0.1375, 0.1625, 0.175, 0.1958333333333333, 0.2125, 0.1583333333333333, 0.2, 0.1916666666666666, 0.1875, 0.2083333333333333, 0.2, 0.2541666666666666, 0.1625]",0.18833333333333332,0.03189156250890286,"[0.1625, 0.1625, 0.2125, 0.15, 0.1791666666666666, 0.2041666666666667, 0.1583333333333333, 0.2375, 0.2416666666666666, 0.2291666666666666, 0.1833333333333333, 0.1416666666666666, 0.1375, 0.1625, 0.175, 0.1958333333333333, 0.2125, 0.1583333333333333, 0.1999999999999999, 0.1916666666666666, 0.1875, 0.2083333333333333, 0.2, 0.2541666666666666, 0.1625]",0.16645931624780247,0.025747454002975786,"[0.1463608854913203, 0.1443015521064301, 0.1838056680161943, 0.1382709096029287, 0.165239499284945, 0.1777725960072465, 0.1389599317988065, 0.1984084977459801, 0.2127460168697282, 0.198425737033092, 0.1575327745540511, 0.128042328042328, 0.1228658698070234, 0.1482900474937763, 0.1560102301790281, 0.1691628849706731, 0.1888266957563618, 0.1467192340185863, 0.1771428571428571, 0.1730605285592497, 0.1654630075429305, 0.1833225875779067, 0.1747259832366215, 0.2217250312505661, 0.1443015521064301]",0.18833333333333332,0.03189156250890287,"[0.1625, 0.1625, 0.2125, 0.15, 0.1791666666666667, 0.2041666666666667, 0.1583333333333333, 0.2375, 0.2416666666666667, 0.2291666666666666, 0.1833333333333333, 0.1416666666666667, 0.1374999999999999, 0.1625, 0.175, 0.1958333333333333, 0.2125, 0.1583333333333333, 0.1999999999999999, 0.1916666666666666, 0.1875, 0.2083333333333333, 0.2, 0.2541666666666666, 0.1625]","{'finalestimator__estimator_name': ['SVC'], 'pca__n_components': [1, 2, 5, 10, 20, 50, 100]}"
Simulated,subspace,MMDTarS,best_scorer,Reweighting,0.23116666666666663,0.042203486340102986,"[0.2208333333333333, 0.1583333333333333, 0.2458333333333333, 0.15, 0.1791666666666666, 0.2041666666666666, 0.2416666666666666, 0.275, 0.2458333333333333, 0.2208333333333333, 0.2083333333333333, 0.2041666666666666, 0.2291666666666666, 0.2, 0.175, 0.3083333333333333, 0.275, 0.2708333333333333, 0.2125, 0.2791666666666667, 0.2916666666666667, 0.2166666666666666, 0.2333333333333333, 0.2875, 0.2458333333333333]",0.23116666666666663,0.042203486340102965,"[0.2208333333333333, 0.1583333333333333, 0.2458333333333333, 0.15, 0.1791666666666666, 0.2041666666666667, 0.2416666666666666, 0.2749999999999999, 0.2458333333333333, 0.2208333333333333, 0.2083333333333333, 0.2041666666666667, 0.2291666666666666, 0.1999999999999999, 0.175, 0.3083333333333333, 0.275, 0.2708333333333333, 0.2125, 0.2791666666666667, 0.2916666666666666, 0.2166666666666666, 0.2333333333333333, 0.2875, 0.2458333333333333]",0.19235849069444327,0.02652801351815112,"[0.1808873720136518, 0.1410955991779462, 0.2040311497938617, 0.1382709096029287, 0.165239499284945, 0.1777725960072465, 0.1980023501762632, 0.2194976076555024, 0.2040311497938617, 0.192442645074224, 0.1753472222222222, 0.1724287339098409, 0.1864406779661017, 0.1771428571428571, 0.1560102301790281, 0.2356687898089172, 0.2156862745098039, 0.2168708396263355, 0.1863823070438198, 0.2221077283372365, 0.2298399275143461, 0.1867925888544445, 0.1985480943738657, 0.2311007025761124, 0.197324414715719]",0.23116666666666663,0.042203486340102965,"[0.2208333333333333, 0.1583333333333333, 0.2458333333333333, 0.15, 0.1791666666666667, 0.2041666666666667, 0.2416666666666666, 0.2749999999999999, 0.2458333333333333, 0.2208333333333333, 0.2083333333333333, 0.2041666666666666, 0.2291666666666666, 0.1999999999999999, 0.175, 0.3083333333333333, 0.275, 0.2708333333333333, 0.2125, 0.2791666666666667, 0.2916666666666666, 0.2166666666666666, 0.2333333333333333, 0.2875, 0.2458333333333333]","{'finalestimator__estimator_name': ['SVC'], 'mmdtarsreweightadapter__gamma': [0.0001, 0.001, 0.01, 0.1, 1.0, 10.0, 100.0, 1000.0, None], 'mmdtarsreweightadapter__max_iter': [1000], 'mmdtarsreweightadapter__reg': [1e-06], 'mmdtarsreweightadapter__tol': [1e-06]}"
Simulated,subspace,ClassRegOT,best_scorer,Mapping,0.15499999999999997,0.020198666072568035,"[0.1625, 0.1375, 0.1708333333333333, 0.1458333333333333, 0.15, 0.1666666666666666, 0.1625, 0.1666666666666666, 0.1666666666666666, 0.1833333333333333, 0.15, 0.1083333333333333, 0.1291666666666666, 0.125, 0.1333333333333333, 0.15, 0.1833333333333333, 0.1708333333333333, 0.1791666666666666, 0.175, 0.1333333333333333, 0.175, 0.15, 0.1666666666666666, 0.1333333333333333]",0.15499999999999997,0.020198666072568035,"[0.1625, 0.1375, 0.1708333333333333, 0.1458333333333333, 0.15, 0.1666666666666666, 0.1625, 0.1666666666666666, 0.1666666666666666, 0.1833333333333333, 0.15, 0.1083333333333333, 0.1291666666666666, 0.125, 0.1333333333333333, 0.15, 0.1833333333333333, 0.1708333333333333, 0.1791666666666666, 0.175, 0.1333333333333333, 0.175, 0.15, 0.1666666666666666, 0.1333333333333333]",0.15408557653050858,0.02009604236854114,"[0.1617869368038783, 0.1362854013456423, 0.1704732957012592, 0.145106079824851, 0.15, 0.1664351208669074, 0.1617869368038783, 0.1661455076089222, 0.1666087922772414, 0.1831064184495693, 0.1451917033312382, 0.1083333333333333, 0.1290305776944314, 0.1244527829893683, 0.1330925257015837, 0.1499409681227863, 0.1831064184495693, 0.1675816993464052, 0.1774387167487256, 0.1729323308270676, 0.1318260869565217, 0.1735652173913043, 0.1499409681227863, 0.1661455076089222, 0.1318260869565217]",0.15499999999999997,0.02019866607256803,"[0.1624999999999999, 0.1374999999999999, 0.1708333333333333, 0.1458333333333333, 0.15, 0.1666666666666666, 0.1624999999999999, 0.1666666666666666, 0.1666666666666666, 0.1833333333333333, 0.1499999999999999, 0.1083333333333333, 0.1291666666666667, 0.125, 0.1333333333333333, 0.15, 0.1833333333333333, 0.1708333333333333, 0.1791666666666666, 0.175, 0.1333333333333333, 0.175, 0.15, 0.1666666666666666, 0.1333333333333333]","[{'classregularizerotmappingadapter__max_inner_iter': [1000], 'classregularizerotmappingadapter__max_iter': [10], 'classregularizerotmappingadapter__metric': ['sqeuclidean', 'cosine', 'cityblock'], 'classregularizerotmappingadapter__norm': ['lpl1'], 'classregularizerotmappingadapter__reg_cl': [0.1], 'classregularizerotmappingadapter__reg_e': [0.1], 'classregularizerotmappingadapter__tol': [1e-06], 'finalestimator__estimator_name': ['SVC']}, {'classregularizerotmappingadapter__max_inner_iter': [1000], 'classregularizerotmappingadapter__max_iter': [10], 'classregularizerotmappingadapter__metric': ['sqeuclidean', 'cosine', 'cityblock'], 'classregularizerotmappingadapter__norm': ['lpl1'], 'classregularizerotmappingadapter__reg_cl': [0.5], 'classregularizerotmappingadapter__reg_e': [0.5], 'classregularizerotmappingadapter__tol': [1e-06], 'finalestimator__estimator_name': ['SVC']}, {'classregularizerotmappingadapter__max_inner_iter': [1000], 'classregularizerotmappingadapter__max_iter': [10], 'classregularizerotmappingadapter__metric': ['sqeuclidean', 'cosine', 'cityblock'], 'classregularizerotmappingadapter__norm': ['lpl1'], 'classregularizerotmappingadapter__reg_cl': [1.0], 'classregularizerotmappingadapter__reg_e': [1.0], 'classregularizerotmappingadapter__tol': [1e-06], 'finalestimator__estimator_name': ['SVC']}]"
Simulated,subspace,Dens. RW,best_scorer,Reweighting,0.17816666666666664,0.06126417069634674,"[0.1666666666666666, 0.1083333333333333, 0.2166666666666666, 0.1, 0.0708333333333333, 0.2083333333333333, 0.1541666666666666, 0.2375, 0.2208333333333333, 0.2583333333333333, 0.2041666666666666, 0.2166666666666666, 0.1583333333333333, 0.1291666666666666, 0.1875, 0.2041666666666666, 0.1583333333333333, 0.1583333333333333, 0.1333333333333333, 0.0291666666666666, 0.2041666666666666, 0.2583333333333333, 0.1666666666666666, 0.2083333333333333, 0.2958333333333333]",0.17816666666666664,0.06126417069634674,"[0.1666666666666666, 0.1083333333333333, 0.2166666666666666, 0.1, 0.0708333333333333, 0.2083333333333333, 0.1541666666666666, 0.2375, 0.2208333333333333, 0.2583333333333333, 0.2041666666666666, 0.2166666666666666, 0.1583333333333333, 0.1291666666666666, 0.1875, 0.2041666666666667, 0.1583333333333333, 0.1583333333333333, 0.1333333333333333, 0.0291666666666666, 0.2041666666666666, 0.2583333333333333, 0.1666666666666666, 0.2083333333333333, 0.2958333333333333]",0.15612695742463234,0.04718753168272283,"[0.1515837104072398, 0.10077736536172, 0.1867925888544445, 0.0984347826086956, 0.0671895424836601, 0.1807990801954584, 0.1357871396895787, 0.1984084977459801, 0.1949920180803932, 0.2218012241329058, 0.1751686909581646, 0.1867925888544445, 0.1389599317988065, 0.1210947766816772, 0.1654630075429305, 0.1777725960072465, 0.1498316498316498, 0.1535721768279908, 0.1245791245791246, 0.0290149502526436, 0.1802428512670112, 0.2088888888888889, 0.1515837104072398, 0.1753472222222222, 0.2282958199356913]",0.17816666666666664,0.06126417069634674,"[0.1666666666666666, 0.1083333333333333, 0.2166666666666666, 0.1, 0.0708333333333333, 0.2083333333333333, 0.1541666666666666, 0.2375, 0.2208333333333333, 0.2583333333333333, 0.2041666666666667, 0.2166666666666666, 0.1583333333333333, 0.1291666666666666, 0.1875, 0.2041666666666667, 0.1583333333333333, 0.1583333333333333, 0.1333333333333333, 0.0291666666666666, 0.2041666666666666, 0.2583333333333333, 0.1666666666666666, 0.2083333333333333, 0.2958333333333333]","{'densityreweightadapter__weight_estimator__bandwidth': [0.01, 0.1, 1.0, 10.0, 100.0, 'scott', 'silverman'], 'finalestimator__estimator_name': ['SVC']}"
Simulated,subspace,Disc. RW,best_scorer,Reweighting,0.2143333333333333,0.03834088089948051,"[0.2125, 0.2583333333333333, 0.275, 0.2291666666666666, 0.2666666666666666, 0.25, 0.1458333333333333, 0.2291666666666666, 0.2625, 0.2041666666666666, 0.1791666666666666, 0.1791666666666666, 0.1333333333333333, 0.1875, 0.2041666666666666, 0.1875, 0.2, 0.2125, 0.2583333333333333, 0.2416666666666666, 0.1666666666666666, 0.225, 0.1833333333333333, 0.25, 0.2166666666666666]",0.2143333333333333,0.038340880899480505,"[0.2125, 0.2583333333333333, 0.2749999999999999, 0.2291666666666666, 0.2666666666666666, 0.25, 0.1458333333333333, 0.2291666666666666, 0.2625, 0.2041666666666666, 0.1791666666666666, 0.1791666666666666, 0.1333333333333333, 0.1875, 0.2041666666666666, 0.1875, 0.2, 0.2125, 0.2583333333333333, 0.2416666666666666, 0.1666666666666666, 0.225, 0.1833333333333333, 0.25, 0.2166666666666666]",0.18303329109111935,0.02856332486643832,"[0.1782459827170782, 0.2123312928682056, 0.2194976076555024, 0.198425737033092, 0.227561992538951, 0.2068155111633372, 0.1293730424165206, 0.1927125947744504, 0.2216216216216216, 0.1802428512670112, 0.1544913177989592, 0.1544913177989592, 0.1195767195767195, 0.1698447893569844, 0.1751686909581646, 0.1630751622883099, 0.1794287342403305, 0.1863823070438198, 0.2156286721504113, 0.2072595281306715, 0.1495996031464815, 0.1868259982512387, 0.162333499537004, 0.2068155111633372, 0.1780821917808219]",0.2143333333333333,0.038340880899480505,"[0.2125, 0.2583333333333333, 0.2749999999999999, 0.2291666666666666, 0.2666666666666666, 0.25, 0.1458333333333333, 0.2291666666666666, 0.2624999999999999, 0.2041666666666666, 0.1791666666666666, 0.1791666666666666, 0.1333333333333333, 0.1874999999999999, 0.2041666666666667, 0.1875, 0.1999999999999999, 0.2125, 0.2583333333333333, 0.2416666666666666, 0.1666666666666666, 0.2249999999999999, 0.1833333333333333, 0.25, 0.2166666666666666]","{'discriminatorreweightadapter__domain_classifier__estimator_name': ['LR', 'SVC', 'KNN', 'XGB'], 'finalestimator__estimator_name': ['SVC']}"
Simulated,subspace,EntOT,best_scorer,Mapping,0.474,0.03017311165038612,"[0.4875, 0.4791666666666667, 0.4916666666666666, 0.5041666666666667, 0.4958333333333333, 0.4875, 0.4583333333333333, 0.4125, 0.4958333333333333, 0.5125, 0.4416666666666666, 0.4625, 0.3958333333333333, 0.475, 0.4541666666666666, 0.4625, 0.4916666666666666, 0.5, 0.4833333333333333, 0.425, 0.4625, 0.5041666666666667, 0.4958333333333333, 0.5041666666666667, 0.4666666666666667]",0.474,0.030173111650386126,"[0.4875, 0.4791666666666667, 0.4916666666666666, 0.5041666666666667, 0.4958333333333333, 0.4875, 0.4583333333333333, 0.4125, 0.4958333333333333, 0.5125, 0.4416666666666666, 0.4625, 0.3958333333333333, 0.475, 0.4541666666666666, 0.4625, 0.4916666666666667, 0.5, 0.4833333333333333, 0.425, 0.4625, 0.5041666666666667, 0.4958333333333333, 0.5041666666666667, 0.4666666666666667]",0.3546939751326032,0.02514454010681439,"[0.3772020506761746, 0.3438176688029047, 0.3625914315569488, 0.3867954911433172, 0.3764895330112721, 0.3480421387398131, 0.338927027714213, 0.3138547010280013, 0.3764895330112721, 0.3798449612403101, 0.3243697478991596, 0.3352657004830918, 0.2943895861635475, 0.3647058823529411, 0.3366948669803161, 0.3352657004830918, 0.3741450068399453, 0.3999499958329861, 0.3638850889192886, 0.3356867779204107, 0.3352657004830918, 0.3692440204068111, 0.3586430795733121, 0.3811618383133626, 0.3546218487394958]",0.474,0.030173111650386126,"[0.4874999999999999, 0.4791666666666667, 0.4916666666666666, 0.5041666666666667, 0.4958333333333333, 0.4875, 0.4583333333333333, 0.4125, 0.4958333333333333, 0.5125, 0.4416666666666666, 0.4625, 0.3958333333333333, 0.475, 0.4541666666666666, 0.4625, 0.4916666666666667, 0.5, 0.4833333333333333, 0.425, 0.4625, 0.5041666666666667, 0.4958333333333333, 0.5041666666666667, 0.4666666666666667]","{'entropicotmappingadapter__max_iter': [1000], 'entropicotmappingadapter__metric': ['sqeuclidean', 'cosine', 'cityblock'], 'entropicotmappingadapter__norm': ['median'], 'entropicotmappingadapter__reg_e': [0.1, 0.5, 1.0], 'entropicotmappingadapter__tol': [1e-06], 'finalestimator__estimator_name': ['SVC']}"
Simulated,subspace,Gauss. RW,best_scorer,Reweighting,0.2068333333333333,0.03531193665561788,"[0.175, 0.1666666666666666, 0.2166666666666666, 0.175, 0.175, 0.2333333333333333, 0.1625, 0.2541666666666666, 0.2666666666666666, 0.2541666666666666, 0.1875, 0.1458333333333333, 0.1541666666666666, 0.175, 0.1833333333333333, 0.2083333333333333, 0.2375, 0.2, 0.2458333333333333, 0.2125, 0.225, 0.2208333333333333, 0.2166666666666666, 0.2583333333333333, 0.2208333333333333]",0.2068333333333333,0.03531193665561788,"[0.175, 0.1666666666666666, 0.2166666666666666, 0.175, 0.175, 0.2333333333333333, 0.1625, 0.2541666666666666, 0.2666666666666666, 0.2541666666666666, 0.1875, 0.1458333333333333, 0.1541666666666666, 0.175, 0.1833333333333333, 0.2083333333333333, 0.2375, 0.1999999999999999, 0.2458333333333333, 0.2125, 0.225, 0.2208333333333333, 0.2166666666666666, 0.2583333333333333, 0.2208333333333333]",0.17982190280672483,0.027860313574316307,"[0.1560102301790281, 0.1474850809889173, 0.1867925888544445, 0.1581036071150166, 0.1600678733031673, 0.1985480943738657, 0.1421102238978499, 0.2095821604018325, 0.2305450306033226, 0.2159296234783085, 0.1605531739340998, 0.1313405957026077, 0.1357871396895787, 0.1581036071150166, 0.162333499537004, 0.1781414461826833, 0.2070914047408424, 0.1771428571428571, 0.2101674575901379, 0.1888266957563618, 0.1927083333333333, 0.1897600693253416, 0.1867925888544445, 0.2246823956442831, 0.1869417924237758]",0.2068333333333333,0.035311936655617916,"[0.175, 0.1666666666666666, 0.2166666666666666, 0.175, 0.175, 0.2333333333333333, 0.1624999999999999, 0.2541666666666667, 0.2666666666666667, 0.2541666666666666, 0.1874999999999999, 0.1458333333333333, 0.1541666666666666, 0.175, 0.1833333333333333, 0.2083333333333333, 0.2375, 0.1999999999999999, 0.2458333333333333, 0.2125, 0.225, 0.2208333333333333, 0.2166666666666666, 0.2583333333333333, 0.2208333333333333]","{'finalestimator__estimator_name': ['SVC'], 'gaussianreweightadapter__reg': ['auto', 1e-05, 0.01, 0.5]}"
Simulated,subspace,LinOT,best_scorer,Mapping,0.17549999999999996,0.04310570556030665,"[0.1666666666666666, 0.1666666666666666, 0.2166666666666666, 0.1541666666666666, 0.0791666666666666, 0.1875, 0.1458333333333333, 0.2208333333333333, 0.2291666666666666, 0.2208333333333333, 0.1875, 0.1416666666666666, 0.15, 0.1541666666666666, 0.1791666666666666, 0.1916666666666666, 0.2083333333333333, 0.1583333333333333, 0.2, 0.0916666666666666, 0.1, 0.2041666666666666, 0.2, 0.2541666666666666, 0.1791666666666666]",0.17549999999999996,0.04310570556030665,"[0.1666666666666666, 0.1666666666666666, 0.2166666666666666, 0.1541666666666666, 0.0791666666666666, 0.1875, 0.1458333333333333, 0.2208333333333333, 0.2291666666666666, 0.2208333333333333, 0.1875, 0.1416666666666666, 0.15, 0.1541666666666666, 0.1791666666666666, 0.1916666666666666, 0.2083333333333333, 0.1583333333333333, 0.1999999999999999, 0.0916666666666666, 0.1, 0.2041666666666667, 0.2, 0.2541666666666666, 0.1791666666666666]",0.1560114812737639,0.03485069520813268,"[0.1515837104072398, 0.1474850809889173, 0.1867925888544445, 0.1416339258972145, 0.0755555555555555, 0.1654630075429305, 0.1293730424165206, 0.1869417924237758, 0.2036017291169665, 0.192442645074224, 0.1605531739340998, 0.128042328042328, 0.1325915952094111, 0.1416339258972145, 0.1591826572531166, 0.1661293788953363, 0.1879763515919937, 0.1467192340185863, 0.1771428571428571, 0.0885652567765312, 0.09974993053626, 0.1777725960072465, 0.1747259832366215, 0.2217250312505661, 0.15690365377414]",0.17549999999999996,0.04310570556030665,"[0.1666666666666666, 0.1666666666666666, 0.2166666666666666, 0.1541666666666666, 0.0791666666666666, 0.1875, 0.1458333333333333, 0.2208333333333333, 0.2291666666666666, 0.2208333333333333, 0.1874999999999999, 0.1416666666666667, 0.15, 0.1541666666666666, 0.1791666666666666, 0.1916666666666666, 0.2083333333333333, 0.1583333333333333, 0.1999999999999999, 0.0916666666666666, 0.1, 0.2041666666666667, 0.2, 0.2541666666666666, 0.1791666666666667]","{'finalestimator__estimator_name': ['SVC'], 'linearotmappingadapter__bias': [True, False], 'linearotmappingadapter__reg': [1e-08, 1e-06, 0.1, 1, 10]}"
Simulated,subspace,NN RW,best_scorer,Reweighting,0.15099999999999997,0.039386939694758205,"[0.1333333333333333, 0.1166666666666666, 0.2, 0.0875, 0.0833333333333333, 0.1375, 0.1333333333333333, 0.1291666666666666, 0.125, 0.1708333333333333, 0.1583333333333333, 0.1166666666666666, 0.1166666666666666, 0.1375, 0.1416666666666666, 0.2, 0.1583333333333333, 0.1375, 0.1333333333333333, 0.1625, 0.225, 0.2041666666666666, 0.1708333333333333, 0.2416666666666666, 0.1541666666666666]",0.15099999999999997,0.0393869396947582,"[0.1333333333333333, 0.1166666666666666, 0.2, 0.0875, 0.0833333333333333, 0.1375, 0.1333333333333333, 0.1291666666666666, 0.125, 0.1708333333333333, 0.1583333333333333, 0.1166666666666666, 0.1166666666666666, 0.1375, 0.1416666666666666, 0.1999999999999999, 0.1583333333333333, 0.1375, 0.1333333333333333, 0.1625, 0.225, 0.2041666666666666, 0.1708333333333333, 0.2416666666666666, 0.1541666666666666]",0.1376963880403181,0.03231402901270019,"[0.1259892149310175, 0.1091813152181525, 0.1721759126185685, 0.0848148212637774, 0.0817391304347826, 0.1264440576040512, 0.1195767195767195, 0.1162635000616642, 0.1200502828409805, 0.15485480702872, 0.1389599317988065, 0.1077441077441077, 0.1061766565947579, 0.1280386134269416, 0.128042328042328, 0.1771428571428571, 0.1512010645003151, 0.1280386134269416, 0.1259892149310175, 0.1500907345090646, 0.1927083333333333, 0.1802428512670112, 0.1567647733893607, 0.2152917505030181, 0.1448881088196577]",0.15099999999999997,0.03938693969475819,"[0.1333333333333333, 0.1166666666666666, 0.2, 0.0875, 0.0833333333333333, 0.1375, 0.1333333333333333, 0.1291666666666666, 0.125, 0.1708333333333333, 0.1583333333333333, 0.1166666666666667, 0.1166666666666666, 0.1374999999999999, 0.1416666666666667, 0.1999999999999999, 0.1583333333333333, 0.1374999999999999, 0.1333333333333333, 0.1624999999999999, 0.225, 0.2041666666666666, 0.1708333333333333, 0.2416666666666666, 0.1541666666666667]","{'finalestimator__estimator_name': ['SVC'], 'nearestneighborreweightadapter__laplace_smoothing': [True, False], 'nearestneighborreweightadapter__n_neighbors': [1]}"
Simulated,subspace,MapOT,best_scorer,Mapping,0.10366666666666662,0.04502635545083773,"[0.1083333333333333, 0.0875, 0.1583333333333333, 0.0166666666666666, 0.1041666666666666, 0.1416666666666666, 0.1416666666666666, 0.1458333333333333, 0.0291666666666666, 0.0458333333333333, 0.025, 0.0833333333333333, 0.0958333333333333, 0.0916666666666666, 0.0791666666666666, 0.1375, 0.1625, 0.1583333333333333, 0.0291666666666666, 0.1416666666666666, 0.1041666666666666, 0.1333333333333333, 0.1291666666666666, 0.1291666666666666, 0.1125]",0.10366666666666662,0.04502635545083773,"[0.1083333333333333, 0.0875, 0.1583333333333333, 0.0166666666666666, 0.1041666666666666, 0.1416666666666666, 0.1416666666666666, 0.1458333333333333, 0.0291666666666666, 0.0458333333333333, 0.025, 0.0833333333333333, 0.0958333333333333, 0.0916666666666666, 0.0791666666666666, 0.1375, 0.1625, 0.1583333333333333, 0.0291666666666666, 0.1416666666666666, 0.1041666666666666, 0.1333333333333333, 0.1291666666666666, 0.1291666666666666, 0.1124999999999999]",0.10298914903329892,0.04470054917417411,"[0.1060985797827903, 0.0867230803982554, 0.1580994720755765, 0.0165983748871449, 0.1041511137346134, 0.1411298728371899, 0.1414281744929147, 0.1456998489347293, 0.0287451150673035, 0.0456842214929416, 0.0249322869643725, 0.0832696715049656, 0.0958176357228424, 0.0914142817449291, 0.0783826519087418, 0.1373652133145804, 0.1607369648045372, 0.1554595498571528, 0.0291498116286741, 0.1411298728371899, 0.1034039373772827, 0.1303741899519197, 0.1291515477699265, 0.1291515477699265, 0.1106317089719723]",0.10366666666666662,0.04502635545083773,"[0.1083333333333333, 0.0875, 0.1583333333333333, 0.0166666666666666, 0.1041666666666666, 0.1416666666666666, 0.1416666666666666, 0.1458333333333333, 0.0291666666666666, 0.0458333333333333, 0.025, 0.0833333333333333, 0.0958333333333333, 0.0916666666666666, 0.0791666666666666, 0.1375, 0.1625, 0.1583333333333333, 0.0291666666666666, 0.1416666666666666, 0.1041666666666666, 0.1333333333333333, 0.1291666666666666, 0.1291666666666666, 0.1124999999999999]","{'finalestimator__estimator_name': ['SVC'], 'otmappingadapter__max_iter': [1000000], 'otmappingadapter__metric': ['sqeuclidean', 'cosine', 'cityblock'], 'otmappingadapter__norm': ['median']}"
Simulated,subspace,SA,best_scorer,Subspace,0.11349999999999996,0.05899034760968197,"[0.0333333333333333, 0.0583333333333333, 0.0958333333333333, 0.0458333333333333, 0.0791666666666666, 0.2333333333333333, 0.2125, 0.2291666666666666, 0.1875, 0.1333333333333333, 0.0791666666666666, 0.0708333333333333, 0.0833333333333333, 0.1, 0.0791666666666666, 0.1166666666666666, 0.1166666666666666, 0.1583333333333333, 0.1541666666666666, 0.0916666666666666, 0.025, 0.1541666666666666, 0.1458333333333333, 0.0458333333333333, 0.1083333333333333]",0.11349999999999996,0.05899034760968197,"[0.0333333333333333, 0.0583333333333333, 0.0958333333333333, 0.0458333333333333, 0.0791666666666666, 0.2333333333333333, 0.2125, 0.2291666666666666, 0.1875, 0.1333333333333333, 0.0791666666666666, 0.0708333333333333, 0.0833333333333333, 0.0999999999999999, 0.0791666666666666, 0.1166666666666666, 0.1166666666666666, 0.1583333333333333, 0.1541666666666666, 0.0916666666666666, 0.025, 0.1541666666666666, 0.1458333333333333, 0.0458333333333333, 0.1083333333333333]",0.10859408297914543,0.05656002119513993,"[0.032258064516129, 0.056695652173913, 0.0931726767773502, 0.0450209379506872, 0.0755555555555555, 0.2268366132082078, 0.2064241851676901, 0.2232194405080565, 0.1785870996050899, 0.1327913279132791, 0.0764569657502046, 0.0688773291115016, 0.0792410714285714, 0.0969270434116089, 0.0764569657502046, 0.1136506166817643, 0.1061766565947579, 0.1410955991779462, 0.1416339258972145, 0.0885652567765312, 0.024390243902439, 0.1433243656696734, 0.1424836601307189, 0.0456842214929416, 0.0993265993265993]",0.11349999999999998,0.05899034760968198,"[0.0333333333333333, 0.0583333333333333, 0.0958333333333333, 0.0458333333333333, 0.0791666666666666, 0.2333333333333333, 0.2125, 0.2291666666666666, 0.1875, 0.1333333333333333, 0.0791666666666666, 0.0708333333333333, 0.0833333333333333, 0.1, 0.0791666666666666, 0.1166666666666667, 0.1166666666666666, 0.1583333333333333, 0.1541666666666667, 0.0916666666666666, 0.025, 0.1541666666666667, 0.1458333333333333, 0.0458333333333333, 0.1083333333333333]","{'finalestimator__estimator_name': ['SVC'], 'subspacealignmentadapter__n_components': [1, 2, 5, 10, 20, 50, 100]}"
Simulated,subspace,TCA,best_scorer,Subspace,0.569,0.23502634801072683,"[0.4708333333333333, 0.7166666666666667, 0.4041666666666667, 0.1708333333333333, 0.7458333333333333, 0.4125, 0.5375, 0.25, 0.7875, 0.9208333333333332, 0.4125, 0.7916666666666666, 0.2208333333333333, 0.7375, 0.9791666666666666, 0.1666666666666666, 0.575, 0.6333333333333333, 0.4666666666666667, 0.8625, 0.4125, 0.6291666666666667, 0.45, 0.6208333333333333, 0.85]",0.569,0.23502634801072678,"[0.4708333333333333, 0.7166666666666667, 0.4041666666666667, 0.1708333333333333, 0.7458333333333333, 0.4125, 0.5375000000000001, 0.25, 0.7875, 0.9208333333333334, 0.4125, 0.7916666666666666, 0.2208333333333333, 0.7375, 0.9791666666666669, 0.1666666666666666, 0.575, 0.6333333333333333, 0.4666666666666667, 0.8625, 0.4125, 0.6291666666666667, 0.4499999999999999, 0.6208333333333333, 0.8500000000000001]",0.5602450483289383,0.2415665413754052,"[0.4065305009832746, 0.7127569698676429, 0.3434217826328174, 0.1708189378287817, 0.7374038133845133, 0.4095374360942925, 0.5372991749891445, 0.238095238095238, 0.7838944896625999, 0.9206666782651056, 0.4101960784313725, 0.7914349276974415, 0.1808873720136518, 0.7373860182370819, 0.9791634109496276, 0.1608391608391608, 0.573934837092732, 0.6307692307692307, 0.4666296270574345, 0.8614391434419776, 0.4095374360942925, 0.6250987275120666, 0.4496560350218886, 0.620510503727129, 0.8482186775349589]",0.569,0.23502634801072678,"[0.4708333333333333, 0.7166666666666668, 0.4041666666666667, 0.1708333333333333, 0.7458333333333333, 0.4125, 0.5375, 0.25, 0.7874999999999999, 0.9208333333333332, 0.4125, 0.7916666666666665, 0.2208333333333333, 0.7375, 0.9791666666666669, 0.1666666666666666, 0.575, 0.6333333333333333, 0.4666666666666666, 0.8624999999999999, 0.4125, 0.6291666666666667, 0.45, 0.6208333333333333, 0.85]","{'finalestimator__estimator_name': ['SVC'], 'transfercomponentanalysisadapter__kernel': ['rbf'], 'transfercomponentanalysisadapter__mu': [10, 100], 'transfercomponentanalysisadapter__n_components': [1, 2, 5, 10, 20, 50, 100]}"
Simulated,subspace,TSL,best_scorer,Subspace,0.2473333333333333,0.19150763329724255,"[0.1666666666666666, 0.1583333333333333, 0.2125, 0.8541666666666666, 0.1791666666666666, 0.2083333333333333, 0.1583333333333333, 0.2375, 0.2416666666666666, 0.2333333333333333, 0.1833333333333333, 0.1416666666666666, 0.1416666666666666, 0.15, 0.175, 0.2, 0.2166666666666666, 0.8958333333333334, 0.2083333333333333, 0.1875, 0.1875, 0.2041666666666666, 0.2125, 0.2541666666666666, 0.175]",0.2473333333333333,0.19150763329724255,"[0.1666666666666666, 0.1583333333333333, 0.2125, 0.8541666666666667, 0.1791666666666666, 0.2083333333333333, 0.1583333333333333, 0.2375, 0.2416666666666666, 0.2333333333333333, 0.1833333333333333, 0.1416666666666666, 0.1416666666666667, 0.15, 0.175, 0.2, 0.2166666666666666, 0.8958333333333334, 0.2083333333333333, 0.1875, 0.1875, 0.2041666666666667, 0.2125, 0.2541666666666666, 0.175]",0.22589229687604429,0.19698548795761997,"[0.1515837104072398, 0.1410955991779462, 0.1838056680161943, 0.8538596704883523, 0.165239499284945, 0.1807990801954584, 0.1389599317988065, 0.1984084977459801, 0.2127460168697282, 0.2013888888888889, 0.1575327745540511, 0.128042328042328, 0.126131221719457, 0.1382709096029287, 0.1560102301790281, 0.1721759126185685, 0.1919191919191919, 0.8957446438810793, 0.1833225875779067, 0.1677188739307499, 0.1654630075429305, 0.1777725960072465, 0.1838056680161943, 0.2217250312505661, 0.1537858821853408]",0.2473333333333333,0.19150763329724255,"[0.1666666666666666, 0.1583333333333333, 0.2125, 0.8541666666666667, 0.1791666666666667, 0.2083333333333333, 0.1583333333333333, 0.2375, 0.2416666666666667, 0.2333333333333333, 0.1833333333333333, 0.1416666666666667, 0.1416666666666666, 0.15, 0.175, 0.2, 0.2166666666666666, 0.8958333333333334, 0.2083333333333333, 0.1875, 0.1875, 0.2041666666666667, 0.2125, 0.2541666666666666, 0.175]","{'finalestimator__estimator_name': ['SVC'], 'transfersubspacelearningadapter__base_method': ['flda'], 'transfersubspacelearningadapter__length_scale': [2], 'transfersubspacelearningadapter__max_iter': [300], 'transfersubspacelearningadapter__mu': [0.1, 1, 10], 'transfersubspacelearningadapter__n_components': [1, 2, 5, 10, 20, 50, 100], 'transfersubspacelearningadapter__reg': [0.0001], 'transfersubspacelearningadapter__tol': [0.0001]}"
Simulated,target_shift,CORAL,best_scorer,Mapping,0.8384999999999999,0.03996580569687041,"[0.8, 0.85625, 0.85, 0.8375, 0.8375, 0.80625, 0.90625, 0.8, 0.79375, 0.80625, 0.8375, 0.8625, 0.81875, 0.81875, 0.7625, 0.825, 0.8, 0.85, 0.825, 0.83125, 0.9, 0.875, 0.91875, 0.9125, 0.83125]",0.8713888888888889,0.042896116828819955,"[0.8055555555555556, 0.8090277777777778, 0.8888888888888888, 0.7986111111111112, 0.8541666666666667, 0.8368055555555556, 0.9479166666666669, 0.8611111111111112, 0.8854166666666667, 0.8368055555555556, 0.9097222222222222, 0.8958333333333333, 0.8993055555555556, 0.8993055555555556, 0.8402777777777778, 0.875, 0.8611111111111112, 0.9166666666666669, 0.8194444444444444, 0.90625, 0.9166666666666669, 0.875, 0.8715277777777778, 0.9513888888888888, 0.8229166666666667]",0.8653631958017464,0.030390181012137182,"[0.8349039220847592, 0.8752396539630581, 0.8743525480367585, 0.8613333333333333, 0.8638819270398217, 0.8405610753945062, 0.9186345569324292, 0.8367591897974493, 0.8327601809954752, 0.8405610753945062, 0.8658594366938667, 0.8838117106773822, 0.8516868156212419, 0.8516868156212419, 0.8084033613445378, 0.8555409318241644, 0.8367591897974493, 0.8753246753246753, 0.853411306042885, 0.8611338398597311, 0.9126626467788004, 0.8921568627450981, 0.92502965599051, 0.9235798159314502, 0.8580453678185288]",0.8713888888888889,0.042896116828819976,"[0.8055555555555557, 0.8090277777777778, 0.8888888888888888, 0.798611111111111, 0.8541666666666666, 0.8368055555555556, 0.9479166666666669, 0.8611111111111112, 0.8854166666666667, 0.8368055555555556, 0.9097222222222222, 0.8958333333333333, 0.8993055555555556, 0.8993055555555556, 0.8402777777777777, 0.875, 0.8611111111111112, 0.9166666666666669, 0.8194444444444443, 0.90625, 0.9166666666666669, 0.875, 0.8715277777777778, 0.951388888888889, 0.8229166666666667]","{'coraladapter__reg': ['auto'], 'finalestimator__estimator_name': ['SVC']}"
Simulated,target_shift,DASVM,best_scorer,Other,0.8590000000000001,0.029705586595790392,"[0.8375, 0.85625, 0.875, 0.8625, 0.84375, 0.85625, 0.88125, 0.8375, 0.8625, 0.83125, 0.8625, 0.84375, 0.8625, 0.84375, 0.79375, 0.80625, 0.83125, 0.8625, 0.8625, 0.8625, 0.91875, 0.89375, 0.91875, 0.9, 0.86875]",0.8772222222222222,0.03723381608410806,"[0.8541666666666667, 0.8090277777777778, 0.9027777777777778, 0.8402777777777778, 0.8576388888888888, 0.8645833333333333, 0.9340277777777778, 0.8541666666666667, 0.8680555555555556, 0.8229166666666667, 0.9236111111111112, 0.8854166666666667, 0.9236111111111112, 0.9131944444444444, 0.8576388888888888, 0.8368055555555556, 0.8784722222222222, 0.9236111111111112, 0.8125, 0.8680555555555556, 0.9270833333333331, 0.8854166666666667, 0.8993055555555556, 0.9166666666666669, 0.8715277777777778]",0.8805909116769525,0.022784424433537318,"[0.8638819270398217, 0.8752396539630581, 0.8933333333333333, 0.8813725490196077, 0.868560525757897, 0.8779502879218601, 0.8991763248050149, 0.8638819270398217, 0.8826666666666666, 0.8580453678185288, 0.8848231690336952, 0.869639794168096, 0.8848231690336952, 0.8705890200787139, 0.8320548452844173, 0.8405610753945062, 0.8602361416850111, 0.8848231690336952, 0.8799111393208505, 0.8826666666666666, 0.9275291747124506, 0.9065858585858584, 0.9263571990558616, 0.9126626467788004, 0.8874011597258831]",0.8772222222222222,0.037233816084108064,"[0.8541666666666666, 0.8090277777777778, 0.9027777777777778, 0.8402777777777778, 0.8576388888888888, 0.8645833333333334, 0.9340277777777778, 0.8541666666666666, 0.8680555555555556, 0.8229166666666667, 0.9236111111111112, 0.8854166666666667, 0.9236111111111112, 0.9131944444444444, 0.8576388888888888, 0.8368055555555556, 0.8784722222222222, 0.9236111111111112, 0.8125, 0.8680555555555556, 0.9270833333333331, 0.8854166666666666, 0.8993055555555556, 0.9166666666666669, 0.8715277777777778]","{'dasvmclassifier__base_estimator__estimator_name': ['SVC'], 'dasvmclassifier__max_iter': [200]}"
Simulated,target_shift,JDOT,best_scorer,Other,0.574,0.036518402894978826,"[0.60625, 0.6625, 0.5875, 0.525, 0.6375, 0.54375, 0.58125, 0.58125, 0.49375, 0.575, 0.5875, 0.625, 0.5625, 0.59375, 0.51875, 0.56875, 0.5375, 0.5625, 0.56875, 0.55625, 0.58125, 0.55, 0.58125, 0.575, 0.5875]",0.7633333333333333,0.020288001608321587,"[0.78125, 0.8125, 0.7708333333333333, 0.7361111111111112, 0.7986111111111112, 0.7465277777777778, 0.7673611111111112, 0.7673611111111112, 0.71875, 0.7638888888888888, 0.7708333333333333, 0.7916666666666667, 0.7569444444444444, 0.7743055555555556, 0.7326388888888888, 0.7604166666666667, 0.7430555555555556, 0.7569444444444444, 0.7604166666666667, 0.7534722222222222, 0.7673611111111112, 0.75, 0.7673611111111112, 0.7638888888888888, 0.7708333333333333]",0.6522191354616913,0.033173897676018416,"[0.6816842105263158, 0.7295169946332737, 0.6650854936569223, 0.6069881201956674, 0.7085990338164251, 0.6248947951273534, 0.6594725535902006, 0.6594725535902006, 0.5761446710273181, 0.6538181818181819, 0.6650854936569223, 0.6979405034324941, 0.6423817233315344, 0.6706578521566271, 0.6009217792077917, 0.6481215244812153, 0.6189737259742549, 0.6423817233315344, 0.6481215244812153, 0.6365979150820993, 0.6594725535902006, 0.6307692307692307, 0.6594725535902006, 0.6538181818181819, 0.6650854936569223]",0.7633333333333333,0.020288001608321574,"[0.78125, 0.8125, 0.7708333333333334, 0.7361111111111112, 0.7986111111111112, 0.7465277777777778, 0.7673611111111112, 0.7673611111111112, 0.71875, 0.7638888888888888, 0.7708333333333334, 0.7916666666666666, 0.7569444444444444, 0.7743055555555556, 0.7326388888888888, 0.7604166666666666, 0.7430555555555556, 0.7569444444444444, 0.7604166666666666, 0.7534722222222222, 0.7673611111111112, 0.75, 0.7673611111111112, 0.7638888888888888, 0.7708333333333334]","{'jdotclassifier__alpha': [0.1, 0.3, 0.5, 0.7, 0.9], 'jdotclassifier__base_estimator__estimator_name': ['SVC'], 'jdotclassifier__n_iter_max': [100], 'jdotclassifier__thr_weights': [1e-07], 'jdotclassifier__tol': [1e-06]}"
Simulated,target_shift,KLIEP,best_scorer,Reweighting,0.873,0.04336587319924891,"[0.79375, 0.8875, 0.88125, 0.85625, 0.8625, 0.79375, 0.925, 0.875, 0.8375, 0.8375, 0.91875, 0.89375, 0.85625, 0.8625, 0.80625, 0.88125, 0.81875, 0.8625, 0.89375, 0.85625, 0.94375, 0.90625, 0.95, 0.9, 0.925]",0.8527777777777777,0.05976359193770315,"[0.8298611111111112, 0.8263888888888888, 0.90625, 0.8368055555555556, 0.8958333333333333, 0.8576388888888888, 0.9305555555555556, 0.8472222222222222, 0.8263888888888888, 0.8263888888888888, 0.8715277777777778, 0.8854166666666667, 0.6423611111111112, 0.8958333333333333, 0.8368055555555556, 0.8506944444444444, 0.84375, 0.9236111111111112, 0.8020833333333333, 0.8923611111111112, 0.8854166666666667, 0.8923611111111112, 0.8333333333333333, 0.9166666666666669, 0.7638888888888888]",0.8897881252785814,0.03292740110284871,"[0.8312298246724475, 0.898869475847893, 0.8981248587996082, 0.8766774606521576, 0.8838117106773822, 0.8320548452844173, 0.932579650565262, 0.8908283084735004, 0.8626865671641791, 0.8626865671641791, 0.92502965599051, 0.9065858585858584, 0.8616541353383459, 0.8838117106773822, 0.8405610753945062, 0.8955959595959596, 0.849883263291308, 0.8848231690336952, 0.901961857833744, 0.8790756836972651, 0.9458646616541356, 0.9163798169759044, 0.9485057471264368, 0.9126626467788004, 0.9227586206896552]",0.8527777777777779,0.05976359193770312,"[0.8298611111111112, 0.826388888888889, 0.90625, 0.8368055555555557, 0.8958333333333333, 0.8576388888888888, 0.9305555555555556, 0.8472222222222222, 0.826388888888889, 0.826388888888889, 0.8715277777777778, 0.8854166666666666, 0.6423611111111112, 0.8958333333333333, 0.8368055555555556, 0.8506944444444443, 0.84375, 0.9236111111111112, 0.8020833333333334, 0.8923611111111112, 0.8854166666666667, 0.8923611111111112, 0.8333333333333334, 0.9166666666666669, 0.763888888888889]","{'finalestimator__estimator_name': ['SVC'], 'kliepreweightadapter__cv': [5], 'kliepreweightadapter__gamma': [0.0001, 0.001, 0.01, 0.1, 1.0, 10.0, 100.0, 1000.0, 'auto', 'scale'], 'kliepreweightadapter__max_iter': [1000], 'kliepreweightadapter__n_centers': [100], 'kliepreweightadapter__random_state': [0], 'kliepreweightadapter__tol': [1e-06]}"
Simulated,target_shift,KMM,best_scorer,Reweighting,0.86925,0.03956633406908793,"[0.79375, 0.875, 0.85, 0.85, 0.875, 0.86875, 0.90625, 0.88125, 0.86875, 0.83125, 0.8875, 0.9375, 0.9, 0.8375, 0.8, 0.825, 0.84375, 0.91875, 0.8375, 0.825, 0.90625, 0.9, 0.9375, 0.90625, 0.86875]",0.8773611111111111,0.04343424785024915,"[0.8298611111111112, 0.8194444444444444, 0.8888888888888888, 0.8055555555555556, 0.9305555555555556, 0.8715277777777778, 0.9479166666666669, 0.8506944444444444, 0.8993055555555556, 0.8506944444444444, 0.9375, 0.8819444444444444, 0.9444444444444444, 0.9097222222222222, 0.8888888888888888, 0.8194444444444444, 0.8854166666666667, 0.9270833333333331, 0.8263888888888888, 0.8472222222222222, 0.9201388888888888, 0.8888888888888888, 0.8263888888888888, 0.8923611111111112, 0.84375]",0.888308584949911,0.030163692764565143,"[0.8312298246724475, 0.8893280632411067, 0.8743525480367585, 0.8705882352941176, 0.894374282433984, 0.8874011597258831, 0.9186345569324292, 0.8955959595959596, 0.8885633063634375, 0.8592109777015438, 0.904, 0.9405320813771516, 0.9137254901960784, 0.8658594366938667, 0.8375, 0.853411306042885, 0.869639794168096, 0.9275291747124506, 0.8626865671641791, 0.8545454545454545, 0.9175757575757576, 0.9114624505928852, 0.9375, 0.9163798169759044, 0.886088379705401]",0.8773611111111111,0.04343424785024916,"[0.8298611111111112, 0.8194444444444443, 0.8888888888888888, 0.8055555555555557, 0.9305555555555556, 0.8715277777777778, 0.9479166666666669, 0.8506944444444443, 0.8993055555555556, 0.8506944444444444, 0.9375, 0.8819444444444443, 0.9444444444444444, 0.9097222222222222, 0.8888888888888888, 0.8194444444444443, 0.8854166666666667, 0.9270833333333331, 0.826388888888889, 0.8472222222222222, 0.9201388888888888, 0.8888888888888888, 0.8263888888888888, 0.8923611111111112, 0.84375]","{'finalestimator__estimator_name': ['SVC'], 'kmmreweightadapter__B': [1000.0], 'kmmreweightadapter__gamma': [0.0001, 0.001, 0.01, 0.1, 1.0, 10.0, 100.0, 1000.0, None], 'kmmreweightadapter__max_iter': [1000], 'kmmreweightadapter__smooth_weights': [False], 'kmmreweightadapter__tol': [1e-06]}"
Simulated,target_shift,MMD-LS,best_scorer,Mapping,0.79425,0.05439415371465326,"[0.76875, 0.7875, 0.8375, 0.6875, 0.8125, 0.78125, 0.8125, 0.70625, 0.69375, 0.78125, 0.775, 0.7875, 0.7875, 0.78125, 0.73125, 0.85, 0.76875, 0.75625, 0.84375, 0.8, 0.88125, 0.85, 0.85, 0.825, 0.9]",0.8623611111111111,0.03089237236386177,"[0.8159722222222222, 0.8541666666666667, 0.8819444444444444, 0.7986111111111112, 0.8402777777777778, 0.8784722222222222, 0.8958333333333333, 0.8368055555555556, 0.8298611111111112, 0.8506944444444444, 0.875, 0.8541666666666667, 0.8819444444444444, 0.8784722222222222, 0.8229166666666667, 0.8888888888888888, 0.8715277777777778, 0.8645833333333333, 0.8020833333333333, 0.8888888888888888, 0.90625, 0.8888888888888888, 0.8888888888888888, 0.9027777777777778, 0.8611111111111112]",0.8321315077907023,0.04108027872208685,"[0.8124886877828054, 0.82734375, 0.864935064935065, 0.75, 0.8452224269544617, 0.8232552651760958, 0.8469617404351087, 0.764987656914754, 0.7549873443876234, 0.8226244343891403, 0.8184873949579832, 0.82734375, 0.8280124075399666, 0.8232552651760958, 0.7844157284676391, 0.8743525480367585, 0.8137074888850396, 0.8041065671135245, 0.8659537615784322, 0.8375, 0.8981248587996082, 0.8743525480367585, 0.8743525480367585, 0.8564102564102564, 0.9101062007536826]",0.8623611111111111,0.030892372363861775,"[0.8159722222222222, 0.8541666666666667, 0.8819444444444444, 0.7986111111111112, 0.8402777777777778, 0.8784722222222222, 0.8958333333333333, 0.8368055555555556, 0.8298611111111112, 0.8506944444444444, 0.875, 0.8541666666666667, 0.8819444444444444, 0.8784722222222222, 0.8229166666666666, 0.8888888888888888, 0.8715277777777778, 0.8645833333333334, 0.8020833333333333, 0.8888888888888888, 0.90625, 0.8888888888888888, 0.8888888888888888, 0.9027777777777778, 0.861111111111111]","{'finalestimator__estimator_name': ['SVC'], 'mmdlsconsmappingadapter__gamma': [0.1, 1, 10], 'mmdlsconsmappingadapter__max_iter': [100], 'mmdlsconsmappingadapter__reg_k': [1e-10, 1e-08], 'mmdlsconsmappingadapter__reg_m': [1e-10, 1e-08], 'mmdlsconsmappingadapter__tol': [1e-05]}"
Simulated,concept_drift,CORAL,best_scorer,Mapping,0.6635,0.0295187087567642,"[0.63125, 0.64375, 0.7, 0.65, 0.6625, 0.69375, 0.69375, 0.71875, 0.63125, 0.7, 0.60625, 0.7, 0.65, 0.66875, 0.68125, 0.6625, 0.625, 0.65625, 0.65, 0.69375, 0.6625, 0.6125, 0.65, 0.66875, 0.675]",0.6635,0.029518708756764208,"[0.63125, 0.64375, 0.7, 0.65, 0.6625000000000001, 0.69375, 0.69375, 0.71875, 0.63125, 0.7, 0.60625, 0.7, 0.65, 0.66875, 0.68125, 0.6625, 0.625, 0.65625, 0.65, 0.69375, 0.6625, 0.6125, 0.65, 0.66875, 0.675]",0.6258118382491888,0.039308370751956756,"[0.5818383167220377, 0.5960132890365448, 0.6754563894523326, 0.6011396011396011, 0.6226415094339622, 0.6620543988965041, 0.6699086354258769, 0.6968548692686625, 0.5818383167220377, 0.6729688298415943, 0.5534883720930233, 0.6799999999999999, 0.6050079351084465, 0.6312883168833427, 0.6511478773887391, 0.6291208791208792, 0.5767942161876213, 0.6173746684638463, 0.6121212121212121, 0.6674443266171792, 0.625974025974026, 0.5584045584045583, 0.6086652690426275, 0.6279233030582247, 0.6398268398268397]",0.6635,0.02951870875676423,"[0.63125, 0.64375, 0.7000000000000001, 0.65, 0.6625, 0.69375, 0.69375, 0.71875, 0.63125, 0.7000000000000001, 0.60625, 0.7, 0.65, 0.6687500000000001, 0.68125, 0.6625000000000001, 0.625, 0.65625, 0.65, 0.69375, 0.6625000000000001, 0.6124999999999999, 0.6499999999999999, 0.66875, 0.6750000000000002]","{'coraladapter__reg': ['auto'], 'finalestimator__estimator_name': ['SVC']}"
Simulated,target_shift,OTLabelProp,best_scorer,Other,0.7552500000000001,0.049924422046395966,"[0.725, 0.85625, 0.80625, 0.7625, 0.78125, 0.70625, 0.78125, 0.7625, 0.70625, 0.775, 0.76875, 0.83125, 0.75625, 0.7625, 0.60625, 0.75625, 0.6875, 0.7125, 0.7375, 0.71875, 0.775, 0.775, 0.775, 0.8, 0.75625]",0.8251388888888889,0.040701593671086854,"[0.7916666666666667, 0.8923611111111112, 0.8645833333333333, 0.8125, 0.8784722222222222, 0.7256944444444444, 0.8229166666666667, 0.7847222222222222, 0.8368055555555556, 0.8194444444444444, 0.8715277777777778, 0.8784722222222222, 0.8645833333333333, 0.8680555555555556, 0.78125, 0.8090277777777778, 0.7986111111111112, 0.8402777777777778, 0.7708333333333333, 0.8159722222222222, 0.8194444444444444, 0.8194444444444444, 0.8194444444444444, 0.8611111111111112, 0.78125]",0.8020417997131155,0.03904972542044631,"[0.7792114695340502, 0.8790756836972651, 0.8414583201468447, 0.8077785731329039, 0.8232552651760958, 0.7639232988291192, 0.8218763510592305, 0.80703125, 0.764987656914754, 0.8171875, 0.8137074888850396, 0.8602361416850111, 0.8041065671135245, 0.8089142857142857, 0.6816842105263158, 0.8030558669105068, 0.75, 0.7699512608603518, 0.7882352941176471, 0.7746938775510205, 0.8171875, 0.8171875, 0.8171875, 0.8367591897974493, 0.8023529411764706]",0.8251388888888889,0.04070159367108685,"[0.7916666666666665, 0.8923611111111112, 0.8645833333333333, 0.8125, 0.8784722222222222, 0.7256944444444443, 0.8229166666666666, 0.7847222222222222, 0.8368055555555556, 0.8194444444444444, 0.8715277777777778, 0.8784722222222222, 0.8645833333333334, 0.8680555555555556, 0.78125, 0.8090277777777778, 0.7986111111111112, 0.8402777777777778, 0.7708333333333334, 0.8159722222222223, 0.8194444444444444, 0.8194444444444444, 0.8194444444444444, 0.8611111111111112, 0.78125]","{'finalestimator__estimator_name': ['SVC'], 'otlabelpropadapter__metric': ['sqeuclidean', 'cosine', 'cityblock'], 'otlabelpropadapter__reg': [None, 0.1, 1.0]}"
Simulated,target_shift,JPCA,best_scorer,Subspace,0.8504999999999999,0.04062179474534988,"[0.79375, 0.85625, 0.88125, 0.85625, 0.8375, 0.85, 0.90625, 0.825, 0.84375, 0.8375, 0.85, 0.85625, 0.8375, 0.81875, 0.75, 0.84375, 0.7875, 0.84375, 0.8625, 0.83125, 0.9125, 0.90625, 0.93125, 0.89375, 0.85]",0.8813888888888889,0.036865015736983836,"[0.8298611111111112, 0.8090277777777778, 0.90625, 0.8368055555555556, 0.8819444444444444, 0.8888888888888888, 0.9479166666666669, 0.875, 0.9131944444444444, 0.8819444444444444, 0.9166666666666669, 0.8923611111111112, 0.9097222222222222, 0.8993055555555556, 0.8333333333333333, 0.8576388888888888, 0.8541666666666667, 0.9131944444444444, 0.8402777777777778, 0.8784722222222222, 0.9236111111111112, 0.8923611111111112, 0.8784722222222222, 0.9409722222222222, 0.8333333333333333]",0.8745684273119078,0.030786062208421606,"[0.8312298246724475, 0.8752396539630581, 0.8981248587996082, 0.8766774606521576, 0.864935064935065, 0.8743525480367585, 0.9186345569324292, 0.8555409318241644, 0.8705890200787139, 0.864935064935065, 0.8753246753246753, 0.8790756836972651, 0.8658594366938667, 0.8516868156212419, 0.7988571428571428, 0.868560525757897, 0.82734375, 0.8705890200787139, 0.8813725490196077, 0.8602361416850111, 0.9225296442687746, 0.9163798169759044, 0.9352879381147932, 0.908848557873334, 0.8719999999999999]",0.8813888888888889,0.03686501573698383,"[0.8298611111111112, 0.8090277777777778, 0.90625, 0.8368055555555557, 0.8819444444444444, 0.8888888888888888, 0.9479166666666669, 0.875, 0.9131944444444444, 0.8819444444444444, 0.9166666666666669, 0.8923611111111112, 0.9097222222222222, 0.8993055555555556, 0.8333333333333334, 0.8576388888888888, 0.8541666666666667, 0.9131944444444444, 0.8402777777777778, 0.8784722222222222, 0.9236111111111112, 0.8923611111111112, 0.8784722222222222, 0.9409722222222222, 0.8333333333333333]","{'finalestimator__estimator_name': ['SVC'], 'pca__n_components': [1, 2, 5, 10, 20, 50, 100]}"
Simulated,target_shift,MMDTarS,best_scorer,Reweighting,0.927,0.01810703132303396,"[0.91875, 0.91875, 0.93125, 0.94375, 0.95, 0.93125, 0.9375, 0.91875, 0.94375, 0.9125, 0.9375, 0.95, 0.9375, 0.95, 0.95625, 0.9375, 0.925, 0.925, 0.9375, 0.9125, 0.9, 0.9, 0.9, 0.9, 0.9]",0.6883333333333332,0.11136075831637628,"[0.7881944444444444, 0.6493055555555556, 0.7118055555555556, 0.7465277777777778, 0.8333333333333333, 0.6840277777777778, 0.6875, 0.6493055555555556, 0.7743055555555556, 0.6736111111111112, 0.7430555555555556, 0.7777777777777778, 0.7430555555555556, 0.7777777777777778, 0.8645833333333333, 0.7430555555555556, 0.7361111111111112, 0.7916666666666667, 0.7152777777777778, 0.6180555555555556, 0.5, 0.5, 0.5, 0.5, 0.5]",0.9115681896313768,0.03340770772514693,"[0.9198395100834124, 0.9040843214756258, 0.922440677966102, 0.936542372881356, 0.9485057471264368, 0.9188405797101448, 0.9243441122635752, 0.9040843214756258, 0.9390216154721271, 0.9032967032967032, 0.9309262166405023, 0.9447409733124016, 0.9309262166405023, 0.9447409733124016, 0.955620046880232, 0.9309262166405023, 0.920156555772994, 0.925, 0.927927927927928, 0.8940817571690054, 0.8526315789473683, 0.8526315789473683, 0.8526315789473683, 0.8526315789473683, 0.8526315789473683]",0.6883333333333332,0.11136075831637629,"[0.7881944444444444, 0.6493055555555556, 0.7118055555555556, 0.7465277777777779, 0.8333333333333334, 0.6840277777777778, 0.6875, 0.6493055555555556, 0.7743055555555556, 0.6736111111111112, 0.7430555555555556, 0.7777777777777778, 0.7430555555555556, 0.7777777777777778, 0.8645833333333333, 0.7430555555555556, 0.736111111111111, 0.7916666666666667, 0.7152777777777778, 0.6180555555555556, 0.5, 0.5, 0.5, 0.5, 0.5]","{'finalestimator__estimator_name': ['SVC'], 'mmdtarsreweightadapter__gamma': [0.0001, 0.001, 0.01, 0.1, 1.0, 10.0, 100.0, 1000.0, None], 'mmdtarsreweightadapter__max_iter': [1000], 'mmdtarsreweightadapter__reg': [1e-06], 'mmdtarsreweightadapter__tol': [1e-06]}"
Simulated,target_shift,ClassRegOT,best_scorer,Mapping,0.58075,0.04117891602507283,"[0.5875, 0.69375, 0.575, 0.5375, 0.65, 0.54375, 0.575, 0.5875, 0.51875, 0.6125, 0.6125, 0.64375, 0.58125, 0.6, 0.50625, 0.58125, 0.55625, 0.56875, 0.5625, 0.5625, 0.58125, 0.53125, 0.575, 0.5875, 0.5875]",0.7670833333333333,0.022877175569484924,"[0.7708333333333333, 0.8298611111111112, 0.7638888888888888, 0.7430555555555556, 0.8055555555555556, 0.7465277777777778, 0.7638888888888888, 0.7708333333333333, 0.7326388888888888, 0.7847222222222222, 0.7847222222222222, 0.8020833333333333, 0.7673611111111112, 0.7777777777777778, 0.7256944444444444, 0.7673611111111112, 0.7534722222222222, 0.7604166666666667, 0.7569444444444444, 0.7569444444444444, 0.7673611111111112, 0.7395833333333334, 0.7638888888888888, 0.7708333333333333, 0.7708333333333333]",0.6581834780257888,0.036690688330359225,"[0.6650854936569223, 0.7549873443876234, 0.6538181818181819, 0.6189737259742549, 0.7191222570532915, 0.6248947951273534, 0.6538181818181819, 0.6650854936569223, 0.6009217792077917, 0.6871398983242327, 0.6871398983242327, 0.7138771341018532, 0.6594725535902006, 0.6761904761904762, 0.5886374412690202, 0.6594725535902006, 0.6365979150820993, 0.6481215244812153, 0.6423817233315344, 0.6423817233315344, 0.6594725535902006, 0.6130051336053706, 0.6538181818181819, 0.6650854936569223, 0.6650854936569223]",0.7670833333333333,0.02287717556948494,"[0.7708333333333334, 0.8298611111111112, 0.7638888888888888, 0.7430555555555556, 0.8055555555555556, 0.7465277777777778, 0.7638888888888888, 0.7708333333333334, 0.7326388888888888, 0.7847222222222222, 0.7847222222222222, 0.8020833333333334, 0.7673611111111112, 0.7777777777777778, 0.7256944444444444, 0.7673611111111112, 0.7534722222222222, 0.7604166666666666, 0.7569444444444444, 0.7569444444444444, 0.7673611111111112, 0.7395833333333333, 0.7638888888888888, 0.7708333333333334, 0.7708333333333334]","[{'classregularizerotmappingadapter__max_inner_iter': [1000], 'classregularizerotmappingadapter__max_iter': [10], 'classregularizerotmappingadapter__metric': ['sqeuclidean', 'cosine', 'cityblock'], 'classregularizerotmappingadapter__norm': ['lpl1'], 'classregularizerotmappingadapter__reg_cl': [0.1], 'classregularizerotmappingadapter__reg_e': [0.1], 'classregularizerotmappingadapter__tol': [1e-06], 'finalestimator__estimator_name': ['SVC']}, {'classregularizerotmappingadapter__max_inner_iter': [1000], 'classregularizerotmappingadapter__max_iter': [10], 'classregularizerotmappingadapter__metric': ['sqeuclidean', 'cosine', 'cityblock'], 'classregularizerotmappingadapter__norm': ['lpl1'], 'classregularizerotmappingadapter__reg_cl': [0.5], 'classregularizerotmappingadapter__reg_e': [0.5], 'classregularizerotmappingadapter__tol': [1e-06], 'finalestimator__estimator_name': ['SVC']}, {'classregularizerotmappingadapter__max_inner_iter': [1000], 'classregularizerotmappingadapter__max_iter': [10], 'classregularizerotmappingadapter__metric': ['sqeuclidean', 'cosine', 'cityblock'], 'classregularizerotmappingadapter__norm': ['lpl1'], 'classregularizerotmappingadapter__reg_cl': [1.0], 'classregularizerotmappingadapter__reg_e': [1.0], 'classregularizerotmappingadapter__tol': [1e-06], 'finalestimator__estimator_name': ['SVC']}]"
Simulated,target_shift,Dens. RW,best_scorer,Reweighting,0.8625,0.038358234665670767,"[0.79375, 0.85625, 0.88125, 0.85625, 0.8375, 0.85625, 0.90625, 0.85, 0.8625, 0.84375, 0.8875, 0.85625, 0.86875, 0.89375, 0.7875, 0.84375, 0.7875, 0.88125, 0.8625, 0.83125, 0.9125, 0.91875, 0.93125, 0.90625, 0.85]",0.8813888888888889,0.040834671809758666,"[0.8298611111111112, 0.8090277777777778, 0.90625, 0.8368055555555556, 0.8819444444444444, 0.8645833333333333, 0.9479166666666669, 0.8333333333333333, 0.8958333333333333, 0.8576388888888888, 0.9375, 0.8923611111111112, 0.9270833333333331, 0.9131944444444444, 0.8541666666666667, 0.8576388888888888, 0.8541666666666667, 0.9340277777777778, 0.8402777777777778, 0.8784722222222222, 0.9236111111111112, 0.8993055555555556, 0.8784722222222222, 0.9479166666666669, 0.8333333333333333]",0.8834583472190112,0.02945575410194758,"[0.8312298246724475, 0.8752396539630581, 0.8981248587996082, 0.8766774606521576, 0.864935064935065, 0.8779502879218601, 0.9186345569324292, 0.8719999999999999, 0.8838117106773822, 0.868560525757897, 0.904, 0.8790756836972651, 0.8895908416366336, 0.9077858311900864, 0.82734375, 0.868560525757897, 0.82734375, 0.8991763248050149, 0.8813725490196077, 0.8602361416850111, 0.9225296442687746, 0.9263571990558616, 0.9352879381147932, 0.9186345569324292, 0.8719999999999999]",0.8813888888888889,0.040834671809758666,"[0.8298611111111112, 0.8090277777777778, 0.90625, 0.8368055555555557, 0.8819444444444444, 0.8645833333333334, 0.9479166666666669, 0.8333333333333333, 0.8958333333333333, 0.8576388888888888, 0.9375, 0.8923611111111112, 0.9270833333333331, 0.9131944444444444, 0.8541666666666667, 0.8576388888888888, 0.8541666666666667, 0.9340277777777778, 0.8402777777777778, 0.8784722222222222, 0.9236111111111112, 0.8993055555555556, 0.8784722222222222, 0.9479166666666669, 0.8333333333333333]","{'densityreweightadapter__weight_estimator__bandwidth': [0.01, 0.1, 1.0, 10.0, 100.0, 'scott', 'silverman'], 'finalestimator__estimator_name': ['SVC']}"
Simulated,target_shift,Disc. RW,best_scorer,Reweighting,0.8325,0.04307515235028195,"[0.775, 0.84375, 0.8375, 0.825, 0.8375, 0.83125, 0.9, 0.81875, 0.80625, 0.83125, 0.8375, 0.85, 0.825, 0.81875, 0.74375, 0.8, 0.775, 0.8, 0.81875, 0.7875, 0.9, 0.8875, 0.925, 0.8875, 0.85]",0.8813888888888889,0.033689503393325486,"[0.8194444444444444, 0.8576388888888888, 0.8819444444444444, 0.8194444444444444, 0.9097222222222222, 0.8784722222222222, 0.9444444444444444, 0.8715277777777778, 0.8923611111111112, 0.8784722222222222, 0.9097222222222222, 0.8888888888888888, 0.9027777777777778, 0.8993055555555556, 0.8298611111111112, 0.8611111111111112, 0.875, 0.8888888888888888, 0.8159722222222222, 0.8819444444444444, 0.9166666666666669, 0.8819444444444444, 0.9027777777777778, 0.9375, 0.8888888888888888]",0.8613333043335102,0.032659176877678345,"[0.8171875, 0.868560525757897, 0.864935064935065, 0.853411306042885, 0.8658594366938667, 0.8602361416850111, 0.9137254901960784, 0.8508474576271187, 0.8422333395096041, 0.8602361416850111, 0.8658594366938667, 0.8743525480367585, 0.8564102564102564, 0.8516868156212419, 0.7940607500424232, 0.8367591897974493, 0.8184873949579832, 0.8375, 0.8487821612349915, 0.8280124075399666, 0.9126626467788004, 0.9017454776261504, 0.9314285714285712, 0.904, 0.8743525480367585]",0.8813888888888889,0.03368950339332549,"[0.8194444444444444, 0.8576388888888888, 0.8819444444444444, 0.8194444444444443, 0.9097222222222222, 0.8784722222222222, 0.9444444444444444, 0.8715277777777778, 0.8923611111111112, 0.8784722222222222, 0.9097222222222222, 0.8888888888888888, 0.9027777777777778, 0.8993055555555556, 0.8298611111111112, 0.8611111111111112, 0.875, 0.8888888888888888, 0.8159722222222222, 0.8819444444444444, 0.9166666666666669, 0.8819444444444444, 0.9027777777777778, 0.9375, 0.8888888888888888]","{'discriminatorreweightadapter__domain_classifier__estimator_name': ['LR', 'SVC', 'KNN', 'XGB'], 'finalestimator__estimator_name': ['SVC']}"
Simulated,target_shift,EntOT,best_scorer,Mapping,0.612,0.03639518340385164,"[0.64375, 0.70625, 0.6375, 0.58125, 0.6625, 0.58125, 0.61875, 0.60625, 0.51875, 0.625, 0.63125, 0.65625, 0.60625, 0.61875, 0.55625, 0.61875, 0.5875, 0.6125, 0.60625, 0.58125, 0.6, 0.625, 0.59375, 0.60625, 0.61875]",0.7833333333333333,0.0195649785930289,"[0.8020833333333333, 0.8368055555555556, 0.7986111111111112, 0.7673611111111112, 0.8125, 0.7673611111111112, 0.7881944444444444, 0.78125, 0.7326388888888888, 0.7916666666666667, 0.7951388888888888, 0.78125, 0.78125, 0.7881944444444444, 0.7534722222222222, 0.7881944444444444, 0.7708333333333333, 0.7847222222222222, 0.78125, 0.7673611111111112, 0.7777777777777778, 0.7916666666666667, 0.7743055555555556, 0.78125, 0.7881944444444444]",0.6861114478820841,0.0318233736156789,"[0.7138771341018532, 0.764987656914754, 0.7085990338164251, 0.6594725535902006, 0.7295169946332737, 0.6594725535902006, 0.6925583818862204, 0.6816842105263158, 0.6009217792077917, 0.6979405034324941, 0.7032871059071931, 0.7246558197747184, 0.6816842105263158, 0.6925583818862204, 0.6365979150820993, 0.6925583818862204, 0.6650854936569223, 0.6871398983242327, 0.6816842105263158, 0.6594725535902006, 0.6761904761904762, 0.6979405034324941, 0.6706578521566271, 0.6816842105263158, 0.6925583818862204]",0.7833333333333333,0.019564978593028894,"[0.8020833333333334, 0.8368055555555556, 0.7986111111111112, 0.7673611111111112, 0.8125, 0.7673611111111112, 0.7881944444444444, 0.78125, 0.7326388888888888, 0.7916666666666666, 0.7951388888888888, 0.78125, 0.78125, 0.7881944444444444, 0.7534722222222222, 0.7881944444444444, 0.7708333333333334, 0.7847222222222222, 0.78125, 0.7673611111111112, 0.7777777777777778, 0.7916666666666666, 0.7743055555555556, 0.78125, 0.7881944444444444]","{'entropicotmappingadapter__max_iter': [1000], 'entropicotmappingadapter__metric': ['sqeuclidean', 'cosine', 'cityblock'], 'entropicotmappingadapter__norm': ['median'], 'entropicotmappingadapter__reg_e': [0.1, 0.5, 1.0], 'entropicotmappingadapter__tol': [1e-06], 'finalestimator__estimator_name': ['SVC']}"
Simulated,target_shift,Gauss. RW,best_scorer,Reweighting,0.8634999999999999,0.036294871653352496,"[0.8, 0.8625, 0.8875, 0.86875, 0.84375, 0.8625, 0.90625, 0.83125, 0.8625, 0.85, 0.875, 0.875, 0.84375, 0.85, 0.76875, 0.85, 0.825, 0.8625, 0.875, 0.85625, 0.9125, 0.91875, 0.93125, 0.90625, 0.8625]",0.8830555555555556,0.03881700118197334,"[0.8333333333333333, 0.8125, 0.9097222222222222, 0.84375, 0.8854166666666667, 0.8680555555555556, 0.9479166666666669, 0.8229166666666667, 0.8958333333333333, 0.8611111111111112, 0.9305555555555556, 0.9027777777777778, 0.9131944444444444, 0.9166666666666669, 0.84375, 0.8611111111111112, 0.875, 0.9236111111111112, 0.8472222222222222, 0.8923611111111112, 0.9236111111111112, 0.8993055555555556, 0.8784722222222222, 0.9479166666666669, 0.8402777777777778]",0.8842144545253215,0.027741945537255425,"[0.8358974358974359, 0.8799111393208505, 0.9029411764705882, 0.886088379705401, 0.869639794168096, 0.8826666666666666, 0.9186345569324292, 0.8580453678185288, 0.8838117106773822, 0.8732491389207807, 0.894374282433984, 0.8933333333333333, 0.8705890200787139, 0.8753246753246753, 0.8131555660433014, 0.8732491389207807, 0.8555409318241644, 0.8848231690336952, 0.8908283084735004, 0.8790756836972651, 0.9225296442687746, 0.9263571990558616, 0.9352879381147932, 0.9186345569324292, 0.8813725490196077]",0.8830555555555556,0.03881700118197334,"[0.8333333333333334, 0.8125, 0.9097222222222222, 0.84375, 0.8854166666666667, 0.8680555555555556, 0.9479166666666669, 0.8229166666666667, 0.8958333333333333, 0.8611111111111112, 0.9305555555555556, 0.9027777777777778, 0.9131944444444444, 0.9166666666666669, 0.84375, 0.8611111111111112, 0.875, 0.9236111111111112, 0.8472222222222222, 0.8923611111111112, 0.9236111111111112, 0.8993055555555556, 0.8784722222222222, 0.9479166666666669, 0.8402777777777778]","{'finalestimator__estimator_name': ['SVC'], 'gaussianreweightadapter__reg': ['auto', 1e-05, 0.01, 0.5]}"
Simulated,target_shift,LinOT,best_scorer,Mapping,0.81025,0.042576524243609463,"[0.76875, 0.84375, 0.83125, 0.80625, 0.8, 0.80625, 0.8625, 0.8, 0.78125, 0.8, 0.8125, 0.825, 0.79375, 0.7875, 0.7125, 0.7875, 0.74375, 0.78125, 0.80625, 0.76875, 0.8875, 0.85625, 0.8875, 0.86875, 0.8375]",0.8723611111111111,0.030456753138317205,"[0.8159722222222222, 0.8576388888888888, 0.8784722222222222, 0.8090277777777778, 0.8888888888888888, 0.8923611111111112, 0.9236111111111112, 0.8888888888888888, 0.8784722222222222, 0.8611111111111112, 0.8958333333333333, 0.875, 0.8854166666666667, 0.8819444444444444, 0.8402777777777778, 0.8541666666666667, 0.8576388888888888, 0.8784722222222222, 0.8090277777777778, 0.8715277777777778, 0.9097222222222222, 0.8645833333333333, 0.8819444444444444, 0.9270833333333331, 0.8819444444444444]",0.8444622346692807,0.032079194914784843,"[0.8124886877828054, 0.868560525757897, 0.8602361416850111, 0.8395303848976052, 0.8375, 0.8422333395096041, 0.8848231690336952, 0.8375, 0.8232552651760958, 0.8367591897974493, 0.8469617404351087, 0.8555409318241644, 0.8327601809954752, 0.8280124075399666, 0.7699512608603518, 0.82734375, 0.7944429038877489, 0.8232552651760958, 0.8395303848976052, 0.8137074888850396, 0.9029411764705882, 0.8779502879218601, 0.9017454776261504, 0.8895908416366336, 0.864935064935065]",0.8723611111111111,0.030456753138317205,"[0.8159722222222222, 0.8576388888888888, 0.8784722222222222, 0.8090277777777778, 0.8888888888888888, 0.8923611111111112, 0.9236111111111112, 0.8888888888888888, 0.8784722222222222, 0.8611111111111112, 0.8958333333333333, 0.875, 0.8854166666666667, 0.8819444444444444, 0.8402777777777778, 0.8541666666666667, 0.8576388888888888, 0.8784722222222222, 0.8090277777777778, 0.8715277777777778, 0.9097222222222222, 0.8645833333333334, 0.8819444444444444, 0.9270833333333331, 0.8819444444444444]","{'finalestimator__estimator_name': ['SVC'], 'linearotmappingadapter__bias': [True, False], 'linearotmappingadapter__reg': [1e-08, 1e-06, 0.1, 1, 10]}"
Simulated,target_shift,NN RW,best_scorer,Reweighting,0.85775,0.038285182621130766,"[0.8, 0.875, 0.8625, 0.8625, 0.8125, 0.85625, 0.90625, 0.85, 0.85, 0.85, 0.875, 0.84375, 0.875, 0.8625, 0.75625, 0.8375, 0.8125, 0.85, 0.86875, 0.83125, 0.9125, 0.9, 0.9375, 0.89375, 0.8625]",0.8865277777777777,0.03608049360849884,"[0.8333333333333333, 0.8472222222222222, 0.8958333333333333, 0.8402777777777778, 0.8958333333333333, 0.8645833333333333, 0.9479166666666669, 0.8888888888888888, 0.8888888888888888, 0.8888888888888888, 0.9305555555555556, 0.8854166666666667, 0.9305555555555556, 0.9236111111111112, 0.8368055555555556, 0.8541666666666667, 0.8680555555555556, 0.9166666666666669, 0.8159722222222222, 0.8784722222222222, 0.9236111111111112, 0.8888888888888888, 0.9097222222222222, 0.9409722222222222, 0.8680555555555556]",0.8801137068830838,0.029176160323724377,"[0.8358974358974359, 0.8908283084735004, 0.8838117106773822, 0.8813725490196077, 0.8469617404351087, 0.8779502879218601, 0.9186345569324292, 0.8743525480367585, 0.8743525480367585, 0.8743525480367585, 0.894374282433984, 0.869639794168096, 0.894374282433984, 0.8848231690336952, 0.8036376234193661, 0.8638819270398217, 0.8461538461538461, 0.8753246753246753, 0.8846060606060606, 0.8602361416850111, 0.9225296442687746, 0.9114624505928852, 0.9417693169092944, 0.908848557873334, 0.8826666666666666]",0.8865277777777778,0.03608049360849881,"[0.8333333333333334, 0.8472222222222222, 0.8958333333333333, 0.8402777777777778, 0.8958333333333333, 0.8645833333333334, 0.9479166666666669, 0.8888888888888888, 0.8888888888888888, 0.8888888888888888, 0.9305555555555556, 0.8854166666666667, 0.9305555555555556, 0.9236111111111112, 0.8368055555555556, 0.8541666666666666, 0.8680555555555556, 0.9166666666666669, 0.8159722222222222, 0.8784722222222222, 0.9236111111111112, 0.8888888888888888, 0.9097222222222222, 0.9409722222222222, 0.8680555555555556]","{'finalestimator__estimator_name': ['SVC'], 'nearestneighborreweightadapter__laplace_smoothing': [True, False], 'nearestneighborreweightadapter__n_neighbors': [1]}"
Simulated,target_shift,MapOT,best_scorer,Mapping,0.603,0.05829946933720754,"[0.63125, 0.71875, 0.65625, 0.575, 0.6375, 0.5625, 0.675, 0.59375, 0.54375, 0.65, 0.68125, 0.725, 0.6125, 0.61875, 0.5125, 0.58125, 0.5375, 0.55625, 0.525, 0.55, 0.575, 0.55, 0.625, 0.6, 0.58125]",0.7783333333333333,0.03038078701499032,"[0.7951388888888888, 0.84375, 0.8090277777777778, 0.7638888888888888, 0.7986111111111112, 0.7569444444444444, 0.8194444444444444, 0.7743055555555556, 0.7465277777777778, 0.8055555555555556, 0.8229166666666667, 0.8194444444444444, 0.7847222222222222, 0.7881944444444444, 0.7291666666666666, 0.7673611111111112, 0.7430555555555556, 0.7534722222222222, 0.7361111111111112, 0.75, 0.7638888888888888, 0.75, 0.7916666666666667, 0.7777777777777778, 0.7673611111111112]",0.677268894508783,0.050709212059074645,"[0.7032871059071931, 0.7748917748917749, 0.7243352572640719, 0.6538181818181819, 0.7085990338164251, 0.6423817233315344, 0.7397901533494753, 0.6706578521566271, 0.6248947951273534, 0.7191222570532915, 0.7448833307915205, 0.779564930784443, 0.6871398983242327, 0.6925583818862204, 0.5948051948051948, 0.6594725535902006, 0.6189737259742549, 0.6365979150820993, 0.6069881201956674, 0.6307692307692307, 0.6538181818181819, 0.6307692307692307, 0.6979405034324941, 0.6761904761904762, 0.6594725535902006]",0.7783333333333333,0.030380787014990304,"[0.7951388888888888, 0.84375, 0.8090277777777778, 0.7638888888888888, 0.7986111111111112, 0.7569444444444444, 0.8194444444444444, 0.7743055555555556, 0.7465277777777778, 0.8055555555555556, 0.8229166666666666, 0.8194444444444444, 0.7847222222222222, 0.7881944444444444, 0.7291666666666667, 0.7673611111111112, 0.7430555555555556, 0.7534722222222222, 0.7361111111111112, 0.75, 0.7638888888888888, 0.75, 0.7916666666666666, 0.7777777777777778, 0.7673611111111112]","{'finalestimator__estimator_name': ['SVC'], 'otmappingadapter__max_iter': [1000000], 'otmappingadapter__metric': ['sqeuclidean', 'cosine', 'cityblock'], 'otmappingadapter__norm': ['median']}"
Simulated,target_shift,SA,best_scorer,Subspace,0.8122499999999999,0.037172178216151555,"[0.75, 0.8, 0.8, 0.79375, 0.80625, 0.7375, 0.8, 0.8, 0.7625, 0.85, 0.79375, 0.875, 0.85625, 0.85, 0.8625, 0.84375, 0.775, 0.76875, 0.8125, 0.80625, 0.85, 0.79375, 0.825, 0.85, 0.84375]",0.6756944444444444,0.06103609663627414,"[0.5555555555555556, 0.6388888888888888, 0.6944444444444444, 0.6076388888888888, 0.6701388888888888, 0.5763888888888888, 0.6944444444444444, 0.6944444444444444, 0.6458333333333333, 0.6944444444444444, 0.7465277777777778, 0.7638888888888888, 0.7534722222222222, 0.7777777777777778, 0.7291666666666667, 0.71875, 0.7083333333333333, 0.59375, 0.6180555555555556, 0.6979166666666667, 0.7222222222222222, 0.6076388888888888, 0.6805555555555556, 0.6111111111111112, 0.6909722222222222]",0.8361940695608202,0.028012363126881844,"[0.7866666666666667, 0.8253252935576008, 0.8293333333333333, 0.8186666666666668, 0.8318447509936873, 0.7801169590643274, 0.8293333333333333, 0.8293333333333333, 0.8010582010582009, 0.8628571428571428, 0.8279245283018868, 0.8857142857142858, 0.8717823860297205, 0.8689939701682006, 0.8742857142857142, 0.8606330282931746, 0.8129870129870129, 0.8016115671360795, 0.8314491264131553, 0.8337826643572559, 0.8651593011305241, 0.8186666666666668, 0.8450592885375494, 0.8538872891814069, 0.8583792289535799]",0.6756944444444444,0.0610360966362741,"[0.5555555555555556, 0.6388888888888888, 0.6944444444444444, 0.6076388888888888, 0.670138888888889, 0.5763888888888888, 0.6944444444444444, 0.6944444444444444, 0.6458333333333334, 0.6944444444444444, 0.7465277777777778, 0.7638888888888888, 0.7534722222222222, 0.7777777777777778, 0.7291666666666667, 0.71875, 0.7083333333333333, 0.59375, 0.6180555555555556, 0.6979166666666667, 0.7222222222222222, 0.6076388888888888, 0.6805555555555556, 0.6111111111111112, 0.6909722222222221]","{'finalestimator__estimator_name': ['SVC'], 'subspacealignmentadapter__n_components': [1, 2, 5, 10, 20, 50, 100]}"
Simulated,target_shift,TCA,best_scorer,Subspace,0.483,0.08819515529022366,"[0.6125, 0.4625, 0.4125, 0.46875, 0.34375, 0.3125, 0.49375, 0.54375, 0.51875, 0.43125, 0.53125, 0.38125, 0.5375, 0.4625, 0.63125, 0.61875, 0.54375, 0.36875, 0.5375, 0.51875, 0.5375, 0.54375, 0.49375, 0.43125, 0.3375]",0.475,0.12204749979737446,"[0.3958333333333333, 0.5069444444444444, 0.4236111111111111, 0.3715277777777778, 0.3576388888888889, 0.3958333333333333, 0.5243055555555556, 0.5243055555555556, 0.3993055555555556, 0.40625, 0.7118055555555556, 0.6284722222222222, 0.4652777777777778, 0.3958333333333333, 0.6284722222222222, 0.5659722222222222, 0.71875, 0.3715277777777778, 0.4097222222222222, 0.3993055555555556, 0.6597222222222222, 0.5520833333333333, 0.4131944444444444, 0.2395833333333333, 0.4097222222222222]",0.5751519440685535,0.08304163994059964,"[0.6863755666905274, 0.558974358974359, 0.513906359189378, 0.5715977452512908, 0.4447391688770999, 0.4023891343478972, 0.5883175647881529, 0.6335619436743032, 0.6145181476846057, 0.5342311305981836, 0.6146179401993356, 0.4567636673566298, 0.6293381037567085, 0.5648809523809525, 0.7049845054887337, 0.694853294853295, 0.6263612366337077, 0.47148903424394, 0.6299241647878664, 0.6145181476846057, 0.6232727272727273, 0.6328806564614425, 0.5926483996352991, 0.5423580786026201, 0.4312965722801788]",0.475,0.12204749979737446,"[0.3958333333333333, 0.5069444444444444, 0.4236111111111111, 0.3715277777777778, 0.3576388888888889, 0.3958333333333333, 0.5243055555555556, 0.5243055555555556, 0.3993055555555556, 0.40625, 0.7118055555555556, 0.6284722222222222, 0.4652777777777778, 0.3958333333333333, 0.6284722222222222, 0.5659722222222222, 0.71875, 0.3715277777777778, 0.4097222222222222, 0.3993055555555556, 0.6597222222222222, 0.5520833333333334, 0.4131944444444444, 0.2395833333333333, 0.4097222222222222]","{'finalestimator__estimator_name': ['SVC'], 'transfercomponentanalysisadapter__kernel': ['rbf'], 'transfercomponentanalysisadapter__mu': [10, 100], 'transfercomponentanalysisadapter__n_components': [1, 2, 5, 10, 20, 50, 100]}"
Simulated,target_shift,TSL,best_scorer,Subspace,0.8504999999999999,0.04062179474534988,"[0.79375, 0.85625, 0.88125, 0.85625, 0.8375, 0.85, 0.90625, 0.825, 0.84375, 0.8375, 0.85, 0.85625, 0.8375, 0.81875, 0.75, 0.84375, 0.7875, 0.84375, 0.8625, 0.83125, 0.9125, 0.90625, 0.93125, 0.89375, 0.85]",0.8813888888888889,0.036865015736983836,"[0.8298611111111112, 0.8090277777777778, 0.90625, 0.8368055555555556, 0.8819444444444444, 0.8888888888888888, 0.9479166666666669, 0.875, 0.9131944444444444, 0.8819444444444444, 0.9166666666666669, 0.8923611111111112, 0.9097222222222222, 0.8993055555555556, 0.8333333333333333, 0.8576388888888888, 0.8541666666666667, 0.9131944444444444, 0.8402777777777778, 0.8784722222222222, 0.9236111111111112, 0.8923611111111112, 0.8784722222222222, 0.9409722222222222, 0.8333333333333333]",0.8745684273119078,0.030786062208421606,"[0.8312298246724475, 0.8752396539630581, 0.8981248587996082, 0.8766774606521576, 0.864935064935065, 0.8743525480367585, 0.9186345569324292, 0.8555409318241644, 0.8705890200787139, 0.864935064935065, 0.8753246753246753, 0.8790756836972651, 0.8658594366938667, 0.8516868156212419, 0.7988571428571428, 0.868560525757897, 0.82734375, 0.8705890200787139, 0.8813725490196077, 0.8602361416850111, 0.9225296442687746, 0.9163798169759044, 0.9352879381147932, 0.908848557873334, 0.8719999999999999]",0.8813888888888889,0.03686501573698383,"[0.8298611111111112, 0.8090277777777778, 0.90625, 0.8368055555555557, 0.8819444444444444, 0.8888888888888888, 0.9479166666666669, 0.875, 0.9131944444444444, 0.8819444444444444, 0.9166666666666669, 0.8923611111111112, 0.9097222222222222, 0.8993055555555556, 0.8333333333333334, 0.8576388888888888, 0.8541666666666667, 0.9131944444444444, 0.8402777777777778, 0.8784722222222222, 0.9236111111111112, 0.8923611111111112, 0.8784722222222222, 0.9409722222222222, 0.8333333333333333]","{'finalestimator__estimator_name': ['SVC'], 'transfersubspacelearningadapter__base_method': ['flda'], 'transfersubspacelearningadapter__length_scale': [2], 'transfersubspacelearningadapter__max_iter': [300], 'transfersubspacelearningadapter__mu': [0.1, 1, 10], 'transfersubspacelearningadapter__n_components': [1, 2, 5, 10, 20, 50, 100], 'transfersubspacelearningadapter__reg': [0.0001], 'transfersubspacelearningadapter__tol': [0.0001]}"
Simulated,concept_drift,Train Src,best_scorer,NO DA,0.66175,0.0238211653087473,"[0.6625, 0.65625, 0.7, 0.65, 0.66875, 0.6625, 0.7, 0.69375, 0.65625, 0.66875, 0.6125, 0.64375, 0.63125, 0.68125, 0.675, 0.69375, 0.65, 0.65625, 0.66875, 0.68125, 0.6625, 0.6125, 0.6375, 0.675, 0.64375]",0.66175,0.023821165308747297,"[0.6625, 0.65625, 0.7, 0.65, 0.66875, 0.6625000000000001, 0.7, 0.6937500000000001, 0.65625, 0.66875, 0.6125, 0.64375, 0.6312500000000001, 0.68125, 0.675, 0.69375, 0.65, 0.65625, 0.66875, 0.68125, 0.6625, 0.6125, 0.6375, 0.675, 0.64375]",0.624267149182694,0.0325497333707863,"[0.625974025974026, 0.6173746684638463, 0.6777982883034066, 0.6050079351084465, 0.6312883168833427, 0.6226415094339622, 0.6799999999999999, 0.6648283527852593, 0.6206733048838312, 0.6312883168833427, 0.5626873567272086, 0.6101064511991792, 0.5776475325488792, 0.6482607008922798, 0.6428571428571429, 0.6699086354258769, 0.6086652690426275, 0.6206733048838312, 0.6344670028880556, 0.6511478773887391, 0.625974025974026, 0.5538765965101637, 0.5909010756480338, 0.636617749825297, 0.5960132890365448]",0.66175,0.023821165308747314,"[0.6625000000000001, 0.65625, 0.7, 0.65, 0.6687500000000001, 0.6625, 0.7, 0.69375, 0.6562500000000001, 0.6687500000000001, 0.6124999999999999, 0.64375, 0.63125, 0.68125, 0.6749999999999999, 0.69375, 0.6499999999999999, 0.6562500000000001, 0.66875, 0.68125, 0.6625000000000001, 0.6125, 0.6375000000000001, 0.675, 0.64375]",{'finalestimator__estimator_name': ['SVC']}
Simulated,concept_drift,Train Tgt,best_scorer,NO DA,0.8170000000000001,0.026853188823676044,"[0.78125, 0.8, 0.83125, 0.8125, 0.81875, 0.81875, 0.8125, 0.8625, 0.825, 0.84375, 0.825, 0.775, 0.8125, 0.8875, 0.83125, 0.8125, 0.79375, 0.7875, 0.78125, 0.80625, 0.84375, 0.7875, 0.8, 0.83125, 0.84375]",0.8170000000000001,0.026853188823676037,"[0.78125, 0.8, 0.83125, 0.8125, 0.8187500000000001, 0.81875, 0.8125, 0.8625, 0.825, 0.84375, 0.825, 0.7749999999999999, 0.8125, 0.8875, 0.83125, 0.8125, 0.79375, 0.7875000000000001, 0.78125, 0.80625, 0.84375, 0.7875, 0.8, 0.83125, 0.84375]",0.8165039371484406,0.02705591986401915,"[0.7805556644069125, 0.7979797979797979, 0.8304486047333098, 0.8100965342617503, 0.8184024108645452, 0.8187429196452987, 0.8124706985466478, 0.8624140087554721, 0.8249726519768714, 0.8436950490406783, 0.8249726519768714, 0.7737272155876808, 0.81203007518797, 0.8874296435272045, 0.8304486047333098, 0.8114393463230674, 0.7937419430446502, 0.7862979258328096, 0.7812414547443259, 0.806060606060606, 0.8432540460049376, 0.7873671044402751, 0.7998749218261413, 0.8311906529639327, 0.843743896245947]",0.8170000000000001,0.026853188823676065,"[0.78125, 0.7999999999999999, 0.8312499999999998, 0.8125, 0.8187500000000001, 0.8187499999999999, 0.8125, 0.8625, 0.825, 0.84375, 0.825, 0.7749999999999999, 0.8125, 0.8875000000000001, 0.8312499999999998, 0.8125, 0.79375, 0.7875000000000001, 0.78125, 0.80625, 0.8437499999999999, 0.7874999999999999, 0.7999999999999999, 0.83125, 0.84375]",{'finalestimator__estimator_name': ['SVC']}
Simulated,covariate_shift,Train Src,best_scorer,NO DA,0.88075,0.025953183009668247,"[0.85, 0.85, 0.88125, 0.8375, 0.8875, 0.875, 0.91875, 0.91875, 0.925, 0.86875, 0.8875, 0.86875, 0.875, 0.93125, 0.9125, 0.86875, 0.875, 0.85625, 0.88125, 0.84375, 0.875, 0.9125, 0.88125, 0.8625, 0.875]",0.8848478147083457,0.02518293214344884,"[0.8566939032055312, 0.8576367064739158, 0.8876492771841609, 0.8441231929604023, 0.893463230672533, 0.8818353236957888, 0.9225329981143936, 0.9215901948460088, 0.9302325581395348, 0.8760213702074168, 0.891566265060241, 0.8711469253637929, 0.8790486621811924, 0.9327961195431076, 0.914723830386481, 0.8733333333333333, 0.8792156862745097, 0.8592156862745097, 0.8850980392156862, 0.8482352941176471, 0.8767016116413706, 0.9142544202785168, 0.8827257080269129, 0.8646534188702863, 0.8767016116413706]",0.8805193328319945,0.026072761919467925,"[0.8496247654784241, 0.849366296354248, 0.8810411863545777, 0.8370934959349594, 0.8873769338959212, 0.8746873045653534, 0.9188357234965416, 0.91886119257087, 0.925, 0.8683137829912024, 0.8865454116907605, 0.8684677419354838, 0.8739393463230674, 0.9312312004375172, 0.912363195747342, 0.8685499785080693, 0.8748827941865918, 0.856300539083558, 0.8811989726161178, 0.8435118791762729, 0.8749218627910611, 0.9124453039537428, 0.8812175280284386, 0.8622850218886804, 0.8749218627910611]",0.8848478147083457,0.02518293214344882,"[0.8566939032055312, 0.8576367064739158, 0.8876492771841609, 0.8441231929604023, 0.8934632306725331, 0.8818353236957888, 0.9225329981143936, 0.9215901948460088, 0.9302325581395348, 0.8760213702074169, 0.891566265060241, 0.8711469253637929, 0.8790486621811923, 0.9327961195431074, 0.914723830386481, 0.8733333333333334, 0.8792156862745099, 0.8592156862745098, 0.8850980392156862, 0.8482352941176471, 0.8767016116413706, 0.9142544202785168, 0.8827257080269129, 0.8646534188702863, 0.8767016116413706]",{'finalestimator__estimator_name': ['SVC']}
Simulated,covariate_shift,Train Tgt,best_scorer,NO DA,0.915,0.020885351724753545,"[0.9, 0.91875, 0.91875, 0.9, 0.90625, 0.9, 0.9375, 0.94375, 0.95, 0.88125, 0.95625, 0.925, 0.9125, 0.925, 0.9375, 0.90625, 0.89375, 0.88125, 0.9125, 0.8875, 0.91875, 0.94375, 0.9125, 0.9, 0.90625]",0.915359763322877,0.02066174349767348,"[0.9003771213073539, 0.91781898177247, 0.9197045883092394, 0.8994343180389692, 0.9071338780641108, 0.9003771213073539, 0.9380892520427404, 0.9439032055311124, 0.9497171590194846, 0.884820867379007, 0.9573619151932404, 0.9239555625097792, 0.9151932404944454, 0.9244249726177436, 0.9374119856047568, 0.9070588235294118, 0.8952941176470588, 0.8811764705882352, 0.9129411764705884, 0.8878431372549019, 0.9184008762322016, 0.9443749022062276, 0.9114379596307308, 0.8998591769676108, 0.9058832733531528]",0.9150111693514508,0.02086261365550337,"[0.900078431372549, 0.9187084660453776, 0.918835965359144, 0.9, 0.9063491907990128, 0.900078431372549, 0.9375490196078432, 0.9437742847050512, 0.95, 0.8813752881872533, 0.956258545255674, 0.9248823529411766, 0.9122535596933188, 0.9249530075187968, 0.9375, 0.9063270517787952, 0.8938538611925709, 0.8812918805595832, 0.9125548245614036, 0.8875704887218046, 0.9187277405972368, 0.9437697823453558, 0.9123627450980392, 0.9, 0.9062243160737348]",0.915359763322877,0.020661743497673503,"[0.9003771213073538, 0.91781898177247, 0.9197045883092396, 0.8994343180389692, 0.9071338780641108, 0.9003771213073538, 0.9380892520427404, 0.9439032055311124, 0.9497171590194848, 0.8848208673790069, 0.9573619151932404, 0.9239555625097792, 0.9151932404944452, 0.9244249726177436, 0.9374119856047566, 0.9070588235294118, 0.8952941176470589, 0.8811764705882352, 0.912941176470588, 0.8878431372549018, 0.9184008762322016, 0.9443749022062274, 0.9114379596307306, 0.8998591769676106, 0.9058832733531528]",{'finalestimator__estimator_name': ['SVC']}
Simulated,subspace,Train Src,best_scorer,NO DA,0.18966666666666665,0.03270059179439576,"[0.1666666666666666, 0.1583333333333333, 0.2125, 0.15, 0.1791666666666666, 0.2083333333333333, 0.1583333333333333, 0.2375, 0.2416666666666666, 0.2333333333333333, 0.1833333333333333, 0.1416666666666666, 0.1416666666666666, 0.15, 0.175, 0.2, 0.2166666666666666, 0.1583333333333333, 0.2083333333333333, 0.1875, 0.1875, 0.2041666666666666, 0.2125, 0.2541666666666666, 0.175]",0.18966666666666665,0.03270059179439575,"[0.1666666666666666, 0.1583333333333333, 0.2125, 0.15, 0.1791666666666666, 0.2083333333333333, 0.1583333333333333, 0.2375, 0.2416666666666666, 0.2333333333333333, 0.1833333333333333, 0.1416666666666666, 0.1416666666666667, 0.15, 0.175, 0.2, 0.2166666666666666, 0.1583333333333333, 0.2083333333333333, 0.1875, 0.1875, 0.2041666666666667, 0.2125, 0.2541666666666666, 0.175]",0.16730773004612762,0.0261212594575898,"[0.1515837104072398, 0.1410955991779462, 0.1838056680161943, 0.1382709096029287, 0.165239499284945, 0.1807990801954584, 0.1389599317988065, 0.1984084977459801, 0.2127460168697282, 0.2013888888888889, 0.1575327745540511, 0.128042328042328, 0.126131221719457, 0.1382709096029287, 0.1560102301790281, 0.1721759126185685, 0.1919191919191919, 0.1467192340185863, 0.1833225875779067, 0.1677188739307499, 0.1654630075429305, 0.1777725960072465, 0.1838056680161943, 0.2217250312505661, 0.1537858821853408]",0.18966666666666665,0.03270059179439576,"[0.1666666666666666, 0.1583333333333333, 0.2125, 0.15, 0.1791666666666667, 0.2083333333333333, 0.1583333333333333, 0.2375, 0.2416666666666667, 0.2333333333333333, 0.1833333333333333, 0.1416666666666667, 0.1416666666666666, 0.15, 0.175, 0.2, 0.2166666666666666, 0.1583333333333333, 0.2083333333333333, 0.1875, 0.1875, 0.2041666666666667, 0.2125, 0.2541666666666666, 0.175]",{'finalestimator__estimator_name': ['SVC']}
Simulated,subspace,Train Tgt,best_scorer,NO DA,0.9846666666666667,0.008395600699837451,"[0.9916666666666668, 0.9833333333333332, 0.9833333333333332, 0.9875, 0.9875, 0.9958333333333332, 0.9791666666666666, 0.9833333333333332, 0.9666666666666668, 0.9791666666666666, 0.9791666666666666, 0.9958333333333332, 0.9958333333333332, 0.9625, 0.9958333333333332, 0.9916666666666668, 0.9833333333333332, 0.9916666666666668, 0.9791666666666666, 0.9791666666666666, 0.9875, 0.9875, 0.9791666666666666, 0.9875, 0.9833333333333332]",0.9846666666666667,0.008395600699837425,"[0.9916666666666668, 0.9833333333333334, 0.9833333333333334, 0.9875, 0.9875, 0.9958333333333332, 0.9791666666666669, 0.9833333333333334, 0.9666666666666668, 0.9791666666666669, 0.9791666666666666, 0.9958333333333332, 0.9958333333333332, 0.9625, 0.9958333333333332, 0.9916666666666668, 0.9833333333333334, 0.9916666666666668, 0.9791666666666669, 0.9791666666666669, 0.9875, 0.9875, 0.9791666666666666, 0.9875, 0.9833333333333334]",0.9846641600001927,0.008398578186465482,"[0.9916660879227724, 0.9833321758455448, 0.9833321758455448, 0.9874980465697764, 0.9874997829823436, 0.9958332609941144, 0.9791634109496276, 0.9833321758455448, 0.966645820304357, 0.9791634109496276, 0.9791663049705724, 0.9958332609941144, 0.9958332609941144, 0.9624941397093296, 0.9958332609941144, 0.9916666666666668, 0.9833287024173384, 0.9916666666666668, 0.9791634109496276, 0.9791576204950064, 0.9874980465697764, 0.9874980465697764, 0.9791663049705724, 0.9874997829823436, 0.9833321758455448]",0.9846666666666667,0.008395600699837405,"[0.9916666666666666, 0.9833333333333334, 0.9833333333333334, 0.9875, 0.9875, 0.9958333333333332, 0.9791666666666669, 0.9833333333333334, 0.9666666666666668, 0.9791666666666669, 0.9791666666666669, 0.9958333333333332, 0.9958333333333332, 0.9625, 0.9958333333333332, 0.9916666666666668, 0.9833333333333334, 0.9916666666666668, 0.9791666666666669, 0.9791666666666669, 0.9875, 0.9875, 0.9791666666666669, 0.9875, 0.9833333333333334]",{'finalestimator__estimator_name': ['SVC']}
Simulated,target_shift,Train Src,best_scorer,NO DA,0.8504999999999999,0.04062179474534988,"[0.79375, 0.85625, 0.88125, 0.85625, 0.8375, 0.85, 0.90625, 0.825, 0.84375, 0.8375, 0.85, 0.85625, 0.8375, 0.81875, 0.75, 0.84375, 0.7875, 0.84375, 0.8625, 0.83125, 0.9125, 0.90625, 0.93125, 0.89375, 0.85]",0.8813888888888889,0.036865015736983836,"[0.8298611111111112, 0.8090277777777778, 0.90625, 0.8368055555555556, 0.8819444444444444, 0.8888888888888888, 0.9479166666666669, 0.875, 0.9131944444444444, 0.8819444444444444, 0.9166666666666669, 0.8923611111111112, 0.9097222222222222, 0.8993055555555556, 0.8333333333333333, 0.8576388888888888, 0.8541666666666667, 0.9131944444444444, 0.8402777777777778, 0.8784722222222222, 0.9236111111111112, 0.8923611111111112, 0.8784722222222222, 0.9409722222222222, 0.8333333333333333]",0.8745684273119078,0.030786062208421606,"[0.8312298246724475, 0.8752396539630581, 0.8981248587996082, 0.8766774606521576, 0.864935064935065, 0.8743525480367585, 0.9186345569324292, 0.8555409318241644, 0.8705890200787139, 0.864935064935065, 0.8753246753246753, 0.8790756836972651, 0.8658594366938667, 0.8516868156212419, 0.7988571428571428, 0.868560525757897, 0.82734375, 0.8705890200787139, 0.8813725490196077, 0.8602361416850111, 0.9225296442687746, 0.9163798169759044, 0.9352879381147932, 0.908848557873334, 0.8719999999999999]",0.8813888888888889,0.03686501573698383,"[0.8298611111111112, 0.8090277777777778, 0.90625, 0.8368055555555557, 0.8819444444444444, 0.8888888888888888, 0.9479166666666669, 0.875, 0.9131944444444444, 0.8819444444444444, 0.9166666666666669, 0.8923611111111112, 0.9097222222222222, 0.8993055555555556, 0.8333333333333334, 0.8576388888888888, 0.8541666666666667, 0.9131944444444444, 0.8402777777777778, 0.8784722222222222, 0.9236111111111112, 0.8923611111111112, 0.8784722222222222, 0.9409722222222222, 0.8333333333333333]",{'finalestimator__estimator_name': ['SVC']}
Simulated,target_shift,Train Tgt,best_scorer,NO DA,0.9315000000000001,0.016583123951777006,"[0.91875, 0.91875, 0.925, 0.9375, 0.95625, 0.9375, 0.94375, 0.925, 0.93125, 0.90625, 0.9625, 0.9375, 0.94375, 0.9625, 0.94375, 0.93125, 0.9, 0.9125, 0.9375, 0.90625, 0.9375, 0.9375, 0.93125, 0.93125, 0.9125]",0.7319444444444444,0.08211885081049426,"[0.7326388888888888, 0.6493055555555556, 0.6805555555555556, 0.7430555555555556, 0.8368055555555556, 0.7152777777777778, 0.71875, 0.6805555555555556, 0.6840277777777778, 0.6423611111111112, 0.8680555555555556, 0.7152777777777778, 0.8298611111111112, 0.8958333333333333, 0.8298611111111112, 0.6840277777777778, 0.6111111111111112, 0.7013888888888888, 0.7152777777777778, 0.5868055555555556, 0.7152777777777778, 0.8263888888888888, 0.65625, 0.8229166666666667, 0.7569444444444444]",0.9235935322172351,0.02071882319439593,"[0.9149662282260932, 0.9040843214756258, 0.9135135135135136, 0.9309262166405023, 0.9542125844294348, 0.927927927927928, 0.933596837944664, 0.9135135135135136, 0.9188405797101448, 0.8942372881355933, 0.9613793103448276, 0.927927927927928, 0.9429400602745842, 0.9625, 0.9429400602745842, 0.9188405797101448, 0.8846846846846848, 0.9068493150684932, 0.927927927927928, 0.8834209268991879, 0.927927927927928, 0.9375, 0.914508679726071, 0.9321718931475028, 0.9125]",0.7319444444444444,0.08211885081049426,"[0.732638888888889, 0.6493055555555556, 0.6805555555555556, 0.7430555555555556, 0.8368055555555556, 0.7152777777777778, 0.71875, 0.6805555555555556, 0.6840277777777778, 0.6423611111111112, 0.8680555555555557, 0.7152777777777778, 0.8298611111111112, 0.8958333333333333, 0.8298611111111112, 0.6840277777777778, 0.611111111111111, 0.701388888888889, 0.7152777777777778, 0.5868055555555556, 0.7152777777777778, 0.8263888888888888, 0.65625, 0.8229166666666666, 0.7569444444444444]",{'finalestimator__estimator_name': ['SVC']}
